'4c4c6672-01e3-47ae-8695-42529db085da',9300,65510,0,'''*''',0,7000,0,'''*''',0,3000,0,'''*''',0,7000,0,'''*''',0,3000,0,'''*''',0,7000,0,'''*''',0,3000,0,'''*''',0,7000,0,'''*''',0,3000,0,'''*''',0,7730,0,'''*''',0,7500,0,'''*''',0,3500,0,'''*''',0,7500,0,'''*''',0,3500,0,'''*''',0,7500,0,'''*''',0,7500,0,'''*''',0,3500,0,'''*''',0,7500,0,'''*''',0,3500,0,'''*''',0,7500,0,'''*''',0,3270,0,'''*''',0,7000,0,'''*''',0,3000,0,'''*''',0,7000,0,'''*''',0,3000,0,'''*''',0,7000,0,'''*''',0,3000,0,'''*''',0,7000,0,'''*''',0
'52ab0c1e-1970-498b-af3f-c7674eb14ead',9300,65510,0,'''*''',0,7230,0,'''*''',0,7670,0,'''*''',0,3500,0,'''*''',0,7500,0,'''*''',0,3500,0,'''*''',0,7500,0,'''*''',0,3500,0,'''*''',0,7500,0,'''*''',0,7500,0,'''*''',0,3500,0,'''*''',0,7500,0,'''*''',0,3500,0,'''*''',0,7500,0,'''*''',0,7500,0,'''*''',0,3500,0,'''*''',0,7500,0,'''*''',0,9130,0,'''*''',0,4100,0,'''*''',0,8000,0,'''*''',0,3300,0,'''*''',0,7000,0,'''*''',0,3000,0,'''*''',0,7000,0,'''*''',0,3000,0,'''*''',0,6760,0,'''*''',0
'5bfad906-4d03-4221-a9f9-617d7cc82448',9300,65510,0,'''*''',0,7230,0,'''*''',0,7670,0,'''*''',0,3500,0,'''*''',0,7500,0,'''*''',0,3500,0,'''*''',0,7500,0,'''*''',0,3500,0,'''*''',0,7500,0,'''*''',0,7500,0,'''*''',0,3500,0,'''*''',0,7500,0,'''*''',0,3500,0,'''*''',0,7500,0,'''*''',0,7500,0,'''*''',0,3500,0,'''*''',0,7500,0,'''*''',0,9130,0,'''*''',0,4100,0,'''*''',0,8000,0,'''*''',0,3300,0,'''*''',0,7000,0,'''*''',0,3000,0,'''*''',0,7000,0,'''*''',0,3000,0,'''*''',0,6760,0,'''*''',0
'73447c3d-3cd0-4df3-bc68-de76e8feaf90',9300,95510,0,'''*''',0,7000,0,'''*''',0,3000,0,'''*''',0,7000,0,'''*''',0,3000,0,'''*''',0,7000,0,'''*''',0,3000,0,'''*''',0,7000,0,'''*''',0,3000,0,'''*''',0,7000,0,'''*''',0,3000,0,'''*''',0,7000,0,'''*''',0,3000,0,'''*''',0,7000,0,'''*''',0,3000,0,'''*''',0,7000,0,'''*''',0,3000,0,'''*''',0
'96a34ea5-30bb-4939-80c0-4dd42b887c5a',9300,65510,0,'''*''',0,7230,0,'''*''',0,7670,0,'''*''',0,3500,0,'''*''',0,7500,0,'''*''',0,3500,0,'''*''',0,7500,0,'''*''',0,3500,0,'''*''',0,7500,0,'''*''',0,7500,0,'''*''',0,3500,0,'''*''',0,7500,0,'''*''',0,3500,0,'''*''',0,7500,0,'''*''',0,7500,0,'''*''',0,3500,0,'''*''',0,7500,0,'''*''',0,9130,0,'''*''',0,4100,0,'''*''',0,8000,0,'''*''',0,3300,0,'''*''',0,7000,0,'''*''',0,3000,0,'''*''',0,7000,0,'''*''',0,3000,0,'''*''',0,6760,0,'''*''',0
'9771fcf0-7779-4265-9e53-ce3321edc3cd',9300,65510,0,'''*''',0,7230,0,'''*''',0,7670,0,'''*''',0,3500,0,'''*''',0,7500,0,'''*''',0,3500,0,'''*''',0,7500,0,'''*''',0,3500,0,'''*''',0,7500,0,'''*''',0,7500,0,'''*''',0,3500,0,'''*''',0,7500,0,'''*''',0,3500,0,'''*''',0,7500,0,'''*''',0,7500,0,'''*''',0,3500,0,'''*''',0,7500,0,'''*''',0,9130,0,'''*''',0,4100,0,'''*''',0,8000,0,'''*''',0,3300,0,'''*''',0,7000,0,'''*''',0,3000,0,'''*''',0,7000,0,'''*''',0,3000,0,'''*''',0,6760,0,'''*''',0
'c5f55b6e-d934-498b-96e2-8c84d0f2c26a',9300,65510,0,'''*''',0,7230,0,'''*''',0,7670,0,'''*''',0,3500,0,'''*''',0,7500,0,'''*''',0,3500,0,'''*''',0,7500,0,'''*''',0,3500,0,'''*''',0,7500,0,'''*''',0,7500,0,'''*''',0,3500,0,'''*''',0,7500,0,'''*''',0,3500,0,'''*''',0,7500,0,'''*''',0,7500,0,'''*''',0,3500,0,'''*''',0,7500,0,'''*''',0,9130,0,'''*''',0,4100,0,'''*''',0,8000,0,'''*''',0,3300,0,'''*''',0,7000,0,'''*''',0,3000,0,'''*''',0,7000,0,'''*''',0,3000,0,'''*''',0,6760,0,'''*''',0
'4c4c6672-01e3-47ae-8695-42529db085da',9500,65700,0,'''*''',0,7000,0,'''*''',0,3000,0,'''*''',0,7000,0,'''*''',0,3000,0,'''*''',0,7000,0,'''*''',0,3000,0,'''*''',0,7000,0,'''*''',0,3000,0,'''*''',0,7910,0,'''*''',0,7500,0,'''*''',0,3500,0,'''*''',0,7500,0,'''*''',0,3500,0,'''*''',0,7500,0,'''*''',0,7500,0,'''*''',0,3500,0,'''*''',0,7500,0,'''*''',0,3500,0,'''*''',0,7500,0,'''*''',0,3090,0,'''*''',0,7000,0,'''*''',0,3000,0,'''*''',0,7000,0,'''*''',0,3000,0,'''*''',0,7000,0,'''*''',0,3000,0,'''*''',0,7000,0,'''*''',0
'52ab0c1e-1970-498b-af3f-c7674eb14ead',9500,65700,0,'''*''',0,7410,0,'''*''',0,7500,0,'''*''',0,3500,0,'''*''',0,7500,0,'''*''',0,3500,0,'''*''',0,7500,0,'''*''',0,7500,0,'''*''',0,3500,0,'''*''',0,7500,0,'''*''',0,3500,0,'''*''',0,7500,0,'''*''',0,3500,0,'''*''',0,7500,0,'''*''',0,7500,0,'''*''',0,3500,0,'''*''',0,7500,0,'''*''',0,9230,0,'''*''',0,4190,0,'''*''',0,8000,0,'''*''',0,7170,0,'''*''',0,3000,0,'''*''',0,7000,0,'''*''',0,3000,0,'''*''',0,7000,0,'''*''',0,2540,0,'''*''',0
'5bfad906-4d03-4221-a9f9-617d7cc82448',9500,65700,0,'''*''',0,7410,0,'''*''',0,7500,0,'''*''',0,3500,0,'''*''',0,7500,0,'''*''',0,3500,0,'''*''',0,7500,0,'''*''',0,7500,0,'''*''',0,3500,0,'''*''',0,7500,0,'''*''',0,3500,0,'''*''',0,7500,0,'''*''',0,3500,0,'''*''',0,7500,0,'''*''',0,7500,0,'''*''',0,3500,0,'''*''',0,7500,0,'''*''',0,9230,0,'''*''',0,4190,0,'''*''',0,8000,0,'''*''',0,7170,0,'''*''',0,3000,0,'''*''',0,7000,0,'''*''',0,3000,0,'''*''',0,7000,0,'''*''',0,2540,0,'''*''',0
'73447c3d-3cd0-4df3-bc68-de76e8feaf90',9500,95700,0,'''*''',0,7000,0,'''*''',0,3000,0,'''*''',0,7000,0,'''*''',0,3000,0,'''*''',0,7000,0,'''*''',0,3000,0,'''*''',0,7000,0,'''*''',0,3000,0,'''*''',0,7000,0,'''*''',0,3000,0,'''*''',0,7000,0,'''*''',0,3000,0,'''*''',0,7000,0,'''*''',0,3000,0,'''*''',0,7000,0,'''*''',0,3000,0,'''*''',0
'96a34ea5-30bb-4939-80c0-4dd42b887c5a',9500,65700,0,'''*''',0,7410,0,'''*''',0,7500,0,'''*''',0,3500,0,'''*''',0,7500,0,'''*''',0,3500,0,'''*''',0,7500,0,'''*''',0,7500,0,'''*''',0,3500,0,'''*''',0,7500,0,'''*''',0,3500,0,'''*''',0,7500,0,'''*''',0,3500,0,'''*''',0,7500,0,'''*''',0,7500,0,'''*''',0,3500,0,'''*''',0,7500,0,'''*''',0,9230,0,'''*''',0,4190,0,'''*''',0,8000,0,'''*''',0,7170,0,'''*''',0,3000,0,'''*''',0,7000,0,'''*''',0,3000,0,'''*''',0,7000,0,'''*''',0,2540,0,'''*''',0
'9771fcf0-7779-4265-9e53-ce3321edc3cd',9500,65700,0,'''*''',0,7410,0,'''*''',0,7500,0,'''*''',0,3500,0,'''*''',0,7500,0,'''*''',0,3500,0,'''*''',0,7500,0,'''*''',0,7500,0,'''*''',0,3500,0,'''*''',0,7500,0,'''*''',0,3500,0,'''*''',0,7500,0,'''*''',0,3500,0,'''*''',0,7500,0,'''*''',0,7500,0,'''*''',0,3500,0,'''*''',0,7500,0,'''*''',0,9230,0,'''*''',0,4190,0,'''*''',0,8000,0,'''*''',0,7170,0,'''*''',0,3000,0,'''*''',0,7000,0,'''*''',0,3000,0,'''*''',0,7000,0,'''*''',0,2540,0,'''*''',0
'c5f55b6e-d934-498b-96e2-8c84d0f2c26a',9500,65700,0,'''*''',0,7410,0,'''*''',0,7500,0,'''*''',0,3500,0,'''*''',0,7500,0,'''*''',0,3500,0,'''*''',0,7500,0,'''*''',0,7500,0,'''*''',0,3500,0,'''*''',0,7500,0,'''*''',0,3500,0,'''*''',0,7500,0,'''*''',0,3500,0,'''*''',0,7500,0,'''*''',0,7500,0,'''*''',0,3500,0,'''*''',0,7500,0,'''*''',0,9230,0,'''*''',0,4190,0,'''*''',0,8000,0,'''*''',0,7170,0,'''*''',0,3000,0,'''*''',0,7000,0,'''*''',0,3000,0,'''*''',0,7000,0,'''*''',0,2540,0,'''*''',0
