'4c4c6672-01e3-47ae-8695-42529db085da',8100,63750,0,'''*''',0,10000,0,'''*''',0,10000,0,'''*''',0,20000,0,'''*''',0,10000,0,'''*''',0,10000,0,'''*''',0,20000,0,'''*''',0,10000,0,'''*''',0,10000,0,'''*''',0,10000,0,'''*''',0,10000,0,'''*''',0,10000,0,'''*''',0,10000,0,'''*''',0,10570,0,'''*''',0
'52ab0c1e-1970-498b-af3f-c7674eb14ead',8100,214320,0,'''*''',0
'5bfad906-4d03-4221-a9f9-617d7cc82448',8100,214320,0,'''*''',0
'73447c3d-3cd0-4df3-bc68-de76e8feaf90',8100,103750,0,'''*''',0,10000,0,'''*''',0,20000,0,'''*''',0,10000,0,'''*''',0,10000,0,'''*''',0,10000,0,'''*''',0,10000,0,'''*''',0
'96a34ea5-30bb-4939-80c0-4dd42b887c5a',8100,214320,0,'''*''',0
'9771fcf0-7779-4265-9e53-ce3321edc3cd',8100,214320,0,'''*''',0
'c5f55b6e-d934-498b-96e2-8c84d0f2c26a',8100,214320,0,'''*''',0
'4c4c6672-01e3-47ae-8695-42529db085da',8200,93750,0,'''*''',0,6790,0,'''*''',0,33210,0,'''*''',0,6790,0,'''*''',0
'73447c3d-3cd0-4df3-bc68-de76e8feaf90',8200,123750,0,'''*''',0,6790,0,'''*''',0
'52ab0c1e-1970-498b-af3f-c7674eb14ead',8600,55210,0,'''*''',0,7500,0,'''*''',0,7500,0,'''*''',0,3500,0,'''*''',0,8000,0,'''*''',0,4000,0,'''*''',0,8000,0,'''*''',0,7500,0,'''*''',0,3500,0,'''*''',0,7500,0,'''*''',0,3500,0,'''*''',0,7500,0,'''*''',0,7500,0,'''*''',0,3500,0,'''*''',0,7500,0,'''*''',0,3500,0,'''*''',0,7500,0,'''*''',0,7500,0,'''*''',0,3500,0,'''*''',0,8000,0,'''*''',0,4000,0,'''*''',0,8000,0,'''*''',0,7500,0,'''*''',0,3500,0,'''*''',0,7500,0,'''*''',0,3500,0,'''*''',0
'5bfad906-4d03-4221-a9f9-617d7cc82448',8600,55210,0,'''*''',0,7500,0,'''*''',0,7500,0,'''*''',0,3500,0,'''*''',0,8000,0,'''*''',0,4000,0,'''*''',0,8000,0,'''*''',0,7500,0,'''*''',0,3500,0,'''*''',0,7500,0,'''*''',0,3500,0,'''*''',0,7500,0,'''*''',0,7500,0,'''*''',0,3500,0,'''*''',0,7500,0,'''*''',0,3500,0,'''*''',0,7500,0,'''*''',0,7500,0,'''*''',0,3500,0,'''*''',0,8000,0,'''*''',0,4000,0,'''*''',0,8000,0,'''*''',0,7500,0,'''*''',0,3500,0,'''*''',0,7500,0,'''*''',0,3500,0,'''*''',0
'96a34ea5-30bb-4939-80c0-4dd42b887c5a',8600,55210,0,'''*''',0,7500,0,'''*''',0,7500,0,'''*''',0,3500,0,'''*''',0,8000,0,'''*''',0,4000,0,'''*''',0,8000,0,'''*''',0,7500,0,'''*''',0,3500,0,'''*''',0,7500,0,'''*''',0,3500,0,'''*''',0,7500,0,'''*''',0,7500,0,'''*''',0,3500,0,'''*''',0,7500,0,'''*''',0,3500,0,'''*''',0,7500,0,'''*''',0,7500,0,'''*''',0,3500,0,'''*''',0,8000,0,'''*''',0,4000,0,'''*''',0,8000,0,'''*''',0,7500,0,'''*''',0,3500,0,'''*''',0,7500,0,'''*''',0,3500,0,'''*''',0
'9771fcf0-7779-4265-9e53-ce3321edc3cd',8600,55210,0,'''*''',0,7500,0,'''*''',0,7500,0,'''*''',0,3500,0,'''*''',0,8000,0,'''*''',0,4000,0,'''*''',0,8000,0,'''*''',0,7500,0,'''*''',0,3500,0,'''*''',0,7500,0,'''*''',0,3500,0,'''*''',0,7500,0,'''*''',0,7500,0,'''*''',0,3500,0,'''*''',0,7500,0,'''*''',0,3500,0,'''*''',0,7500,0,'''*''',0,7500,0,'''*''',0,3500,0,'''*''',0,8000,0,'''*''',0,4000,0,'''*''',0,8000,0,'''*''',0,7500,0,'''*''',0,3500,0,'''*''',0,7500,0,'''*''',0,3500,0,'''*''',0
'c5f55b6e-d934-498b-96e2-8c84d0f2c26a',8600,55210,0,'''*''',0,7500,0,'''*''',0,7500,0,'''*''',0,3500,0,'''*''',0,8000,0,'''*''',0,4000,0,'''*''',0,8000,0,'''*''',0,7500,0,'''*''',0,3500,0,'''*''',0,7500,0,'''*''',0,3500,0,'''*''',0,7500,0,'''*''',0,7500,0,'''*''',0,3500,0,'''*''',0,7500,0,'''*''',0,3500,0,'''*''',0,7500,0,'''*''',0,7500,0,'''*''',0,3500,0,'''*''',0,8000,0,'''*''',0,4000,0,'''*''',0,8000,0,'''*''',0,7500,0,'''*''',0,3500,0,'''*''',0,7500,0,'''*''',0,3500,0,'''*''',0
