'0c89d8a3-b686-4b89-88e2-a16745f9cd8b',8100,213240,0,'''*''',0
'27ddd195-ce3a-4796-b14a-9d9ff7d7515f',8100,63340,0,'''*''',0,10000,0,'''*''',0,10000,0,'''*''',0,20000,0,'''*''',0,10000,0,'''*''',0,10000,0,'''*''',0,20000,0,'''*''',0,10000,0,'''*''',0,10000,0,'''*''',0,10000,0,'''*''',0,10000,0,'''*''',0,10000,0,'''*''',0,10000,0,'''*''',0,9900,0,'''*''',0
'343bd65e-3a79-4a1c-88eb-44b7bd425825',8100,213240,0,'''*''',0
'362664cb-9ab7-44d0-b9ba-84cbc76ba4b0',8100,213240,0,'''*''',0
'68ae187a-f669-49eb-bc45-92d5521f36f3',8100,101740,0,'''*''',0,10000,0,'''*''',0,10000,0,'''*''',0,10000,0,'''*''',0,10000,0,'''*''',0,10000,0,'''*''',0,10000,0,'''*''',0,10000,0,'''*''',0,10000,0,'''*''',0
'84ea0c41-d1a1-4bbd-8fa1-d900cd29dbd2',8100,213240,0,'''*''',0
'ab779507-bc42-4003-a019-77590361c082',8100,103340,0,'''*''',0,10000,0,'''*''',0,20000,0,'''*''',0,10000,0,'''*''',0,10000,0,'''*''',0,10000,0,'''*''',0,10000,0,'''*''',0
'ec404e04-e1ba-4391-ab47-30a590ea2521',8100,213240,0,'''*''',0
'27ddd195-ce3a-4796-b14a-9d9ff7d7515f',8200,93340,0,'''*''',0,40000,0,'''*''',0
'ab779507-bc42-4003-a019-77590361c082',8200,123340,0,'''*''',0
'0c89d8a3-b686-4b89-88e2-a16745f9cd8b',8600,54830,0,'''*''',0,7500,0,'''*''',0,3500,0,'''*''',0,7500,0,'''*''',0,8000,0,'''*''',0,4000,0,'''*''',0,8000,0,'''*''',0,7500,0,'''*''',0,3500,0,'''*''',0,7500,0,'''*''',0,3500,0,'''*''',0,7500,0,'''*''',0,7500,0,'''*''',0,3500,0,'''*''',0,7500,0,'''*''',0,3500,0,'''*''',0,7500,0,'''*''',0,3500,0,'''*''',0,7500,0,'''*''',0,8000,0,'''*''',0,4000,0,'''*''',0,8000,0,'''*''',0,7500,0,'''*''',0,3500,0,'''*''',0,7500,0,'''*''',0,3500,0,'''*''',0
'343bd65e-3a79-4a1c-88eb-44b7bd425825',8600,54830,0,'''*''',0,7500,0,'''*''',0,3500,0,'''*''',0,7500,0,'''*''',0,8000,0,'''*''',0,4000,0,'''*''',0,8000,0,'''*''',0,7500,0,'''*''',0,3500,0,'''*''',0,7500,0,'''*''',0,3500,0,'''*''',0,7500,0,'''*''',0,7500,0,'''*''',0,3500,0,'''*''',0,7500,0,'''*''',0,3500,0,'''*''',0,7500,0,'''*''',0,3500,0,'''*''',0,7500,0,'''*''',0,8000,0,'''*''',0,4000,0,'''*''',0,8000,0,'''*''',0,7500,0,'''*''',0,3500,0,'''*''',0,7500,0,'''*''',0,3500,0,'''*''',0
'362664cb-9ab7-44d0-b9ba-84cbc76ba4b0',8600,54830,0,'''*''',0,7500,0,'''*''',0,3500,0,'''*''',0,7500,0,'''*''',0,8000,0,'''*''',0,4000,0,'''*''',0,8000,0,'''*''',0,7500,0,'''*''',0,3500,0,'''*''',0,7500,0,'''*''',0,3500,0,'''*''',0,7500,0,'''*''',0,7500,0,'''*''',0,3500,0,'''*''',0,7500,0,'''*''',0,3500,0,'''*''',0,7500,0,'''*''',0,3500,0,'''*''',0,7500,0,'''*''',0,8000,0,'''*''',0,4000,0,'''*''',0,8000,0,'''*''',0,7500,0,'''*''',0,3500,0,'''*''',0,7500,0,'''*''',0,3500,0,'''*''',0
'84ea0c41-d1a1-4bbd-8fa1-d900cd29dbd2',8600,54830,0,'''*''',0,7500,0,'''*''',0,3500,0,'''*''',0,7500,0,'''*''',0,8000,0,'''*''',0,4000,0,'''*''',0,8000,0,'''*''',0,7500,0,'''*''',0,3500,0,'''*''',0,7500,0,'''*''',0,3500,0,'''*''',0,7500,0,'''*''',0,7500,0,'''*''',0,3500,0,'''*''',0,7500,0,'''*''',0,3500,0,'''*''',0,7500,0,'''*''',0,3500,0,'''*''',0,7500,0,'''*''',0,8000,0,'''*''',0,4000,0,'''*''',0,8000,0,'''*''',0,7500,0,'''*''',0,3500,0,'''*''',0,7500,0,'''*''',0,3500,0,'''*''',0
'ec404e04-e1ba-4391-ab47-30a590ea2521',8600,54830,0,'''*''',0,7500,0,'''*''',0,3500,0,'''*''',0,7500,0,'''*''',0,8000,0,'''*''',0,4000,0,'''*''',0,8000,0,'''*''',0,7500,0,'''*''',0,3500,0,'''*''',0,7500,0,'''*''',0,3500,0,'''*''',0,7500,0,'''*''',0,7500,0,'''*''',0,3500,0,'''*''',0,7500,0,'''*''',0,3500,0,'''*''',0,7500,0,'''*''',0,3500,0,'''*''',0,7500,0,'''*''',0,8000,0,'''*''',0,4000,0,'''*''',0,8000,0,'''*''',0,7500,0,'''*''',0,3500,0,'''*''',0,7500,0,'''*''',0,3500,0,'''*''',0
