'0c89d8a3-b686-4b89-88e2-a16745f9cd8b',9300,65740,0,'''*''',0,7390,0,'''*''',0,7580,0,'''*''',0,3500,0,'''*''',0,7500,0,'''*''',0,3500,0,'''*''',0,7500,0,'''*''',0,7500,0,'''*''',0,3500,0,'''*''',0,7500,0,'''*''',0,3500,0,'''*''',0,7500,0,'''*''',0,3500,0,'''*''',0,7500,0,'''*''',0,7500,0,'''*''',0,3500,0,'''*''',0,7500,0,'''*''',0,9220,0,'''*''',0,4170,0,'''*''',0,8000,0,'''*''',0,7130,0,'''*''',0,3000,0,'''*''',0,7000,0,'''*''',0,3000,0,'''*''',0,7000,0,'''*''',0,2610,0,'''*''',0
'27ddd195-ce3a-4796-b14a-9d9ff7d7515f',9300,65740,0,'''*''',0,7000,0,'''*''',0,3000,0,'''*''',0,7000,0,'''*''',0,3000,0,'''*''',0,7000,0,'''*''',0,3000,0,'''*''',0,7000,0,'''*''',0,3000,0,'''*''',0,7890,0,'''*''',0,7500,0,'''*''',0,3500,0,'''*''',0,7500,0,'''*''',0,3500,0,'''*''',0,7500,0,'''*''',0,7500,0,'''*''',0,3500,0,'''*''',0,7500,0,'''*''',0,3500,0,'''*''',0,7500,0,'''*''',0,3110,0,'''*''',0,7000,0,'''*''',0,3000,0,'''*''',0,7000,0,'''*''',0,3000,0,'''*''',0,7000,0,'''*''',0,3000,0,'''*''',0,7000,0,'''*''',0
'343bd65e-3a79-4a1c-88eb-44b7bd425825',9300,65740,0,'''*''',0,7390,0,'''*''',0,7580,0,'''*''',0,3500,0,'''*''',0,7500,0,'''*''',0,3500,0,'''*''',0,7500,0,'''*''',0,7500,0,'''*''',0,3500,0,'''*''',0,7500,0,'''*''',0,3500,0,'''*''',0,7500,0,'''*''',0,3500,0,'''*''',0,7500,0,'''*''',0,7500,0,'''*''',0,3500,0,'''*''',0,7500,0,'''*''',0,9220,0,'''*''',0,4170,0,'''*''',0,8000,0,'''*''',0,7130,0,'''*''',0,3000,0,'''*''',0,7000,0,'''*''',0,3000,0,'''*''',0,7000,0,'''*''',0,2610,0,'''*''',0
'362664cb-9ab7-44d0-b9ba-84cbc76ba4b0',9300,65740,0,'''*''',0,7390,0,'''*''',0,7580,0,'''*''',0,3500,0,'''*''',0,7500,0,'''*''',0,3500,0,'''*''',0,7500,0,'''*''',0,7500,0,'''*''',0,3500,0,'''*''',0,7500,0,'''*''',0,3500,0,'''*''',0,7500,0,'''*''',0,3500,0,'''*''',0,7500,0,'''*''',0,7500,0,'''*''',0,3500,0,'''*''',0,7500,0,'''*''',0,9220,0,'''*''',0,4170,0,'''*''',0,8000,0,'''*''',0,7130,0,'''*''',0,3000,0,'''*''',0,7000,0,'''*''',0,3000,0,'''*''',0,7000,0,'''*''',0,2610,0,'''*''',0
'84ea0c41-d1a1-4bbd-8fa1-d900cd29dbd2',9300,65740,0,'''*''',0,7390,0,'''*''',0,7580,0,'''*''',0,3500,0,'''*''',0,7500,0,'''*''',0,3500,0,'''*''',0,7500,0,'''*''',0,7500,0,'''*''',0,3500,0,'''*''',0,7500,0,'''*''',0,3500,0,'''*''',0,7500,0,'''*''',0,3500,0,'''*''',0,7500,0,'''*''',0,7500,0,'''*''',0,3500,0,'''*''',0,7500,0,'''*''',0,9220,0,'''*''',0,4170,0,'''*''',0,8000,0,'''*''',0,7130,0,'''*''',0,3000,0,'''*''',0,7000,0,'''*''',0,3000,0,'''*''',0,7000,0,'''*''',0,2610,0,'''*''',0
'ab779507-bc42-4003-a019-77590361c082',9300,95740,0,'''*''',0,7000,0,'''*''',0,3000,0,'''*''',0,7000,0,'''*''',0,3000,0,'''*''',0,7000,0,'''*''',0,3000,0,'''*''',0,7000,0,'''*''',0,3000,0,'''*''',0,7000,0,'''*''',0,3000,0,'''*''',0,7000,0,'''*''',0,3000,0,'''*''',0,7000,0,'''*''',0,3000,0,'''*''',0,7000,0,'''*''',0,3000,0,'''*''',0
'ec404e04-e1ba-4391-ab47-30a590ea2521',9300,65740,0,'''*''',0,7390,0,'''*''',0,7580,0,'''*''',0,3500,0,'''*''',0,7500,0,'''*''',0,3500,0,'''*''',0,7500,0,'''*''',0,7500,0,'''*''',0,3500,0,'''*''',0,7500,0,'''*''',0,3500,0,'''*''',0,7500,0,'''*''',0,3500,0,'''*''',0,7500,0,'''*''',0,7500,0,'''*''',0,3500,0,'''*''',0,7500,0,'''*''',0,9220,0,'''*''',0,4170,0,'''*''',0,8000,0,'''*''',0,7130,0,'''*''',0,3000,0,'''*''',0,7000,0,'''*''',0,3000,0,'''*''',0,7000,0,'''*''',0,2610,0,'''*''',0
'0c89d8a3-b686-4b89-88e2-a16745f9cd8b',9400,65720,0,'''*''',0,7480,0,'''*''',0,2000,0,'''*''',0,6000,0,'''*''',0,2000,0,'''*''',0,2000,0,'''*''',0,6000,0,'''*''',0,2000,0,'''*''',0,2000,0,'''*''',0,7500,0,'''*''',0,7500,0,'''*''',0,3500,0,'''*''',0,7500,0,'''*''',0,3500,0,'''*''',0,7500,0,'''*''',0,3500,0,'''*''',0,7500,0,'''*''',0,7500,0,'''*''',0,3500,0,'''*''',0,6000,0,'''*''',0,2000,0,'''*''',0,2000,0,'''*''',0,6000,0,'''*''',0,2000,0,'''*''',0,2000,0,'''*''',0,6000,0,'''*''',0,2000,0,'''*''',0,8050,0,'''*''',0,3000,0,'''*''',0,7000,0,'''*''',0,3000,0,'''*''',0,7000,0,'''*''',0,2560,0,'''*''',0
'27ddd195-ce3a-4796-b14a-9d9ff7d7515f',9400,65720,0,'''*''',0,7000,0,'''*''',0,3000,0,'''*''',0,7000,0,'''*''',0,3000,0,'''*''',0,7000,0,'''*''',0,3000,0,'''*''',0,7000,0,'''*''',0,3000,0,'''*''',0,7880,0,'''*''',0,7500,0,'''*''',0,3500,0,'''*''',0,7500,0,'''*''',0,3500,0,'''*''',0,7500,0,'''*''',0,7500,0,'''*''',0,3500,0,'''*''',0,7500,0,'''*''',0,3500,0,'''*''',0,7500,0,'''*''',0,3120,0,'''*''',0,7000,0,'''*''',0,3000,0,'''*''',0,7000,0,'''*''',0,3000,0,'''*''',0,7000,0,'''*''',0,3000,0,'''*''',0,6990,0,'''*''',0
'343bd65e-3a79-4a1c-88eb-44b7bd425825',9400,65720,0,'''*''',0,7480,0,'''*''',0,2000,0,'''*''',0,6000,0,'''*''',0,2000,0,'''*''',0,2000,0,'''*''',0,6000,0,'''*''',0,2000,0,'''*''',0,2000,0,'''*''',0,7500,0,'''*''',0,7500,0,'''*''',0,3500,0,'''*''',0,7500,0,'''*''',0,3500,0,'''*''',0,7500,0,'''*''',0,3500,0,'''*''',0,7500,0,'''*''',0,7500,0,'''*''',0,3500,0,'''*''',0,6000,0,'''*''',0,2000,0,'''*''',0,2000,0,'''*''',0,6000,0,'''*''',0,2000,0,'''*''',0,2000,0,'''*''',0,6000,0,'''*''',0,2000,0,'''*''',0,8050,0,'''*''',0,3000,0,'''*''',0,7000,0,'''*''',0,3000,0,'''*''',0,7000,0,'''*''',0,2560,0,'''*''',0
'362664cb-9ab7-44d0-b9ba-84cbc76ba4b0',9400,65720,0,'''*''',0,7480,0,'''*''',0,2000,0,'''*''',0,6000,0,'''*''',0,2000,0,'''*''',0,2000,0,'''*''',0,6000,0,'''*''',0,2000,0,'''*''',0,2000,0,'''*''',0,7500,0,'''*''',0,7500,0,'''*''',0,3500,0,'''*''',0,7500,0,'''*''',0,3500,0,'''*''',0,7500,0,'''*''',0,3500,0,'''*''',0,7500,0,'''*''',0,7500,0,'''*''',0,3500,0,'''*''',0,6000,0,'''*''',0,2000,0,'''*''',0,2000,0,'''*''',0,6000,0,'''*''',0,2000,0,'''*''',0,2000,0,'''*''',0,6000,0,'''*''',0,2000,0,'''*''',0,8050,0,'''*''',0,3000,0,'''*''',0,7000,0,'''*''',0,3000,0,'''*''',0,7000,0,'''*''',0,2560,0,'''*''',0
'84ea0c41-d1a1-4bbd-8fa1-d900cd29dbd2',9400,65720,0,'''*''',0,7480,0,'''*''',0,2000,0,'''*''',0,6000,0,'''*''',0,2000,0,'''*''',0,2000,0,'''*''',0,6000,0,'''*''',0,2000,0,'''*''',0,2000,0,'''*''',0,7500,0,'''*''',0,7500,0,'''*''',0,3500,0,'''*''',0,7500,0,'''*''',0,3500,0,'''*''',0,7500,0,'''*''',0,3500,0,'''*''',0,7500,0,'''*''',0,7500,0,'''*''',0,3500,0,'''*''',0,6000,0,'''*''',0,2000,0,'''*''',0,2000,0,'''*''',0,6000,0,'''*''',0,2000,0,'''*''',0,2000,0,'''*''',0,6000,0,'''*''',0,2000,0,'''*''',0,8050,0,'''*''',0,3000,0,'''*''',0,7000,0,'''*''',0,3000,0,'''*''',0,7000,0,'''*''',0,2560,0,'''*''',0
'ab779507-bc42-4003-a019-77590361c082',9400,95720,0,'''*''',0,7000,0,'''*''',0,3000,0,'''*''',0,7000,0,'''*''',0,3000,0,'''*''',0,7000,0,'''*''',0,3000,0,'''*''',0,7000,0,'''*''',0,3000,0,'''*''',0,7000,0,'''*''',0,3000,0,'''*''',0,7000,0,'''*''',0,3000,0,'''*''',0,7000,0,'''*''',0,3000,0,'''*''',0,7000,0,'''*''',0,2990,0,'''*''',0
'ec404e04-e1ba-4391-ab47-30a590ea2521',9400,65720,0,'''*''',0,7480,0,'''*''',0,2000,0,'''*''',0,6000,0,'''*''',0,2000,0,'''*''',0,2000,0,'''*''',0,6000,0,'''*''',0,2000,0,'''*''',0,2000,0,'''*''',0,7500,0,'''*''',0,7500,0,'''*''',0,3500,0,'''*''',0,7500,0,'''*''',0,3500,0,'''*''',0,7500,0,'''*''',0,3500,0,'''*''',0,7500,0,'''*''',0,7500,0,'''*''',0,3500,0,'''*''',0,6000,0,'''*''',0,2000,0,'''*''',0,2000,0,'''*''',0,6000,0,'''*''',0,2000,0,'''*''',0,2000,0,'''*''',0,6000,0,'''*''',0,2000,0,'''*''',0,8050,0,'''*''',0,3000,0,'''*''',0,7000,0,'''*''',0,3000,0,'''*''',0,7000,0,'''*''',0,2560,0,'''*''',0
'0c89d8a3-b686-4b89-88e2-a16745f9cd8b',9500,65830,0,'''*''',0,7480,0,'''*''',0,7500,0,'''*''',0,3500,0,'''*''',0,7500,0,'''*''',0,3500,0,'''*''',0,7500,0,'''*''',0,7500,0,'''*''',0,3500,0,'''*''',0,7500,0,'''*''',0,3500,0,'''*''',0,7500,0,'''*''',0,3500,0,'''*''',0,7500,0,'''*''',0,7500,0,'''*''',0,3500,0,'''*''',0,7500,0,'''*''',0,9240,0,'''*''',0,4190,0,'''*''',0,8000,0,'''*''',0,7090,0,'''*''',0,3000,0,'''*''',0,7000,0,'''*''',0,3000,0,'''*''',0,7000,0,'''*''',0,2520,0,'''*''',0
'27ddd195-ce3a-4796-b14a-9d9ff7d7515f',9500,65830,0,'''*''',0,7000,0,'''*''',0,3000,0,'''*''',0,7000,0,'''*''',0,3000,0,'''*''',0,7000,0,'''*''',0,3000,0,'''*''',0,7000,0,'''*''',0,3000,0,'''*''',0,7980,0,'''*''',0,7500,0,'''*''',0,3500,0,'''*''',0,7500,0,'''*''',0,3500,0,'''*''',0,7500,0,'''*''',0,7500,0,'''*''',0,3500,0,'''*''',0,7500,0,'''*''',0,3500,0,'''*''',0,7500,0,'''*''',0,3020,0,'''*''',0,7000,0,'''*''',0,3000,0,'''*''',0,7000,0,'''*''',0,3000,0,'''*''',0,7000,0,'''*''',0,3000,0,'''*''',0,7000,0,'''*''',0
'343bd65e-3a79-4a1c-88eb-44b7bd425825',9500,65830,0,'''*''',0,7480,0,'''*''',0,7500,0,'''*''',0,3500,0,'''*''',0,7500,0,'''*''',0,3500,0,'''*''',0,7500,0,'''*''',0,7500,0,'''*''',0,3500,0,'''*''',0,7500,0,'''*''',0,3500,0,'''*''',0,7500,0,'''*''',0,3500,0,'''*''',0,7500,0,'''*''',0,7500,0,'''*''',0,3500,0,'''*''',0,7500,0,'''*''',0,9240,0,'''*''',0,4190,0,'''*''',0,8000,0,'''*''',0,7090,0,'''*''',0,3000,0,'''*''',0,7000,0,'''*''',0,3000,0,'''*''',0,7000,0,'''*''',0,2520,0,'''*''',0
'362664cb-9ab7-44d0-b9ba-84cbc76ba4b0',9500,65830,0,'''*''',0,7480,0,'''*''',0,7500,0,'''*''',0,3500,0,'''*''',0,7500,0,'''*''',0,3500,0,'''*''',0,7500,0,'''*''',0,7500,0,'''*''',0,3500,0,'''*''',0,7500,0,'''*''',0,3500,0,'''*''',0,7500,0,'''*''',0,3500,0,'''*''',0,7500,0,'''*''',0,7500,0,'''*''',0,3500,0,'''*''',0,7500,0,'''*''',0,9240,0,'''*''',0,4190,0,'''*''',0,8000,0,'''*''',0,7090,0,'''*''',0,3000,0,'''*''',0,7000,0,'''*''',0,3000,0,'''*''',0,7000,0,'''*''',0,2520,0,'''*''',0
'84ea0c41-d1a1-4bbd-8fa1-d900cd29dbd2',9500,65830,0,'''*''',0,7480,0,'''*''',0,7500,0,'''*''',0,3500,0,'''*''',0,7500,0,'''*''',0,3500,0,'''*''',0,7500,0,'''*''',0,7500,0,'''*''',0,3500,0,'''*''',0,7500,0,'''*''',0,3500,0,'''*''',0,7500,0,'''*''',0,3500,0,'''*''',0,7500,0,'''*''',0,7500,0,'''*''',0,3500,0,'''*''',0,7500,0,'''*''',0,9240,0,'''*''',0,4190,0,'''*''',0,8000,0,'''*''',0,7090,0,'''*''',0,3000,0,'''*''',0,7000,0,'''*''',0,3000,0,'''*''',0,7000,0,'''*''',0,2520,0,'''*''',0
'ab779507-bc42-4003-a019-77590361c082',9500,95830,0,'''*''',0,7000,0,'''*''',0,3000,0,'''*''',0,7000,0,'''*''',0,3000,0,'''*''',0,7000,0,'''*''',0,3000,0,'''*''',0,7000,0,'''*''',0,3000,0,'''*''',0,7000,0,'''*''',0,3000,0,'''*''',0,7000,0,'''*''',0,3000,0,'''*''',0,7000,0,'''*''',0,3000,0,'''*''',0,7000,0,'''*''',0,3000,0,'''*''',0
'ec404e04-e1ba-4391-ab47-30a590ea2521',9500,65830,0,'''*''',0,7480,0,'''*''',0,7500,0,'''*''',0,3500,0,'''*''',0,7500,0,'''*''',0,3500,0,'''*''',0,7500,0,'''*''',0,7500,0,'''*''',0,3500,0,'''*''',0,7500,0,'''*''',0,3500,0,'''*''',0,7500,0,'''*''',0,3500,0,'''*''',0,7500,0,'''*''',0,7500,0,'''*''',0,3500,0,'''*''',0,7500,0,'''*''',0,9240,0,'''*''',0,4190,0,'''*''',0,8000,0,'''*''',0,7090,0,'''*''',0,3000,0,'''*''',0,7000,0,'''*''',0,3000,0,'''*''',0,7000,0,'''*''',0,2520,0,'''*''',0
