'0c89d8a3-b686-4b89-88e2-a16745f9cd8b',8100,222120,0,'''*''',0
'27ddd195-ce3a-4796-b14a-9d9ff7d7515f',8100,64700,0,'''*''',0,7420,0,'''*''',0,2580,0,'''*''',0,7420,0,'''*''',0,2580,0,'''*''',0,7420,0,'''*''',0,12580,0,'''*''',0,7420,0,'''*''',0,2580,0,'''*''',0,7420,0,'''*''',0,2580,0,'''*''',0,7420,0,'''*''',0,12580,0,'''*''',0,7420,0,'''*''',0,2580,0,'''*''',0,7420,0,'''*''',0,2580,0,'''*''',0,7420,0,'''*''',0,2580,0,'''*''',0,7420,0,'''*''',0,2580,0,'''*''',0,7420,0,'''*''',0,2580,0,'''*''',0,7420,0,'''*''',0,2580,0,'''*''',0,7420,0,'''*''',0,10000,0,'''*''',0
'343bd65e-3a79-4a1c-88eb-44b7bd425825',8100,222120,0,'''*''',0
'362664cb-9ab7-44d0-b9ba-84cbc76ba4b0',8100,222120,0,'''*''',0
'68ae187a-f669-49eb-bc45-92d5521f36f3',8100,110620,0,'''*''',0,10000,0,'''*''',0,10000,0,'''*''',0,10000,0,'''*''',0,10000,0,'''*''',0,10000,0,'''*''',0,10000,0,'''*''',0,10000,0,'''*''',0,10000,0,'''*''',0
'84ea0c41-d1a1-4bbd-8fa1-d900cd29dbd2',8100,222120,0,'''*''',0
'ab779507-bc42-4003-a019-77590361c082',8100,104700,0,'''*''',0,7420,0,'''*''',0,2580,0,'''*''',0,7420,0,'''*''',0,12580,0,'''*''',0,7420,0,'''*''',0,2580,0,'''*''',0,7420,0,'''*''',0,2580,0,'''*''',0,7420,0,'''*''',0,2580,0,'''*''',0,7420,0,'''*''',0,2580,0,'''*''',0,6600,0,'''*''',0
'ec404e04-e1ba-4391-ab47-30a590ea2521',8100,222120,0,'''*''',0
'27ddd195-ce3a-4796-b14a-9d9ff7d7515f',8200,94640,0,'''*''',0,7480,0,'''*''',0,32520,0,'''*''',0,7480,0,'''*''',0
'ab779507-bc42-4003-a019-77590361c082',8200,124640,0,'''*''',0,7480,0,'''*''',0
'0c89d8a3-b686-4b89-88e2-a16745f9cd8b',8500,71250,0,'''*''',0,10000,0,'''*''',0,10000,0,'''*''',0,10000,0,'''*''',0,10000,0,'''*''',0,10000,0,'''*''',0,10000,0,'''*''',0,10000,0,'''*''',0,10000,0,'''*''',0,10000,0,'''*''',0,10000,0,'''*''',0,10000,0,'''*''',0,10000,0,'''*''',0,10000,0,'''*''',0,10000,0,'''*''',0
'343bd65e-3a79-4a1c-88eb-44b7bd425825',8500,71250,0,'''*''',0,10000,0,'''*''',0,10000,0,'''*''',0,10000,0,'''*''',0,10000,0,'''*''',0,10000,0,'''*''',0,10000,0,'''*''',0,10000,0,'''*''',0,10000,0,'''*''',0,10000,0,'''*''',0,10000,0,'''*''',0,10000,0,'''*''',0,10000,0,'''*''',0,10000,0,'''*''',0,10000,0,'''*''',0
'362664cb-9ab7-44d0-b9ba-84cbc76ba4b0',8500,71250,0,'''*''',0,10000,0,'''*''',0,10000,0,'''*''',0,10000,0,'''*''',0,10000,0,'''*''',0,10000,0,'''*''',0,10000,0,'''*''',0,10000,0,'''*''',0,10000,0,'''*''',0,10000,0,'''*''',0,10000,0,'''*''',0,10000,0,'''*''',0,10000,0,'''*''',0,10000,0,'''*''',0,10000,0,'''*''',0
'84ea0c41-d1a1-4bbd-8fa1-d900cd29dbd2',8500,71250,0,'''*''',0,10000,0,'''*''',0,10000,0,'''*''',0,10000,0,'''*''',0,10000,0,'''*''',0,10000,0,'''*''',0,10000,0,'''*''',0,10000,0,'''*''',0,10000,0,'''*''',0,10000,0,'''*''',0,10000,0,'''*''',0,10000,0,'''*''',0,10000,0,'''*''',0,10000,0,'''*''',0,10000,0,'''*''',0
'ec404e04-e1ba-4391-ab47-30a590ea2521',8500,71250,0,'''*''',0,10000,0,'''*''',0,10000,0,'''*''',0,10000,0,'''*''',0,10000,0,'''*''',0,10000,0,'''*''',0,10000,0,'''*''',0,10000,0,'''*''',0,10000,0,'''*''',0,10000,0,'''*''',0,10000,0,'''*''',0,10000,0,'''*''',0,10000,0,'''*''',0,10000,0,'''*''',0,10000,0,'''*''',0
