5000,6810200,1,0
5000,6810793,2,0
5000,6810201,3,0
5000,6810202,4,0
5000,6810203,5,0
5000,6810391,6,0
5000,6810785,7,0
5000,6810205,8,1
5100,6810234,1,0
5100,6810251,2,0
5100,6810710,3,0
5100,6810365,4,0
5100,6810366,5,0
5100,6811174,6,0
5100,6810795,7,0
5100,6810719,8,0
5100,6810720,9,0
5100,6810794,10,0
5100,6810405,11,0
5100,6810240,12,0
5100,6810241,13,0
5100,6810242,14,0
5100,6810243,15,0
5100,6810245,16,0
5100,6810246,17,0
5100,6810247,18,0
5100,6810901,19,0
5100,6810902,20,0
5100,6810904,21,0
5100,6810785,22,0
5100,6810213,23,0
5100,6810214,24,0
5100,6810215,25,0
5100,6810216,26,0
5100,6810217,27,0
5100,6810218,28,0
5100,6810219,29,0
5100,6810220,30,0
5100,6810221,31,0
5100,6810222,32,0
5100,6810223,33,0
5100,6810224,34,0
5100,6810225,35,0
5100,6810226,36,0
5100,6810227,37,0
5100,6810228,38,0
5100,6811175,39,0
5100,6811176,40,0
5100,6810232,41,0
5100,6811177,42,1
5200,6810234,1,0
5200,6810235,2,0
5200,6811164,3,0
5200,6810990,4,0
5200,6810709,5,0
5200,6810252,6,0
5200,6810253,7,0
5200,6810254,8,0
5200,6810255,9,0
5200,6810256,10,0
5200,6810257,11,0
5200,6810258,12,0
5200,6810200,13,0
5200,6810259,14,0
5200,6810260,15,0
5200,6810780,16,0
5200,6810263,17,0
5200,6810782,18,0
5200,6810264,19,0
5200,6810265,20,1
6000,6810234,1,0
6000,6810235,2,0
6000,6810267,3,0
6000,6810268,4,0
6000,6810761,5,0
6000,6810991,6,0
6000,6810269,7,0
6000,6810762,8,0
6000,6810270,9,0
6000,6810763,10,0
6000,6810271,11,0
6000,6810992,12,0
6000,6810273,13,0
6000,6810765,14,0
6000,6810766,15,0
6000,6810275,16,0
6000,6810993,17,0
6000,6810767,18,0
6000,6810276,19,0
6000,6810277,20,0
6000,6810467,21,0
6000,6810468,22,0
6000,6810469,23,0
6000,6810470,24,0
6000,6810471,25,0
6000,6810836,26,0
6000,6810472,27,0
6000,6810473,28,0
6000,6810474,29,0
6000,6810475,30,0
6000,6810477,31,0
6000,6810478,32,0
6000,6810479,33,0
6000,6810480,34,0
6000,6810481,35,0
6000,6810483,36,0
6000,6810484,37,0
6000,6810839,38,0
6000,6810485,39,0
6000,6810486,40,0
6000,6810923,41,0
6000,6810922,42,0
6000,6810487,43,0
6000,6810488,44,0
6000,6810489,45,0
6000,6810802,46,0
6000,6810803,47,0
6000,6810805,48,0
6000,6810458,49,0
6000,6810459,50,0
6000,6810894,51,0
6000,6811117,52,0
6000,6810278,53,0
6000,6810768,54,0
6000,6810769,55,0
6000,6810280,56,0
6000,6810770,57,0
6000,6810771,58,0
6000,6810283,59,0
6000,6810994,60,0
6000,6810772,61,0
6000,6810284,62,0
6000,6810995,63,0
6000,6810285,64,0
6000,6810286,65,0
6000,6810773,66,0
6000,6810288,67,0
6000,6811118,68,0
6000,6810289,69,0
6000,6810290,70,0
6000,6810774,71,0
6000,6810990,72,0
6000,6810709,73,1
6200,6810785,1,0
6200,6810205,2,0
6200,6810925,3,0
6200,6810317,4,0
6200,6810924,5,0
6200,6810318,6,0
6200,6810915,7,0
6200,6810916,8,0
6200,6810917,9,0
6200,6810320,10,0
6200,6810321,11,0
6200,6811008,12,0
6200,6810322,13,0
6200,6810323,14,0
6200,6810913,15,0
6200,6811141,16,0
6200,6811114,17,0
6200,6811115,18,0
6200,6811116,19,0
6200,6811142,20,0
6200,6811162,21,0
6200,6810325,22,0
6200,6810326,23,0
6200,6811073,24,0
6200,6811112,25,0
6200,6810807,26,0
6200,6810329,27,0
6200,6810330,28,0
6200,6810331,29,0
6200,6810332,30,0
6200,6810333,31,0
6200,6810334,32,0
6200,6810336,33,0
6200,6810337,34,0
6200,6810338,35,0
6200,6810339,36,0
6200,6810909,37,0
6200,6810808,38,0
6200,6811075,39,0
6200,6810390,40,0
6200,6810391,41,1
6300,6810200,1,0
6300,6810793,2,0
6300,6810340,3,0
6300,6810341,4,0
6300,6810342,5,0
6300,6810343,6,0
6300,6810344,7,0
6300,6810692,8,0
6300,6810693,9,0
6300,6810345,10,0
6300,6810346,11,0
6300,6810347,12,0
6300,6810348,13,0
6300,6810349,14,0
6300,6810350,15,0
6300,6810351,16,0
6300,6810695,17,0
6300,6810352,18,0
6300,6810697,19,0
6300,6810698,20,0
6300,6810699,21,0
6300,6810700,22,0
6300,6811074,23,0
6300,6810708,24,0
6300,6810702,25,0
6300,6810354,26,0
6300,6810355,27,0
6300,6810696,28,0
6300,6810694,29,0
6300,6810356,30,0
6300,6810357,31,0
6300,6810358,32,0
6300,6810703,33,0
6300,6810704,34,0
6300,6810705,35,0
6300,6810706,36,0
6300,6810707,37,0
6300,6810359,38,0
6300,6810360,39,0
6300,6810792,40,1
6400,6810234,1,0
6400,6810235,2,0
6400,6811164,3,0
6400,6810362,4,0
6400,6810363,5,0
6400,6810364,6,0
6400,6810365,7,0
6400,6810366,8,0
6400,6810367,9,0
6400,6810368,10,0
6400,6810369,11,0
6400,6810370,12,0
6400,6810371,13,0
6400,6810372,14,0
6400,6811076,15,0
6400,6810373,16,0
6400,6810733,17,0
6400,6810734,18,0
6400,6810238,19,0
6400,6810239,20,0
6400,6810374,21,0
6400,6810375,22,0
6400,6810376,23,0
6400,6810377,24,0
6400,6811077,25,0
6400,6810741,26,0
6400,6810378,27,0
6400,6810743,28,0
6400,6810745,29,0
6400,6810746,30,0
6400,6810969,31,0
6400,6810380,32,0
6400,6810381,33,0
6400,6810382,34,0
6400,6810750,35,0
6400,6810383,36,0
6400,6810926,37,0
6400,6810927,38,0
6400,6810757,39,0
6400,6811078,40,0
6400,6810758,41,0
6400,6810388,42,0
6400,6810232,43,1
6500,6810785,1,0
6500,6810205,2,0
6500,6810987,3,0
6500,6810786,4,0
6500,6811075,5,0
6500,6810390,6,0
6500,6810391,7,0
6500,6810392,8,0
6500,6810393,9,0
6500,6810989,10,0
6500,6810394,11,0
6500,6810809,12,0
6500,6810395,13,0
6500,6810396,14,0
6500,6810398,15,0
6500,6810399,16,0
6500,6810400,17,0
6500,6810810,18,0
6500,6810401,19,0
6500,6810736,20,0
6500,6810735,21,0
6500,6810240,22,0
6500,6810241,23,0
6500,6810242,24,0
6500,6810406,25,0
6500,6810407,26,0
6500,6810408,27,0
6500,6810905,28,0
6500,6810409,29,0
6500,6810410,30,0
6500,6811083,31,0
6500,6810412,32,0
6500,6810901,33,0
6500,6810902,34,0
6500,6810903,35,0
6500,6810904,36,1
6600,6810413,1,0
6600,6810415,2,0
6600,6810881,3,0
6600,6810416,4,0
6600,6810417,5,0
6600,6810418,6,0
6600,6810882,7,0
6600,6810419,8,0
6600,6810420,9,0
6600,6810950,10,0
6600,6810951,11,0
6600,6810422,12,0
6600,6810970,13,0
6600,6810423,14,0
6600,6810952,15,0
6600,6810953,16,0
6600,6810821,17,0
6600,6810426,18,0
6600,6810954,19,0
6600,6810427,20,0
6600,6810883,21,0
6600,6811084,22,0
6600,6810428,23,0
6600,6810429,24,0
6600,6810430,25,0
6600,6810884,26,0
6600,6811092,27,0
6600,6811165,28,0
6600,6811085,29,0
6600,6810431,30,0
6600,6810421,31,0
6600,6810432,32,0
6600,6811071,33,0
6600,6810433,34,0
6600,6810885,35,0
6600,6811119,36,0
6600,6811022,37,0
6600,6811033,38,0
6600,6810886,39,0
6600,6810887,40,0
6600,6811086,41,0
6600,6810888,42,0
6600,6811087,43,0
6600,6810889,44,0
6600,6810898,45,0
6600,6810890,46,0
6600,6810891,47,0
6600,6811032,48,0
6600,6811120,49,0
6600,6810310,50,0
6600,6810311,51,0
6600,6810312,52,0
6600,6810313,53,0
6600,6810314,54,0
6600,6810914,55,0
6600,6810781,56,0
6600,6810435,57,0
6600,6810436,58,0
6600,6811088,59,0
6600,6810437,60,0
6600,6810892,61,0
6600,6810439,62,0
6600,6811078,63,0
6600,6810758,64,0
6600,6810388,65,0
6600,6810440,66,0
6600,6810441,67,1
6700,6810413,1,0
6700,6810442,2,0
6700,6810441,3,0
6700,6810235,4,0
6700,6810796,5,0
6700,6810798,6,0
6700,6810443,7,0
6700,6810444,8,0
6700,6810797,9,0
6700,6810445,10,0
6700,6810446,11,0
6700,6810799,12,0
6700,6810447,13,0
6700,6810448,14,0
6700,6810449,15,0
6700,6810450,16,0
6700,6810804,17,0
6700,6810800,18,0
6700,6810801,19,0
6700,6810893,20,0
6700,6810802,21,0
6700,6810803,22,0
6700,6810805,23,0
6700,6810806,24,0
6700,6810453,25,0
6700,6811089,26,0
6700,6811090,27,0
6700,6810946,28,0
6700,6810947,29,0
6700,6810948,30,0
6700,6811059,31,0
6700,6811091,32,0
6700,6810456,33,0
6700,6810457,34,0
6700,6810458,35,0
6700,6810459,36,0
6700,6810894,37,0
6700,6811117,38,0
6700,6810768,39,0
6700,6810769,40,0
6700,6810280,41,0
6700,6810770,42,0
6700,6810771,43,0
6700,6810461,44,0
6700,6811030,45,0
6700,6810463,46,0
6700,6810464,47,1
6800,6810413,1,0
6800,6810442,2,0
6800,6810441,3,0
6800,6810235,4,0
6800,6810267,5,0
6800,6810268,6,0
6800,6810466,7,0
6800,6810467,8,0
6800,6810468,9,0
6800,6810469,10,0
6800,6810470,11,0
6800,6810471,12,0
6800,6810836,13,0
6800,6810472,14,0
6800,6810473,15,0
6800,6810474,16,0
6800,6810475,17,0
6800,6810837,18,0
6800,6810477,19,0
6800,6810478,20,0
6800,6810479,21,0
6800,6810480,22,0
6800,6810481,23,0
6800,6810483,24,0
6800,6810484,25,0
6800,6810839,26,0
6800,6810485,27,0
6800,6810486,28,0
6800,6810923,29,0
6800,6810922,30,0
6800,6810487,31,0
6800,6810488,32,0
6800,6810489,33,0
6800,6810490,34,0
6800,6810491,35,0
6800,6810492,36,0
6800,6810493,37,0
6800,6810494,38,0
6800,6810495,39,0
6800,6810779,40,0
6800,6810778,41,0
6800,6810777,42,0
6800,6810775,43,0
6800,6810776,44,0
6800,6810789,45,0
6800,6810499,46,0
6800,6810606,47,0
6800,6810500,48,0
6800,6810463,49,0
6800,6810464,50,1
7000,6811029,1,0
7000,6811015,2,0
7000,6811104,3,0
7000,6811010,4,0
7000,6811011,5,0
7000,6811055,6,0
7000,6811054,7,0
7000,6811053,8,0
7000,6811052,9,0
7000,6810929,10,0
7000,6810513,11,0
7000,6811151,12,0
7000,6811152,13,0
7000,6811153,14,0
7000,6811154,15,0
7000,6810915,16,0
7000,6810916,17,0
7000,6810917,18,0
7000,6810320,19,0
7000,6811155,20,0
7000,6811156,21,0
7000,6811157,22,0
7000,6811158,23,0
7000,6811159,24,0
7000,6811093,25,0
7000,6811045,26,0
7000,6810919,27,0
7000,6810920,28,0
7000,6810520,29,0
7000,6810521,30,0
7000,6810522,31,0
7000,6810523,32,0
7000,6810808,33,0
7000,6811031,34,1
7100,6811029,1,0
7100,6810392,2,0
7100,6811108,3,0
7100,6811109,4,0
7100,6811110,5,0
7100,6811111,6,0
7100,6810528,7,0
7100,6810529,8,0
7100,6810910,9,0
7100,6810840,10,0
7100,6810841,11,0
7100,6810532,12,0
7100,6810533,13,0
7100,6810907,14,0
7100,6811143,15,0
7100,6811144,16,0
7100,6811145,17,0
7100,6811146,18,0
7100,6811147,19,0
7100,6811148,20,0
7100,6811149,21,0
7100,6811150,22,0
7100,6810535,23,0
7100,6810536,24,0
7100,6810537,25,0
7100,6810538,26,0
7100,6810908,27,0
7100,6810338,28,0
7100,6810339,29,0
7100,6810909,30,0
7100,6810808,31,0
7100,6811031,32,1
7200,6810200,1,0
7200,6810259,2,0
7200,6810260,3,0
7200,6811113,4,0
7200,6810752,5,0
7200,6810751,6,0
7200,6810749,7,0
7200,6810748,8,0
7200,6810747,9,0
7200,6810294,10,0
7200,6810295,11,0
7200,6811163,12,0
7200,6810744,13,0
7200,6810742,14,0
7200,6811080,15,0
7200,6811081,16,0
7200,6810738,17,0
7200,6810737,18,0
7200,6810401,19,0
7200,6810736,20,0
7200,6810378,21,0
7200,6810743,22,0
7200,6810745,23,1
7300,6810413,1,0
7300,6810442,2,0
7300,6810441,3,0
7300,6810235,4,0
7300,6810267,5,0
7300,6810268,6,0
7300,6810466,7,0
7300,6810467,8,0
7300,6810469,9,0
7300,6810449,10,0
7300,6810450,11,0
7300,6810495,12,0
7300,6810496,13,0
7300,6810497,14,0
7300,6810498,15,0
7300,6810499,16,0
7300,6810606,17,0
7300,6810500,18,0
7300,6810463,19,0
7300,6810464,20,1
8000,6810413,1,0
8000,6810442,2,0
8000,6810441,3,0
8000,6810235,4,0
8000,6810540,5,0
8000,6811043,6,0
8000,6811044,7,0
8000,6810542,8,0
8000,6810543,9,0
8000,6810544,10,0
8000,6810545,11,0
8000,6810546,12,0
8000,6810547,13,0
8000,6810548,14,0
8000,6810549,15,0
8000,6810550,16,0
8000,6810551,17,0
8000,6810552,18,0
8000,6810553,19,0
8000,6810554,20,0
8000,6810555,21,0
8000,6810556,22,0
8000,6810557,23,0
8000,6810558,24,0
8000,6810559,25,0
8000,6810561,26,0
8000,6810560,27,0
8000,6810562,28,0
8000,6810563,29,0
8000,6810564,30,0
8000,6810565,31,0
8000,6810541,32,0
8000,6810566,33,0
8000,6810463,34,0
8000,6810464,35,1
8100,6810413,1,0
8100,6810442,2,0
8100,6810441,3,0
8100,6810235,4,0
8100,6811172,5,0
8100,6811171,6,0
8100,6811103,7,0
8100,6810567,8,0
8100,6811105,9,0
8100,6811178,10,0
8100,6810568,11,0
8100,6810569,12,0
8100,6810570,13,0
8100,6810603,14,0
8100,6810571,15,0
8100,6810572,16,0
8100,6810573,17,0
8100,6810574,18,0
8100,6810576,19,0
8100,6810577,20,0
8100,6811023,21,0
8100,6811024,22,0
8100,6811051,23,0
8100,6811025,24,0
8100,6811058,25,0
8100,6811057,26,0
8100,6811056,27,0
8100,6810587,28,0
8100,6810813,29,0
8100,6811037,30,0
8100,6810814,31,0
8100,6811038,32,0
8100,6810588,33,0
8100,6810589,34,0
8100,6811039,35,0
8100,6810590,36,0
8100,6811094,37,0
8100,6810591,38,0
8100,6810592,39,0
8100,6810593,40,0
8100,6810816,41,0
8100,6811040,42,0
8100,6810594,43,0
8100,6811042,44,0
8100,6810595,45,0
8100,6810596,46,0
8100,6810597,47,0
8100,6810598,48,0
8100,6810599,49,0
8100,6810600,50,0
8100,6810601,51,0
8100,6811041,52,0
8100,6810602,53,0
8100,6810604,54,0
8100,6810605,55,0
8100,6811043,56,0
8100,6811044,57,0
8100,6810542,58,0
8100,6810543,59,0
8100,6810544,60,0
8100,6810545,61,0
8100,6810546,62,0
8100,6810547,63,0
8100,6810548,64,0
8100,6810549,65,0
8100,6810550,66,0
8100,6810551,67,0
8100,6810552,68,0
8100,6810553,69,0
8100,6810554,70,0
8100,6810463,71,0
8100,6810464,72,1
8200,6810413,1,0
8200,6810442,2,0
8200,6810441,3,0
8200,6810235,4,0
8200,6810604,5,0
8200,6810605,6,0
8200,6811103,7,0
8200,6810567,8,0
8200,6811105,9,0
8200,6810568,10,0
8200,6810569,11,0
8200,6810570,12,0
8200,6810603,13,0
8200,6810571,14,0
8200,6810572,15,0
8200,6810573,16,0
8200,6810574,17,0
8200,6810540,18,0
8200,6811043,19,0
8200,6811044,20,0
8200,6810542,21,0
8200,6810544,22,0
8200,6810545,23,0
8200,6810546,24,0
8200,6810547,25,0
8200,6810548,26,0
8200,6810549,27,0
8200,6810550,28,0
8200,6810551,29,0
8200,6810552,30,0
8200,6810553,31,0
8200,6810554,32,0
8200,6810555,33,0
8200,6810556,34,0
8200,6810557,35,0
8200,6810558,36,0
8200,6810559,37,0
8200,6810561,38,0
8200,6810560,39,0
8200,6810563,40,0
8200,6810564,41,0
8200,6810565,42,0
8200,6810541,43,0
8200,6810463,44,0
8200,6810464,45,1
8300,6810413,1,0
8300,6810442,2,0
8300,6810441,3,0
8300,6810235,4,0
8300,6811103,5,0
8300,6810567,6,0
8300,6811105,7,0
8300,6810568,8,0
8300,6810569,9,0
8300,6810570,10,0
8300,6810603,11,0
8300,6810571,12,0
8300,6810572,13,0
8300,6810573,14,0
8300,6810574,15,0
8300,6810576,16,0
8300,6810577,17,0
8300,6811023,18,0
8300,6811024,19,0
8300,6811051,20,0
8300,6811025,21,0
8300,6811058,22,0
8300,6811057,23,0
8300,6811056,24,0
8300,6810587,25,0
8300,6810813,26,0
8300,6811037,27,0
8300,6810814,28,0
8300,6811038,29,0
8300,6810588,30,0
8300,6810589,31,0
8300,6811039,32,0
8300,6810590,33,0
8300,6811094,34,0
8300,6810591,35,0
8300,6810592,36,0
8300,6810593,37,0
8300,6810816,38,0
8300,6810594,39,0
8300,6811042,40,0
8300,6810595,41,0
8300,6810596,42,0
8300,6810597,43,0
8300,6810598,44,0
8300,6810599,45,0
8300,6810600,46,0
8300,6810601,47,0
8300,6810604,48,0
8300,6810605,49,0
8300,6810463,50,0
8300,6810464,51,1
9300,6810200,1,0
9300,6810607,2,0
9300,6811009,3,0
9300,6810971,4,0
9300,6810972,5,0
9300,6810610,6,0
9300,6810612,7,0
9300,6811095,8,0
9300,6810613,9,0
9300,6811169,10,0
9300,6810614,11,0
9300,6811096,12,0
9300,6810615,13,0
9300,6810842,14,0
9300,6810641,15,0
9300,6810986,16,0
9300,6810941,17,0
9300,6810942,18,0
9300,6810943,19,0
9300,6811097,20,0
9300,6810945,21,0
9300,6810656,22,0
9300,6810657,23,0
9300,6810880,24,0
9300,6811047,25,0
9300,6811046,26,0
9300,6810982,27,0
9300,6810973,28,0
9300,6810850,29,0
9300,6810974,30,0
9300,6811064,31,0
9300,6810975,32,0
9300,6810976,33,0
9300,6810634,34,1
9400,6810200,1,0
9400,6810607,2,0
9400,6810608,3,0
9400,6810609,4,0
9400,6811106,5,0
9400,6810863,6,0
9400,6810865,7,0
9400,6810610,8,0
9400,6810612,9,0
9400,6810867,10,0
9400,6810868,11,0
9400,6810977,12,0
9400,6810978,13,0
9400,6810979,14,0
9400,6810873,15,0
9400,6810874,16,0
9400,6811062,17,0
9400,6810980,18,0
9400,6810932,19,0
9400,6810931,20,0
9400,6810934,21,0
9400,6811098,22,0
9400,6810935,23,0
9400,6810621,24,0
9400,6811166,25,0
9400,6810936,26,0
9400,6810937,27,0
9400,6811099,28,0
9400,6810981,29,0
9400,6810624,30,0
9400,6811100,31,0
9400,6810625,32,0
9400,6810982,33,0
9400,6811063,34,0
9400,6810983,35,0
9400,6810629,36,0
9400,6810630,37,0
9400,6810631,38,0
9400,6810632,39,0
9400,6810634,40,1
9500,6810200,1,0
9500,6811007,2,0
9500,6810984,3,0
9500,6810661,4,0
9500,6811049,5,0
9500,6810662,6,0
9500,6811006,7,0
9500,6810663,8,0
9500,6810664,9,0
9500,6811101,10,0
9500,6810665,11,0
9500,6810985,12,0
9500,6810668,13,0
9500,6811102,14,0
9500,6810999,15,0
9500,6810998,16,0
9500,6810997,17,0
9500,6810996,18,0
9500,6811000,19,0
9500,6811001,20,0
9500,6811002,21,0
9500,6811003,22,0
9500,6811050,23,0
9500,6811004,24,0
9500,6811005,25,0
9500,6810857,26,0
9500,6810859,27,0
9500,6810860,28,0
9500,6810862,29,0
9500,6810861,30,0
9500,6810691,31,0
9500,6810896,32,0
9500,6810631,33,0
9500,6810632,34,0
9500,6810634,35,1
1006100,6810200,1,0
1006100,6810793,2,0
1006100,6810201,3,0
1006100,6810202,4,0
1006100,6810203,5,0
1006100,6810294,6,0
1006100,6810295,7,0
1006100,6811163,8,0
1006100,6811061,9,0
1006100,6810298,10,0
1006100,6810299,11,0
1006100,6810921,12,0
1006100,6810301,13,0
1006100,6810302,14,0
1006100,6810304,15,0
1006100,6810306,16,0
1006100,6810307,17,0
1006100,6810308,18,0
1006100,6810309,19,0
1006100,6810310,20,0
1006100,6810311,21,0
1006100,6810312,22,0
1006100,6810313,23,0
1006100,6810314,24,0
1006100,6810914,25,0
1006100,6810781,26,0
1006100,6810791,27,0
1006100,6810316,28,0
1006100,6810792,29,1
2006100,6810200,1,0
2006100,6810793,2,0
2006100,6810201,3,0
2006100,6810202,4,0
2006100,6810950,5,0
2006100,6810951,6,0
2006100,6810422,7,0
2006100,6810970,8,0
2006100,6810423,9,0
2006100,6810952,10,0
2006100,6810953,11,0
2006100,6810821,12,0
2006100,6810426,13,0
2006100,6810954,14,0
2006100,6810955,15,0
2006100,6810956,16,0
2006100,6811034,17,0
2006100,6810958,18,0
2006100,6811036,19,0
2006100,6810960,20,0
2006100,6810962,21,0
2006100,6810961,22,0
2006100,6811017,23,0
2006100,6811018,24,0
2006100,6811019,25,0
2006100,6811020,26,0
2006100,6811021,27,0
2006100,6811035,28,0
2006100,6811060,29,0
2006100,6810746,30,0
2006100,6810969,31,1
