8100,'294e58fc-bc13-4a33-bb1d-a337996c2e9c',2134,,13736,29,,,0,88,,13736,225,,,0
8100,'8ab1f009-ab59-4a8c-9771-20e344a37dba',722,,13746,259,,,0,100,,13737,259,,,0,100,,13743,259,,,0,200,,13744,259,,,0,100,,13745,259,,,0,100,,13738,259,,,0,200,,13739,259,,,0,100,,13750,259,,,0,100,,13742,259,,,0,100,,13741,259,,,0,100,,13747,259,,,0,100,,13749,259,,,0,100,,13740,259,,,0,12,,13748,29,,,0,88,,13748,225,,,0
8100,'8e972226-8e68-4b6a-9fd3-2e7f449277f5',2134,,13751,29,,,0,88,,13751,225,,,0
8100,'9493548d-afad-4b26-be65-c3aa23941f37',2134,,13752,29,,,0,88,,13752,225,,,0
8100,'9577949b-c1b9-4893-a4cc-d601db41a1fc',2134,,13753,29,,,0,88,,13753,225,,,0
8100,'991a1488-6339-4798-a1ff-4cc199131854',2134,,13754,29,,,0,88,,13754,225,,,0
8100,'bec99aa0-a127-4e27-ae17-e4c7db42f9ba',1122,,13755,259,,,0,100,,13756,259,,,0,200,,13760,259,,,0,100,,13759,259,,,0,100,,13758,259,,,0,100,,13761,259,,,0,91,,13757,243,,,0
8100,'c38342c9-8898-48ff-bb56-4ee52481c507',1019,,13763,29,,,0,88,,13763,225,,,0,12,,13762,29,,,0,88,,13762,225,,,0,12,,13769,29,,,0,88,,13769,225,,,0,12,,13764,29,,,0,88,,13764,225,,,0,12,,13770,29,,,0,88,,13770,225,,,0,12,,13767,29,,,0,88,,13767,225,,,0,12,,13766,29,,,0,88,,13766,225,,,0,12,,13765,29,,,0,88,,13765,225,,,0,12,,13768,29,,,0,88,,13768,225,,,0
8200,'8ab1f009-ab59-4a8c-9771-20e344a37dba',947,,13771,122,,,0,0,,13771,129,,,0,75,,13771,337,,,0,325,,13772,122,,,0,0,,13772,129,,,0,75,,13772,337,,,0
8200,'bec99aa0-a127-4e27-ae17-e4c7db42f9ba',1247,,13773,122,,,0,0,,13773,129,,,0,75,,13773,337,,,0
8500,'294e58fc-bc13-4a33-bb1d-a337996c2e9c',713,,13774,46,,,0,2,,13774,50,,,0,98,,13789,46,,,0,2,,13789,50,,,0,98,,13787,46,,,0,2,,13787,50,,,0,98,,13775,46,,,0,2,,13775,50,,,0,98,,13776,46,,,0,2,,13776,50,,,0,98,,13778,46,,,0,2,,13778,50,,,0,98,,13780,46,,,0,2,,13780,50,,,0,98,,13788,46,,,0,2,,13788,50,,,0,98,,13782,46,,,0,2,,13782,50,,,0,98,,13785,46,,,0,2,,13785,50,,,0,98,,13784,46,,,0,2,,13784,50,,,0,98,,13779,46,,,0,2,,13779,50,,,0,98,,13777,46,,,0,2,,13777,50,,,0,98,,13781,46,,,0,2,,13781,50,,,0,98,,13786,46,,,0,2,,13786,50,,,0
8500,'8e972226-8e68-4b6a-9fd3-2e7f449277f5',713,,13796,46,,,0,2,,13796,50,,,0,98,,13801,46,,,0,2,,13801,50,,,0,98,,13804,46,,,0,2,,13804,50,,,0,98,,13792,46,,,0,2,,13792,50,,,0,98,,13791,46,,,0,2,,13791,50,,,0,98,,13794,46,,,0,2,,13794,50,,,0,98,,13800,46,,,0,2,,13800,50,,,0,98,,13798,46,,,0,2,,13798,50,,,0,98,,13790,46,,,0,2,,13790,50,,,0,98,,13793,46,,,0,2,,13793,50,,,0,98,,13805,46,,,0,2,,13805,50,,,0,98,,13795,46,,,0,2,,13795,50,,,0,98,,13797,46,,,0,2,,13797,50,,,0,98,,13803,46,,,0,2,,13803,50,,,0,98,,13799,46,,,0,2,,13799,50,,,0
8500,'9493548d-afad-4b26-be65-c3aa23941f37',713,,13812,46,,,0,2,,13812,50,,,0,98,,13809,46,,,0,2,,13809,50,,,0,98,,13816,46,,,0,2,,13816,50,,,0,98,,13807,46,,,0,2,,13807,50,,,0,98,,13810,46,,,0,2,,13810,50,,,0,98,,13815,46,,,0,2,,13815,50,,,0,98,,13811,46,,,0,2,,13811,50,,,0,98,,13814,46,,,0,2,,13814,50,,,0,98,,13813,46,,,0,2,,13813,50,,,0,98,,13821,46,,,0,2,,13821,50,,,0,98,,13806,46,,,0,2,,13806,50,,,0,98,,13817,46,,,0,2,,13817,50,,,0,98,,13820,46,,,0,2,,13820,50,,,0,98,,13808,46,,,0,2,,13808,50,,,0,98,,13819,46,,,0,2,,13819,50,,,0
8500,'9577949b-c1b9-4893-a4cc-d601db41a1fc',713,,13826,46,,,0,2,,13826,50,,,0,98,,13836,46,,,0,2,,13836,50,,,0,98,,13830,46,,,0,2,,13830,50,,,0,98,,13832,46,,,0,2,,13832,50,,,0,98,,13833,46,,,0,2,,13833,50,,,0,98,,13834,46,,,0,2,,13834,50,,,0,98,,13837,46,,,0,2,,13837,50,,,0,98,,13824,46,,,0,2,,13824,50,,,0,98,,13827,46,,,0,2,,13827,50,,,0,98,,13825,46,,,0,2,,13825,50,,,0,98,,13823,46,,,0,2,,13823,50,,,0,98,,13831,46,,,0,2,,13831,50,,,0,98,,13828,46,,,0,2,,13828,50,,,0,98,,13822,46,,,0,2,,13822,50,,,0,98,,13829,46,,,0,2,,13829,50,,,0
8500,'991a1488-6339-4798-a1ff-4cc199131854',713,,13839,46,,,0,2,,13839,50,,,0,98,,13838,46,,,0,2,,13838,50,,,0,98,,13843,46,,,0,2,,13843,50,,,0,98,,13844,46,,,0,2,,13844,50,,,0,98,,13849,46,,,0,2,,13849,50,,,0,98,,13846,46,,,0,2,,13846,50,,,0,98,,13845,46,,,0,2,,13845,50,,,0,98,,13847,46,,,0,2,,13847,50,,,0,98,,13848,46,,,0,2,,13848,50,,,0,98,,13841,46,,,0,2,,13841,50,,,0,98,,13853,46,,,0,2,,13853,50,,,0,98,,13851,46,,,0,2,,13851,50,,,0,98,,13840,46,,,0,2,,13840,50,,,0,98,,13842,46,,,0,2,,13842,50,,,0,98,,13850,46,,,0,2,,13850,50,,,0
