1600,'3b7f0ccc-4b86-44f9-804c-3016d4439aa6',652,,7223,42,,,0,70,,7218,42,,,0,35,,7220,42,,,0,75,,7229,42,,,0,70,,7230,42,,,0,30,,7233,42,,,0,70,,7212,42,,,0,30,,7227,42,,,0,70,,7236,42,,,0,30,,7214,42,,,0,70,,7237,42,,,0,40,,7231,42,,,0,75,,7217,42,,,0,35,,7228,42,,,0,75,,7219,42,,,0,75,,7225,42,,,0,35,,7211,42,,,0,75,,7232,42,,,0,40,,7226,42,,,0,80,,7215,42,,,0,80,,7216,42,,,0,30,,7234,42,,,0,70,,7235,42,,,0,30,,7221,42,,,0,70,,7213,42,,,0,30,,7222,42,,,0,70,,7224,49,,,0
1600,'545fdaed-298a-4873-ae9e-185363247123',1027,,7242,42,,,0,75,,7244,42,,,0,35,,7243,42,,,0,75,,7247,42,,,0,35,,7239,42,,,0,75,,7245,42,,,0,35,,7238,42,,,0,75,,7246,42,,,0,75,,7241,42,,,0,35,,7250,42,,,0,75,,7248,42,,,0,35,,7240,42,,,0,75,,7249,49,,,0
1600,'72a07536-7ac5-462d-91fd-4adacd8d70a1',652,,7271,42,,,0,70,,7251,42,,,0,35,,7252,42,,,0,75,,7276,42,,,0,70,,7275,42,,,0,30,,7260,42,,,0,70,,7254,42,,,0,30,,7265,42,,,0,70,,7270,42,,,0,30,,7261,42,,,0,70,,7268,42,,,0,40,,7266,42,,,0,75,,7272,42,,,0,35,,7258,42,,,0,75,,7267,42,,,0,75,,7259,42,,,0,35,,7256,42,,,0,75,,7255,42,,,0,40,,7253,42,,,0,80,,7273,42,,,0,80,,7269,42,,,0,30,,7264,42,,,0,70,,7274,42,,,0,30,,7257,42,,,0,70,,7277,42,,,0,30,,7263,42,,,0,70,,7262,49,,,0
1600,'b5be936f-506a-42fd-8fe9-aa394bb7d40c',652,,7285,42,,,0,70,,7293,42,,,0,35,,7298,42,,,0,75,,7279,42,,,0,70,,7280,42,,,0,30,,7286,42,,,0,70,,7289,42,,,0,30,,7282,42,,,0,70,,7292,42,,,0,30,,7299,42,,,0,70,,7287,42,,,0,40,,7295,42,,,0,75,,7284,42,,,0,35,,7294,42,,,0,75,,7281,42,,,0,75,,7290,42,,,0,35,,7297,42,,,0,75,,7302,42,,,0,40,,7296,42,,,0,80,,7304,42,,,0,80,,7291,42,,,0,30,,7303,42,,,0,70,,7300,42,,,0,30,,7283,42,,,0,70,,7288,42,,,0,30,,7278,42,,,0,70,,7301,49,,,0
1600,'c0258e04-8c49-4a98-8bc9-d3680145007e',652,,7312,42,,,0,70,,7328,42,,,0,35,,7318,42,,,0,75,,7310,42,,,0,70,,7314,42,,,0,30,,7305,42,,,0,70,,7320,42,,,0,30,,7327,42,,,0,70,,7313,42,,,0,30,,7331,42,,,0,70,,7330,42,,,0,40,,7329,42,,,0,75,,7315,42,,,0,35,,7306,42,,,0,75,,7311,42,,,0,75,,7325,42,,,0,35,,7319,42,,,0,75,,7323,42,,,0,40,,7326,42,,,0,80,,7309,42,,,0,80,,7324,42,,,0,30,,7307,42,,,0,70,,7316,42,,,0,30,,7322,42,,,0,70,,7321,42,,,0,30,,7317,42,,,0,70,,7308,49,,,0
1600,'db4ab86b-f5f5-4d9a-8c75-2988ac0b1af4',1137,,7334,42,,,0,75,,7342,42,,,0,35,,7337,42,,,0,75,,7339,42,,,0,35,,7343,42,,,0,75,,7335,42,,,0,75,,7338,42,,,0,35,,7333,42,,,0,75,,7341,42,,,0,35,,7336,42,,,0,75,,7344,42,,,0,75,,7340,42,,,0,35,,7332,49,,,0
1600,'fbc81037-9cf3-4a4d-b4aa-43897a8ca294',652,,7352,42,,,0,70,,7351,42,,,0,35,,7357,42,,,0,75,,7349,42,,,0,70,,7359,42,,,0,30,,7367,42,,,0,70,,7371,42,,,0,30,,7365,42,,,0,70,,7347,42,,,0,30,,7358,42,,,0,70,,7356,42,,,0,40,,7353,42,,,0,75,,7350,42,,,0,35,,7364,42,,,0,75,,7362,42,,,0,75,,7369,42,,,0,35,,7366,42,,,0,75,,7345,42,,,0,40,,7348,42,,,0,80,,7360,42,,,0,80,,7368,42,,,0,30,,7361,42,,,0,70,,7346,42,,,0,30,,7363,42,,,0,70,,7354,42,,,0,30,,7355,42,,,0,70,,7370,49,,,0
6600,'3b7f0ccc-4b86-44f9-804c-3016d4439aa6',627,,9778,44,,,0,110,,9776,44,,,0,170,,9770,44,,,0,109,,9777,44,,,0,111,,9771,44,,,0,110,,9780,42,0,8,0,115,,9781,44,,,0,150,,9774,44,,,0,110,,9775,44,,,0,110,,9779,44,,,0,110,,9773,42,0,8,0,115,,9772,44,,,0
6600,'545fdaed-298a-4873-ae9e-185363247123',1036,,9785,44,,,0,200,,9782,44,,,0,200,,9784,44,,,0,200,,9783,44,,,0
6600,'72a07536-7ac5-462d-91fd-4adacd8d70a1',627,,9795,44,,,0,110,,9786,44,,,0,170,,9790,44,,,0,109,,9792,44,,,0,111,,9787,44,,,0,110,,9796,42,0,8,0,115,,9797,44,,,0,150,,9791,44,,,0,110,,9789,44,,,0,110,,9794,44,,,0,110,,9788,42,0,8,0,115,,9793,44,,,0
6600,'b5be936f-506a-42fd-8fe9-aa394bb7d40c',627,,9803,44,,,0,110,,9799,44,,,0,170,,9805,44,,,0,109,,9804,44,,,0,111,,9809,44,,,0,110,,9800,42,0,8,0,115,,9801,44,,,0,150,,9802,44,,,0,110,,9807,44,,,0,110,,9798,44,,,0,110,,9806,42,0,8,0,115,,9808,44,,,0
6600,'c0258e04-8c49-4a98-8bc9-d3680145007e',627,,9814,44,,,0,110,,9813,44,,,0,170,,9818,44,,,0,109,,9810,44,,,0,111,,9821,44,,,0,110,,9820,42,0,8,0,115,,9816,44,,,0,150,,9811,44,,,0,110,,9815,44,,,0,110,,9817,44,,,0,110,,9812,42,0,8,0,115,,9819,44,,,0
6600,'db4ab86b-f5f5-4d9a-8c75-2988ac0b1af4',636,,9822,44,,,0,100,,9825,44,,,0,800,,9826,44,,,0,100,,9824,44,,,0,100,,9823,44,,,0
6600,'fbc81037-9cf3-4a4d-b4aa-43897a8ca294',627,,9835,44,,,0,110,,9832,44,,,0,170,,9834,44,,,0,109,,9830,44,,,0,111,,9838,44,,,0,110,,9828,42,0,8,0,115,,9829,44,,,0,150,,9836,44,,,0,110,,9827,44,,,0,110,,9831,44,,,0,110,,9833,42,0,8,0,115,,9837,44,,,0
