6100,'294e58fc-bc13-4a33-bb1d-a337996c2e9c',548,,12451,109,,,0,75,,12417,109,,,0,35,,12428,109,,,0,57,,12424,109,,,0,20,,12444,109,,,0,23,,12418,109,,,0,60,,12440,109,,,0,20,,12454,109,,,0,20,,12436,109,,,0,57,,12442,109,,,0,21,,12453,109,,,0,80,,12432,109,,,0,40,,12437,109,,,0,80,,12416,109,,,0,80,,12447,109,,,0,40,,12430,109,,,0,60,,12446,109,,,0,25,,12426,109,,,0,60,,12438,109,,,0,22,,12450,109,,,0,20,,12429,109,,,0,65,,12443,109,,,0,21,,12414,109,,,0,25,,12445,109,,,0,60,,12422,109,,,0,25,,12448,109,,,0,20,,12413,109,,,0,64,,12434,109,,,0,20,,12423,109,,,0,65,,12435,109,,,0,20,,12421,109,,,0,20,,12419,109,,,0,60,,12441,109,,,0,17,,12439,109,,,0,20,,12420,109,,,0,55,,12425,109,,,0,35,,12431,109,,,0,80,,12452,109,,,0,30,,12433,109,,,0,75,,12415,109,,,0,35,,12427,109,,,0,73,,12449,109,,,0
6100,'8ab1f009-ab59-4a8c-9771-20e344a37dba',625,,12459,109,,,0,90,,12455,109,,,0,40,,12460,109,,,0,80,,12457,109,,,0,80,,12466,109,,,0,40,,12467,109,,,0,80,,12474,109,,,0,80,,12470,109,,,0,85,,12471,109,,,0,45,,12475,109,,,0,85,,12469,109,,,0,85,,12461,109,,,0,85,,12472,109,,,0,45,,12476,109,,,0,85,,12458,109,,,0,85,,12465,109,,,0,85,,12462,109,,,0,45,,12456,109,,,0,75,,12478,109,,,0,35,,12468,109,,,0,75,,12473,109,,,0,75,,12477,109,,,0,35,,12464,109,,,0,75,,12463,112,,,0
6100,'8e972226-8e68-4b6a-9fd3-2e7f449277f5',548,,12491,109,,,0,75,,12483,109,,,0,35,,12513,109,,,0,57,,12498,109,,,0,20,,12485,109,,,0,23,,12510,109,,,0,60,,12519,109,,,0,20,,12490,109,,,0,20,,12507,109,,,0,57,,12520,109,,,0,21,,12504,109,,,0,80,,12508,109,,,0,40,,12511,109,,,0,80,,12484,109,,,0,80,,12515,109,,,0,40,,12512,109,,,0,60,,12482,109,,,0,25,,12516,109,,,0,60,,12488,109,,,0,22,,12492,109,,,0,20,,12481,109,,,0,65,,12487,109,,,0,21,,12495,109,,,0,25,,12489,109,,,0,60,,12509,109,,,0,25,,12494,109,,,0,20,,12500,109,,,0,64,,12497,109,,,0,20,,12503,109,,,0,65,,12479,109,,,0,20,,12501,109,,,0,20,,12514,109,,,0,60,,12496,109,,,0,17,,12486,109,,,0,20,,12517,109,,,0,55,,12518,109,,,0,35,,12480,109,,,0,80,,12502,109,,,0,30,,12499,109,,,0,75,,12506,109,,,0,35,,12505,109,,,0,73,,12493,109,,,0
6100,'9493548d-afad-4b26-be65-c3aa23941f37',548,,12551,109,,,0,75,,12525,109,,,0,35,,12545,109,,,0,57,,12559,109,,,0,20,,12535,109,,,0,23,,12523,109,,,0,60,,12522,109,,,0,20,,12562,109,,,0,20,,12547,109,,,0,57,,12552,109,,,0,21,,12538,109,,,0,80,,12540,109,,,0,40,,12544,109,,,0,80,,12531,109,,,0,80,,12557,109,,,0,40,,12533,109,,,0,60,,12527,109,,,0,25,,12558,109,,,0,60,,12541,109,,,0,22,,12556,109,,,0,20,,12549,109,,,0,65,,12543,109,,,0,21,,12532,109,,,0,25,,12550,109,,,0,60,,12530,109,,,0,25,,12537,109,,,0,20,,12529,109,,,0,64,,12534,109,,,0,20,,12555,109,,,0,65,,12554,109,,,0,20,,12528,109,,,0,20,,12546,109,,,0,60,,12553,109,,,0,17,,12526,109,,,0,20,,12536,109,,,0,55,,12548,109,,,0,35,,12560,109,,,0,80,,12561,109,,,0,30,,12542,109,,,0,75,,12539,109,,,0,35,,12521,109,,,0,73,,12524,109,,,0
6100,'9577949b-c1b9-4893-a4cc-d601db41a1fc',548,,12576,109,,,0,75,,12564,109,,,0,35,,12594,109,,,0,57,,12573,109,,,0,20,,12599,109,,,0,23,,12567,109,,,0,60,,12596,109,,,0,20,,12580,109,,,0,20,,12575,109,,,0,57,,12600,109,,,0,21,,12586,109,,,0,80,,12603,109,,,0,40,,12588,109,,,0,80,,12566,109,,,0,80,,12591,109,,,0,40,,12568,109,,,0,60,,12587,109,,,0,25,,12565,109,,,0,60,,12590,109,,,0,22,,12570,109,,,0,20,,12593,109,,,0,65,,12595,109,,,0,21,,12569,109,,,0,25,,12581,109,,,0,60,,12572,109,,,0,25,,12578,109,,,0,20,,12579,109,,,0,64,,12584,109,,,0,20,,12589,109,,,0,65,,12604,109,,,0,20,,12574,109,,,0,20,,12582,109,,,0,60,,12592,109,,,0,17,,12585,109,,,0,20,,12598,109,,,0,55,,12601,109,,,0,35,,12571,109,,,0,80,,12577,109,,,0,30,,12602,109,,,0,75,,12597,109,,,0,35,,12563,109,,,0,73,,12583,109,,,0
6100,'991a1488-6339-4798-a1ff-4cc199131854',548,,12641,109,,,0,75,,12616,109,,,0,35,,12635,109,,,0,57,,12643,109,,,0,20,,12634,109,,,0,23,,12621,109,,,0,60,,12622,109,,,0,20,,12624,109,,,0,20,,12619,109,,,0,57,,12633,109,,,0,21,,12636,109,,,0,80,,12628,109,,,0,40,,12639,109,,,0,80,,12615,109,,,0,80,,12645,109,,,0,40,,12638,109,,,0,60,,12609,109,,,0,25,,12606,109,,,0,60,,12610,109,,,0,22,,12626,109,,,0,20,,12617,109,,,0,65,,12611,109,,,0,21,,12623,109,,,0,25,,12629,109,,,0,60,,12630,109,,,0,25,,12605,109,,,0,20,,12640,109,,,0,64,,12631,109,,,0,20,,12612,109,,,0,65,,12646,109,,,0,20,,12627,109,,,0,20,,12618,109,,,0,60,,12614,109,,,0,17,,12608,109,,,0,20,,12607,109,,,0,55,,12644,109,,,0,35,,12637,109,,,0,80,,12632,109,,,0,30,,12620,109,,,0,75,,12613,109,,,0,35,,12625,109,,,0,73,,12642,109,,,0
6100,'bec99aa0-a127-4e27-ae17-e4c7db42f9ba',942,,12647,109,,,0,83,,12654,109,,,0,80,,12653,109,,,0,40,,12656,109,,,0,80,,12648,109,,,0,80,,12652,109,,,0,40,,12657,109,,,0,80,,12651,109,,,0,80,,12655,109,,,0,40,,12650,109,,,0,80,,12649,109,,,0,80,,12659,109,,,0,40,,12658,112,,,0
6100,'c38342c9-8898-48ff-bb56-4ee52481c507',1020,,12673,109,,,0,35,,12664,109,,,0,75,,12669,109,,,0,75,,12663,109,,,0,35,,12671,109,,,0,75,,12660,109,,,0,35,,12665,109,,,0,75,,12668,109,,,0,75,,12667,109,,,0,35,,12672,109,,,0,75,,12666,109,,,0,35,,12662,109,,,0,80,,12670,109,,,0,75,,12674,109,,,0,35,,12661,109,,,0
6600,'294e58fc-bc13-4a33-bb1d-a337996c2e9c',710,,13494,204,,,0,110,,13489,204,,,0,130,,13496,204,,,0,108,,13493,204,,,0,152,,13491,204,,,0,114,,13490,261,0,8,0,111,,13488,204,,,0,110,,13498,204,,,0,110,,13499,204,,,0,150,,13497,204,,,0,114,,13495,261,0,8,0,106,,13492,204,,,0
6600,'8ab1f009-ab59-4a8c-9771-20e344a37dba',710,,13500,204,,,0,100,,13503,204,,,0,800,,13504,204,,,0,100,,13501,204,,,0,100,,13502,204,,,0
6600,'8e972226-8e68-4b6a-9fd3-2e7f449277f5',710,,13506,204,,,0,110,,13507,204,,,0,130,,13505,204,,,0,108,,13510,204,,,0,152,,13508,204,,,0,114,,13514,261,0,8,0,111,,13512,204,,,0,110,,13513,204,,,0,110,,13511,204,,,0,150,,13515,204,,,0,114,,13516,261,0,8,0,106,,13509,204,,,0
6600,'9493548d-afad-4b26-be65-c3aa23941f37',710,,13525,204,,,0,110,,13519,204,,,0,130,,13527,204,,,0,108,,13518,204,,,0,152,,13524,204,,,0,114,,13517,261,0,8,0,111,,13523,204,,,0,110,,13521,204,,,0,110,,13528,204,,,0,150,,13522,204,,,0,114,,13526,261,0,8,0,106,,13520,204,,,0
6600,'9577949b-c1b9-4893-a4cc-d601db41a1fc',710,,13529,204,,,0,110,,13539,204,,,0,130,,13536,204,,,0,108,,13537,204,,,0,152,,13538,204,,,0,114,,13533,261,0,8,0,111,,13531,204,,,0,110,,13534,204,,,0,110,,13540,204,,,0,150,,13530,204,,,0,114,,13535,261,0,8,0,106,,13532,204,,,0
6600,'991a1488-6339-4798-a1ff-4cc199131854',710,,13541,204,,,0,110,,13551,204,,,0,130,,13543,204,,,0,108,,13550,204,,,0,152,,13549,204,,,0,114,,13548,261,0,8,0,111,,13542,204,,,0,110,,13547,204,,,0,110,,13546,204,,,0,150,,13545,204,,,0,114,,13544,261,0,8,0,106,,13552,204,,,0
6600,'bec99aa0-a127-4e27-ae17-e4c7db42f9ba',1110,,13554,204,,,0,200,,13556,204,,,0,200,,13553,204,,,0,200,,13555,204,,,0
