6000,'3b7f0ccc-4b86-44f9-804c-3016d4439aa6',627,,8576,15,,,0,75,,8595,15,,,0,35,,8587,15,,,0,80,,8570,15,,,0,40,,8592,15,,,0,80,,8571,15,,,0,80,,8578,15,,,0,40,,8581,15,,,0,80,,8590,15,,,0,80,,8573,15,,,0,40,,8589,15,,,0,80,,8582,15,,,0,80,,8574,15,,,0,40,,8577,15,,,0,80,,8584,15,,,0,80,,8586,15,,,0,40,,8588,15,,,0,80,,8583,15,,,0,80,,8580,15,,,0,40,,8591,15,,,0,75,,8579,15,,,0,75,,8585,15,,,0,35,,8572,15,,,0,75,,8575,15,,,0,35,,8594,15,,,0
6000,'545fdaed-298a-4873-ae9e-185363247123',922,,8605,15,,,0,35,,8600,15,,,0,75,,8604,15,,,0,75,,8610,15,,,0,35,,8609,15,,,0,75,,8607,15,,,0,35,,8599,15,,,0,75,,8597,15,,,0,75,,8608,15,,,0,35,,8602,15,,,0,75,,8598,15,,,0,35,,8601,15,,,0,75,,8606,15,,,0,35,,8603,15,,,0,75,,8596,15,,,0
6000,'72a07536-7ac5-462d-91fd-4adacd8d70a1',627,,8619,15,,,0,75,,8611,15,,,0,35,,8621,15,,,0,80,,8633,15,,,0,40,,8615,15,,,0,80,,8631,15,,,0,80,,8636,15,,,0,40,,8630,15,,,0,80,,8612,15,,,0,80,,8617,15,,,0,40,,8627,15,,,0,80,,8625,15,,,0,80,,8623,15,,,0,40,,8626,15,,,0,80,,8629,15,,,0,80,,8614,15,,,0,40,,8628,15,,,0,80,,8624,15,,,0,80,,8613,15,,,0,40,,8635,15,,,0,75,,8616,15,,,0,75,,8620,15,,,0,35,,8632,15,,,0,75,,8622,15,,,0,35,,8618,15,,,0
6000,'b5be936f-506a-42fd-8fe9-aa394bb7d40c',627,,8662,15,,,0,75,,8644,15,,,0,35,,8647,15,,,0,80,,8659,15,,,0,40,,8641,15,,,0,80,,8640,15,,,0,80,,8655,15,,,0,40,,8658,15,,,0,80,,8637,15,,,0,80,,8645,15,,,0,40,,8653,15,,,0,80,,8648,15,,,0,80,,8651,15,,,0,40,,8646,15,,,0,80,,8654,15,,,0,80,,8639,15,,,0,40,,8643,15,,,0,80,,8650,15,,,0,80,,8657,15,,,0,40,,8661,15,,,0,75,,8660,15,,,0,75,,8652,15,,,0,35,,8656,15,,,0,75,,8642,15,,,0,35,,8638,15,,,0
6000,'c0258e04-8c49-4a98-8bc9-d3680145007e',627,,8668,15,,,0,75,,8663,15,,,0,35,,8666,15,,,0,80,,8665,15,,,0,40,,8684,15,,,0,80,,8688,15,,,0,80,,8671,15,,,0,40,,8679,15,,,0,80,,8672,15,,,0,80,,8669,15,,,0,40,,8670,15,,,0,80,,8675,15,,,0,80,,8681,15,,,0,40,,8682,15,,,0,80,,8676,15,,,0,80,,8677,15,,,0,40,,8673,15,,,0,80,,8678,15,,,0,80,,8686,15,,,0,40,,8687,15,,,0,75,,8674,15,,,0,75,,8683,15,,,0,35,,8685,15,,,0,75,,8680,15,,,0,35,,8667,15,,,0
6000,'db4ab86b-f5f5-4d9a-8c75-2988ac0b1af4',627,,8694,15,,,0,75,,8707,15,,,0,35,,8698,15,,,0,80,,8705,15,,,0,40,,8701,15,,,0,80,,8700,15,,,0,80,,8712,15,,,0,40,,8711,15,,,0,80,,8710,15,,,0,80,,8703,15,,,0,40,,8699,15,,,0,80,,8713,15,,,0,80,,8697,15,,,0,40,,8690,15,,,0,80,,8695,15,,,0,80,,8692,15,,,0,40,,8702,15,,,0,80,,8706,15,,,0,80,,8696,15,,,0,40,,8691,15,,,0,75,,8708,15,,,0,75,,8689,15,,,0,35,,8704,15,,,0,75,,8709,15,,,0,35,,8714,15,,,0
6000,'fbc81037-9cf3-4a4d-b4aa-43897a8ca294',627,,8740,15,,,0,75,,8730,15,,,0,35,,8715,15,,,0,80,,8719,15,,,0,40,,8734,15,,,0,80,,8722,15,,,0,80,,8727,15,,,0,40,,8726,15,,,0,80,,8718,15,,,0,80,,8733,15,,,0,40,,8737,15,,,0,80,,8725,15,,,0,80,,8723,15,,,0,40,,8732,15,,,0,80,,8720,15,,,0,80,,8739,15,,,0,40,,8728,15,,,0,80,,8729,15,,,0,80,,8736,15,,,0,40,,8724,15,,,0,75,,8721,15,,,0,75,,8717,15,,,0,35,,8716,15,,,0,75,,8735,15,,,0,35,,8738,15,,,0
6800,'3b7f0ccc-4b86-44f9-804c-3016d4439aa6',632,,9942,23,,,0,70,,9940,23,,,0,30,,9931,23,,,0,70,,9934,23,,,0,30,,9937,22,,,0,112,,9943,22,,,0,100,,9939,22,,,0,488,,9933,23,,,0,70,,9941,23,,,0,30,,9935,23,,,0,70,,9936,23,,,0,30,,9929,22,,,0,90,,9938,22,,,0,100,,9932,22,,,0,100,,9930,22,,,0
6800,'545fdaed-298a-4873-ae9e-185363247123',1002,,9948,22,,,0,200,,9945,22,,,0,200,,9947,22,,,0,200,,9944,22,,,0,200,,9946,22,,,0
6800,'72a07536-7ac5-462d-91fd-4adacd8d70a1',632,,9954,23,,,0,70,,9960,23,,,0,30,,9956,23,,,0,70,,9962,23,,,0,30,,9949,22,,,0,112,,9963,22,,,0,100,,9961,22,,,0,488,,9953,23,,,0,70,,9951,23,,,0,30,,9957,23,,,0,70,,9958,23,,,0,30,,9952,22,,,0,90,,9959,22,,,0,100,,9950,22,,,0,100,,9955,22,,,0
6800,'b5be936f-506a-42fd-8fe9-aa394bb7d40c',632,,9964,23,,,0,70,,9974,23,,,0,30,,9972,23,,,0,70,,9973,23,,,0,30,,9975,22,,,0,112,,9966,22,,,0,100,,9978,22,,,0,488,,9970,23,,,0,70,,9971,23,,,0,30,,9969,23,,,0,70,,9967,23,,,0,30,,9977,22,,,0,90,,9968,22,,,0,100,,9976,22,,,0,100,,9965,22,,,0
6800,'c0258e04-8c49-4a98-8bc9-d3680145007e',632,,9993,23,,,0,70,,9986,23,,,0,30,,9979,23,,,0,70,,9981,23,,,0,30,,9988,22,,,0,112,,9984,22,,,0,100,,9989,22,,,0,488,,9990,23,,,0,70,,9985,23,,,0,30,,9980,23,,,0,70,,9983,23,,,0,30,,9991,22,,,0,90,,9987,22,,,0,100,,9992,22,,,0,100,,9982,22,,,0
6800,'db4ab86b-f5f5-4d9a-8c75-2988ac0b1af4',702,,9999,22,,,0,100,,10000,22,,,0,100,,9997,22,,,0,100,,9998,22,,,0,600,,9995,22,,,0,100,,10001,22,,,0,100,,9996,22,,,0,100,,9994,23,,,0,100,,10002,22,,,0
6800,'fbc81037-9cf3-4a4d-b4aa-43897a8ca294',632,,10014,23,,,0,70,,10007,23,,,0,30,,10005,23,,,0,70,,10015,23,,,0,30,,10016,22,,,0,112,,10008,22,,,0,100,,10006,22,,,0,488,,10003,23,,,0,70,,10013,23,,,0,30,,10010,23,,,0,70,,10012,23,,,0,30,,10009,22,,,0,90,,10011,22,,,0,100,,10017,22,,,0,100,,10004,22,,,0
