8100,'3b7f0ccc-4b86-44f9-804c-3016d4439aa6',2149,,10018,151,,,0
8100,'545fdaed-298a-4873-ae9e-185363247123',1056,,10024,174,,,0,100,,10022,174,,,0,200,,10023,174,,,0,100,,10020,174,,,0,100,,10021,174,,,0,100,,10025,174,,,0,100,,10019,166,,,0
8100,'72a07536-7ac5-462d-91fd-4adacd8d70a1',2149,,10026,151,,,0
8100,'b5be936f-506a-42fd-8fe9-aa394bb7d40c',2149,,10027,151,,,0
8100,'c0258e04-8c49-4a98-8bc9-d3680145007e',2149,,10028,151,,,0
8100,'db4ab86b-f5f5-4d9a-8c75-2988ac0b1af4',656,,10038,174,,,0,100,,10041,174,,,0,100,,10031,174,,,0,200,,10033,174,,,0,100,,10029,174,,,0,100,,10034,174,,,0,200,,10037,174,,,0,100,,10032,174,,,0,100,,10039,174,,,0,100,,10035,174,,,0,100,,10042,174,,,0,100,,10040,174,,,0,100,,10036,174,,,0,93,,10030,151,,,0
8100,'fbc81037-9cf3-4a4d-b4aa-43897a8ca294',2149,,10043,151,,,0
8500,'3b7f0ccc-4b86-44f9-804c-3016d4439aa6',652,,10047,95,,,0,100,,10049,202,,,0,100,,10048,202,,,0,100,,10056,202,,,0,100,,10053,202,,,0,100,,10055,202,,,0,100,,10062,202,,,0,100,,10054,202,,,0,100,,10051,202,,,0,100,,10050,202,,,0,100,,10052,202,,,0,100,,10059,202,,,0,100,,10060,202,,,0,100,,10061,202,,,0,100,,10058,202,,,0,100,,10057,202,,,0
8500,'72a07536-7ac5-462d-91fd-4adacd8d70a1',652,,10076,95,,,0,100,,10073,202,,,0,100,,10063,202,,,0,100,,10066,202,,,0,100,,10072,202,,,0,100,,10077,202,,,0,100,,10071,202,,,0,100,,10070,202,,,0,100,,10064,202,,,0,100,,10068,202,,,0,100,,10069,202,,,0,100,,10078,202,,,0,100,,10075,202,,,0,100,,10074,202,,,0,100,,10067,202,,,0,100,,10065,202,,,0
8500,'b5be936f-506a-42fd-8fe9-aa394bb7d40c',652,,10090,95,,,0,100,,10080,202,,,0,100,,10094,202,,,0,100,,10093,202,,,0,100,,10091,202,,,0,100,,10079,202,,,0,100,,10085,202,,,0,100,,10083,202,,,0,100,,10089,202,,,0,100,,10088,202,,,0,100,,10082,202,,,0,100,,10081,202,,,0,100,,10092,202,,,0,100,,10087,202,,,0,100,,10084,202,,,0,100,,10086,202,,,0
8500,'c0258e04-8c49-4a98-8bc9-d3680145007e',652,,10099,95,,,0,100,,10107,202,,,0,100,,10110,202,,,0,100,,10101,202,,,0,100,,10108,202,,,0,100,,10095,202,,,0,100,,10098,202,,,0,100,,10104,202,,,0,100,,10106,202,,,0,100,,10102,202,,,0,100,,10105,202,,,0,100,,10100,202,,,0,100,,10103,202,,,0,100,,10096,202,,,0,100,,10109,202,,,0,100,,10097,202,,,0
8500,'fbc81037-9cf3-4a4d-b4aa-43897a8ca294',652,,10113,95,,,0,100,,10119,202,,,0,100,,10124,202,,,0,100,,10111,202,,,0,100,,10123,202,,,0,100,,10112,202,,,0,100,,10115,202,,,0,100,,10117,202,,,0,100,,10125,202,,,0,100,,10118,202,,,0,100,,10114,202,,,0,100,,10121,202,,,0,100,,10116,202,,,0,100,,10122,202,,,0,100,,10126,202,,,0,100,,10120,202,,,0
