8100,'294e58fc-bc13-4a33-bb1d-a337996c2e9c',2149,,13736,152,,,0
8100,'8ab1f009-ab59-4a8c-9771-20e344a37dba',657,,13746,176,,,0,100,,13737,176,,,0,100,,13743,176,,,0,200,,13744,176,,,0,100,,13745,176,,,0,100,,13738,176,,,0,200,,13739,176,,,0,100,,13750,176,,,0,100,,13742,176,,,0,100,,13741,176,,,0,100,,13747,176,,,0,100,,13749,176,,,0,100,,13740,176,,,0,92,,13748,152,,,0
8100,'8e972226-8e68-4b6a-9fd3-2e7f449277f5',2149,,13751,152,,,0
8100,'9493548d-afad-4b26-be65-c3aa23941f37',2149,,13752,152,,,0
8100,'9577949b-c1b9-4893-a4cc-d601db41a1fc',2149,,13753,152,,,0
8100,'991a1488-6339-4798-a1ff-4cc199131854',2149,,13754,152,,,0
8100,'bec99aa0-a127-4e27-ae17-e4c7db42f9ba',1057,,13755,176,,,0,100,,13756,176,,,0,200,,13760,176,,,0,100,,13759,176,,,0,100,,13758,176,,,0,100,,13761,176,,,0,100,,13757,167,,,0
8100,'c38342c9-8898-48ff-bb56-4ee52481c507',1034,,13763,152,,,0,100,,13762,152,,,0,100,,13769,152,,,0,100,,13764,152,,,0,100,,13770,152,,,0,100,,13767,152,,,0,100,,13766,152,,,0,100,,13765,152,,,0,100,,13768,152,,,0
8500,'294e58fc-bc13-4a33-bb1d-a337996c2e9c',652,,13783,96,,,0,100,,13774,203,,,0,100,,13789,203,,,0,100,,13787,203,,,0,100,,13775,203,,,0,100,,13776,203,,,0,100,,13778,203,,,0,100,,13780,203,,,0,100,,13788,203,,,0,100,,13782,203,,,0,100,,13785,203,,,0,100,,13784,203,,,0,100,,13779,203,,,0,100,,13777,203,,,0,100,,13781,203,,,0,100,,13786,203,,,0
8500,'8e972226-8e68-4b6a-9fd3-2e7f449277f5',652,,13802,96,,,0,100,,13796,203,,,0,100,,13801,203,,,0,100,,13804,203,,,0,100,,13792,203,,,0,100,,13791,203,,,0,100,,13794,203,,,0,100,,13800,203,,,0,100,,13798,203,,,0,100,,13790,203,,,0,100,,13793,203,,,0,100,,13805,203,,,0,100,,13795,203,,,0,100,,13797,203,,,0,100,,13803,203,,,0,100,,13799,203,,,0
8500,'9493548d-afad-4b26-be65-c3aa23941f37',652,,13818,96,,,0,100,,13812,203,,,0,100,,13809,203,,,0,100,,13816,203,,,0,100,,13807,203,,,0,100,,13810,203,,,0,100,,13815,203,,,0,100,,13811,203,,,0,100,,13814,203,,,0,100,,13813,203,,,0,100,,13821,203,,,0,100,,13806,203,,,0,100,,13817,203,,,0,100,,13820,203,,,0,100,,13808,203,,,0,100,,13819,203,,,0
8500,'9577949b-c1b9-4893-a4cc-d601db41a1fc',652,,13835,96,,,0,100,,13826,203,,,0,100,,13836,203,,,0,100,,13830,203,,,0,100,,13832,203,,,0,100,,13833,203,,,0,100,,13834,203,,,0,100,,13837,203,,,0,100,,13824,203,,,0,100,,13827,203,,,0,100,,13825,203,,,0,100,,13823,203,,,0,100,,13831,203,,,0,100,,13828,203,,,0,100,,13822,203,,,0,100,,13829,203,,,0
8500,'991a1488-6339-4798-a1ff-4cc199131854',652,,13852,96,,,0,100,,13839,203,,,0,100,,13838,203,,,0,100,,13843,203,,,0,100,,13844,203,,,0,100,,13849,203,,,0,100,,13846,203,,,0,100,,13845,203,,,0,100,,13847,203,,,0,100,,13848,203,,,0,100,,13841,203,,,0,100,,13853,203,,,0,100,,13851,203,,,0,100,,13840,203,,,0,100,,13842,203,,,0,100,,13850,203,,,0
