8100,'294e58fc-bc13-4a33-bb1d-a337996c2e9c',2227,,13736,230,,,0
8100,'8ab1f009-ab59-4a8c-9771-20e344a37dba',727,,13746,269,,,0,100,,13737,269,,,0,100,,13743,269,,,0,200,,13744,269,,,0,100,,13745,269,,,0,100,,13738,269,,,0,200,,13739,269,,,0,100,,13750,269,,,0,100,,13742,269,,,0,100,,13741,269,,,0,100,,13747,269,,,0,100,,13749,269,,,0,100,,13740,269,,,0,100,,13748,230,,,0
8100,'8e972226-8e68-4b6a-9fd3-2e7f449277f5',2227,,13751,230,,,0
8100,'9493548d-afad-4b26-be65-c3aa23941f37',2227,,13752,230,,,0
8100,'9577949b-c1b9-4893-a4cc-d601db41a1fc',2227,,13753,230,,,0
8100,'991a1488-6339-4798-a1ff-4cc199131854',2227,,13754,230,,,0
8100,'bec99aa0-a127-4e27-ae17-e4c7db42f9ba',1127,,13755,269,,,0,100,,13756,269,,,0,200,,13760,269,,,0,100,,13759,269,,,0,100,,13758,269,,,0,100,,13761,269,,,0,101,,13757,318,,,0
8100,'c38342c9-8898-48ff-bb56-4ee52481c507',1112,,13763,230,,,0,100,,13762,230,,,0,100,,13769,230,,,0,100,,13764,230,,,0,100,,13770,230,,,0,100,,13767,230,,,0,100,,13766,230,,,0,100,,13765,230,,,0,100,,13768,230,,,0
8200,'8ab1f009-ab59-4a8c-9771-20e344a37dba',1027,,13771,356,,,0,400,,13772,356,,,0
8200,'bec99aa0-a127-4e27-ae17-e4c7db42f9ba',1327,,13773,356,,,0
8600,'294e58fc-bc13-4a33-bb1d-a337996c2e9c',613,,13878,112,,,0,35,,13875,112,,,0,75,,13860,112,,,0,80,,13863,112,,,0,40,,13869,112,,,0,80,,13872,112,,,0,35,,13876,112,,,0,75,,13866,112,,,0,75,,13870,112,,,0,35,,13865,112,,,0,75,,13862,112,,,0,35,,13871,112,,,0,75,,13867,112,,,0,75,,13873,112,,,0,35,,13856,112,,,0,75,,13861,112,,,0,35,,13855,112,,,0,75,,13854,112,,,0,80,,13877,112,,,0,40,,13857,112,,,0,75,,13858,112,,,0,40,,13879,112,,,0,75,,13859,112,,,0,75,,13868,112,,,0,35,,13864,112,,,0,75,,13874,110,,,0
8600,'8e972226-8e68-4b6a-9fd3-2e7f449277f5',613,,13900,112,,,0,35,,13904,112,,,0,75,,13894,112,,,0,80,,13888,112,,,0,40,,13883,112,,,0,80,,13903,112,,,0,35,,13895,112,,,0,75,,13885,112,,,0,75,,13899,112,,,0,35,,13896,112,,,0,75,,13892,112,,,0,35,,13897,112,,,0,75,,13893,112,,,0,75,,13889,112,,,0,35,,13882,112,,,0,75,,13884,112,,,0,35,,13902,112,,,0,75,,13881,112,,,0,80,,13887,112,,,0,40,,13898,112,,,0,75,,13905,112,,,0,40,,13890,112,,,0,75,,13880,112,,,0,75,,13891,112,,,0,35,,13901,112,,,0,75,,13886,110,,,0
8600,'9493548d-afad-4b26-be65-c3aa23941f37',613,,13925,112,,,0,35,,13922,112,,,0,75,,13919,112,,,0,80,,13920,112,,,0,40,,13921,112,,,0,80,,13910,112,,,0,35,,13911,112,,,0,75,,13918,112,,,0,75,,13913,112,,,0,35,,13916,112,,,0,75,,13907,112,,,0,35,,13906,112,,,0,75,,13915,112,,,0,75,,13923,112,,,0,35,,13926,112,,,0,75,,13914,112,,,0,35,,13909,112,,,0,75,,13924,112,,,0,80,,13927,112,,,0,40,,13912,112,,,0,75,,13929,112,,,0,40,,13928,112,,,0,75,,13917,112,,,0,75,,13930,112,,,0,35,,13931,112,,,0,75,,13908,110,,,0
8600,'9577949b-c1b9-4893-a4cc-d601db41a1fc',613,,13948,112,,,0,35,,13951,112,,,0,75,,13940,112,,,0,80,,13943,112,,,0,40,,13946,112,,,0,80,,13941,112,,,0,35,,13939,112,,,0,75,,13950,112,,,0,75,,13949,112,,,0,35,,13942,112,,,0,75,,13936,112,,,0,35,,13947,112,,,0,75,,13937,112,,,0,75,,13955,112,,,0,35,,13938,112,,,0,75,,13956,112,,,0,35,,13953,112,,,0,75,,13945,112,,,0,80,,13933,112,,,0,40,,13954,112,,,0,75,,13944,112,,,0,40,,13935,112,,,0,75,,13934,112,,,0,75,,13957,112,,,0,35,,13932,112,,,0,75,,13952,110,,,0
8600,'991a1488-6339-4798-a1ff-4cc199131854',613,,13983,112,,,0,35,,13975,112,,,0,75,,13967,112,,,0,80,,13966,112,,,0,40,,13982,112,,,0,80,,13976,112,,,0,35,,13969,112,,,0,75,,13981,112,,,0,75,,13977,112,,,0,35,,13964,112,,,0,75,,13961,112,,,0,35,,13973,112,,,0,75,,13971,112,,,0,75,,13962,112,,,0,35,,13980,112,,,0,75,,13959,112,,,0,35,,13968,112,,,0,75,,13965,112,,,0,80,,13970,112,,,0,40,,13958,112,,,0,75,,13978,112,,,0,40,,13972,112,,,0,75,,13960,112,,,0,75,,13974,112,,,0,35,,13963,112,,,0,75,,13979,110,,,0
