8100,'294e58fc-bc13-4a33-bb1d-a337996c2e9c',2156,,13736,176,,,0
8100,'8ab1f009-ab59-4a8c-9771-20e344a37dba',705,,13746,208,,,0,100,,13737,208,,,0,100,,13743,208,,,0,200,,13744,208,,,0,100,,13745,208,,,0,100,,13738,208,,,0,200,,13739,208,,,0,100,,13750,208,,,0,100,,13742,208,,,0,100,,13741,208,,,0,100,,13747,208,,,0,100,,13749,208,,,0,100,,13740,208,,,0,51,,13748,176,,,0
8100,'8e972226-8e68-4b6a-9fd3-2e7f449277f5',2156,,13751,176,,,0
8100,'9493548d-afad-4b26-be65-c3aa23941f37',2156,,13752,176,,,0
8100,'9577949b-c1b9-4893-a4cc-d601db41a1fc',2156,,13753,176,,,0
8100,'991a1488-6339-4798-a1ff-4cc199131854',2156,,13754,176,,,0
8100,'bec99aa0-a127-4e27-ae17-e4c7db42f9ba',1105,,13755,208,,,0,100,,13756,208,,,0,200,,13760,208,,,0,100,,13759,208,,,0,100,,13758,208,,,0,100,,13761,208,,,0,100,,13757,191,,,0
8100,'c38342c9-8898-48ff-bb56-4ee52481c507',1041,,13763,176,,,0,100,,13762,176,,,0,100,,13769,176,,,0,100,,13764,176,,,0,100,,13770,176,,,0,100,,13767,176,,,0,100,,13766,176,,,0,100,,13765,176,,,0,100,,13768,176,,,0
8500,'294e58fc-bc13-4a33-bb1d-a337996c2e9c',658,,13783,119,,,0,100,,13774,226,,,0,100,,13789,226,,,0,100,,13787,226,,,0,100,,13775,226,,,0,100,,13776,226,,,0,100,,13778,226,,,0,100,,13780,226,,,0,100,,13788,226,,,0,100,,13782,226,,,0,100,,13785,226,,,0,100,,13784,226,,,0,100,,13779,226,,,0,100,,13777,226,,,0,100,,13781,226,,,0,100,,13786,226,,,0
8500,'8e972226-8e68-4b6a-9fd3-2e7f449277f5',658,,13802,119,,,0,100,,13796,226,,,0,100,,13801,226,,,0,100,,13804,226,,,0,100,,13792,226,,,0,100,,13791,226,,,0,100,,13794,226,,,0,100,,13800,226,,,0,100,,13798,226,,,0,100,,13790,226,,,0,100,,13793,226,,,0,100,,13805,226,,,0,100,,13795,226,,,0,100,,13797,226,,,0,100,,13803,226,,,0,100,,13799,226,,,0
8500,'9493548d-afad-4b26-be65-c3aa23941f37',658,,13818,119,,,0,100,,13812,226,,,0,100,,13809,226,,,0,100,,13816,226,,,0,100,,13807,226,,,0,100,,13810,226,,,0,100,,13815,226,,,0,100,,13811,226,,,0,100,,13814,226,,,0,100,,13813,226,,,0,100,,13821,226,,,0,100,,13806,226,,,0,100,,13817,226,,,0,100,,13820,226,,,0,100,,13808,226,,,0,100,,13819,226,,,0
8500,'9577949b-c1b9-4893-a4cc-d601db41a1fc',658,,13835,119,,,0,100,,13826,226,,,0,100,,13836,226,,,0,100,,13830,226,,,0,100,,13832,226,,,0,100,,13833,226,,,0,100,,13834,226,,,0,100,,13837,226,,,0,100,,13824,226,,,0,100,,13827,226,,,0,100,,13825,226,,,0,100,,13823,226,,,0,100,,13831,226,,,0,100,,13828,226,,,0,100,,13822,226,,,0,100,,13829,226,,,0
8500,'991a1488-6339-4798-a1ff-4cc199131854',658,,13852,119,,,0,100,,13839,226,,,0,100,,13838,226,,,0,100,,13843,226,,,0,100,,13844,226,,,0,100,,13849,226,,,0,100,,13846,226,,,0,100,,13845,226,,,0,100,,13847,226,,,0,100,,13848,226,,,0,100,,13841,226,,,0,100,,13853,226,,,0,100,,13851,226,,,0,100,,13840,226,,,0,100,,13842,226,,,0,100,,13850,226,,,0
