8100,'294e58fc-bc13-4a33-bb1d-a337996c2e9c',2153,,13736,169,,,0
8100,'8ab1f009-ab59-4a8c-9771-20e344a37dba',703,,13746,200,,,0,100,,13737,200,,,0,100,,13743,200,,,0,200,,13744,200,,,0,100,,13745,200,,,0,100,,13738,200,,,0,200,,13739,200,,,0,100,,13750,200,,,0,100,,13742,200,,,0,100,,13741,200,,,0,100,,13747,200,,,0,100,,13749,200,,,0,100,,13740,200,,,0,50,,13748,169,,,0
8100,'8e972226-8e68-4b6a-9fd3-2e7f449277f5',2153,,13751,169,,,0
8100,'9493548d-afad-4b26-be65-c3aa23941f37',2153,,13752,169,,,0
8100,'9577949b-c1b9-4893-a4cc-d601db41a1fc',2153,,13753,169,,,0
8100,'991a1488-6339-4798-a1ff-4cc199131854',2153,,13754,169,,,0
8100,'bec99aa0-a127-4e27-ae17-e4c7db42f9ba',1103,,13755,200,,,0,100,,13756,200,,,0,200,,13760,200,,,0,100,,13759,200,,,0,100,,13758,200,,,0,100,,13761,200,,,0,100,,13757,184,,,0
8100,'c38342c9-8898-48ff-bb56-4ee52481c507',1038,,13763,169,,,0,100,,13762,169,,,0,100,,13769,169,,,0,100,,13764,169,,,0,100,,13770,169,,,0,100,,13767,169,,,0,100,,13766,169,,,0,100,,13765,169,,,0,100,,13768,169,,,0
8500,'294e58fc-bc13-4a33-bb1d-a337996c2e9c',656,,13783,112,,,0,100,,13774,219,,,0,100,,13789,219,,,0,100,,13787,219,,,0,100,,13775,219,,,0,100,,13776,219,,,0,100,,13778,219,,,0,100,,13780,219,,,0,100,,13788,219,,,0,100,,13782,219,,,0,100,,13785,219,,,0,100,,13784,219,,,0,100,,13779,219,,,0,100,,13777,219,,,0,100,,13781,219,,,0,100,,13786,219,,,0
8500,'8e972226-8e68-4b6a-9fd3-2e7f449277f5',656,,13802,112,,,0,100,,13796,219,,,0,100,,13801,219,,,0,100,,13804,219,,,0,100,,13792,219,,,0,100,,13791,219,,,0,100,,13794,219,,,0,100,,13800,219,,,0,100,,13798,219,,,0,100,,13790,219,,,0,100,,13793,219,,,0,100,,13805,219,,,0,100,,13795,219,,,0,100,,13797,219,,,0,100,,13803,219,,,0,100,,13799,219,,,0
8500,'9493548d-afad-4b26-be65-c3aa23941f37',656,,13818,112,,,0,100,,13812,219,,,0,100,,13809,219,,,0,100,,13816,219,,,0,100,,13807,219,,,0,100,,13810,219,,,0,100,,13815,219,,,0,100,,13811,219,,,0,100,,13814,219,,,0,100,,13813,219,,,0,100,,13821,219,,,0,100,,13806,219,,,0,100,,13817,219,,,0,100,,13820,219,,,0,100,,13808,219,,,0,100,,13819,219,,,0
8500,'9577949b-c1b9-4893-a4cc-d601db41a1fc',656,,13835,112,,,0,100,,13826,219,,,0,100,,13836,219,,,0,100,,13830,219,,,0,100,,13832,219,,,0,100,,13833,219,,,0,100,,13834,219,,,0,100,,13837,219,,,0,100,,13824,219,,,0,100,,13827,219,,,0,100,,13825,219,,,0,100,,13823,219,,,0,100,,13831,219,,,0,100,,13828,219,,,0,100,,13822,219,,,0,100,,13829,219,,,0
8500,'991a1488-6339-4798-a1ff-4cc199131854',656,,13852,112,,,0,100,,13839,219,,,0,100,,13838,219,,,0,100,,13843,219,,,0,100,,13844,219,,,0,100,,13849,219,,,0,100,,13846,219,,,0,100,,13845,219,,,0,100,,13847,219,,,0,100,,13848,219,,,0,100,,13841,219,,,0,100,,13853,219,,,0,100,,13851,219,,,0,100,,13840,219,,,0,100,,13842,219,,,0,100,,13850,219,,,0
8600,'294e58fc-bc13-4a33-bb1d-a337996c2e9c',600,,13878,64,,,0,35,,13875,64,,,0,75,,13860,64,,,0,38,,13863,64,,,0,80,,13869,64,,,0,80,,13872,64,,,0,37,,13876,64,,,0,75,,13866,64,,,0,35,,13870,64,,,0,75,,13865,64,,,0,75,,13862,64,,,0,35,,13871,64,,,0,75,,13867,64,,,0,35,,13873,64,,,0,75,,13856,64,,,0,75,,13861,64,,,0,35,,13855,64,,,0,75,,13854,64,,,0,38,,13877,64,,,0,80,,13857,64,,,0,77,,13858,64,,,0,40,,13879,64,,,0,75,,13859,64,,,0,35,,13868,64,,,0,75,,13864,64,,,0,75,,13874,65,,,0
8600,'8e972226-8e68-4b6a-9fd3-2e7f449277f5',600,,13900,64,,,0,35,,13904,64,,,0,75,,13894,64,,,0,38,,13888,64,,,0,80,,13883,64,,,0,80,,13903,64,,,0,37,,13895,64,,,0,75,,13885,64,,,0,35,,13899,64,,,0,75,,13896,64,,,0,75,,13892,64,,,0,35,,13897,64,,,0,75,,13893,64,,,0,35,,13889,64,,,0,75,,13882,64,,,0,75,,13884,64,,,0,35,,13902,64,,,0,75,,13881,64,,,0,38,,13887,64,,,0,80,,13898,64,,,0,77,,13905,64,,,0,40,,13890,64,,,0,75,,13880,64,,,0,35,,13891,64,,,0,75,,13901,64,,,0,75,,13886,65,,,0
8600,'9493548d-afad-4b26-be65-c3aa23941f37',600,,13925,64,,,0,35,,13922,64,,,0,75,,13919,64,,,0,38,,13920,64,,,0,80,,13921,64,,,0,80,,13910,64,,,0,37,,13911,64,,,0,75,,13918,64,,,0,35,,13913,64,,,0,75,,13916,64,,,0,75,,13907,64,,,0,35,,13906,64,,,0,75,,13915,64,,,0,35,,13923,64,,,0,75,,13926,64,,,0,75,,13914,64,,,0,35,,13909,64,,,0,75,,13924,64,,,0,38,,13927,64,,,0,80,,13912,64,,,0,77,,13929,64,,,0,40,,13928,64,,,0,75,,13917,64,,,0,35,,13930,64,,,0,75,,13931,64,,,0,75,,13908,65,,,0
8600,'9577949b-c1b9-4893-a4cc-d601db41a1fc',600,,13948,64,,,0,35,,13951,64,,,0,75,,13940,64,,,0,38,,13943,64,,,0,80,,13946,64,,,0,80,,13941,64,,,0,37,,13939,64,,,0,75,,13950,64,,,0,35,,13949,64,,,0,75,,13942,64,,,0,75,,13936,64,,,0,35,,13947,64,,,0,75,,13937,64,,,0,35,,13955,64,,,0,75,,13938,64,,,0,75,,13956,64,,,0,35,,13953,64,,,0,75,,13945,64,,,0,38,,13933,64,,,0,80,,13954,64,,,0,77,,13944,64,,,0,40,,13935,64,,,0,75,,13934,64,,,0,35,,13957,64,,,0,75,,13932,64,,,0,75,,13952,65,,,0
8600,'991a1488-6339-4798-a1ff-4cc199131854',600,,13983,64,,,0,35,,13975,64,,,0,75,,13967,64,,,0,38,,13966,64,,,0,80,,13982,64,,,0,80,,13976,64,,,0,37,,13969,64,,,0,75,,13981,64,,,0,35,,13977,64,,,0,75,,13964,64,,,0,75,,13961,64,,,0,35,,13973,64,,,0,75,,13971,64,,,0,35,,13962,64,,,0,75,,13980,64,,,0,75,,13959,64,,,0,35,,13968,64,,,0,75,,13965,64,,,0,38,,13970,64,,,0,80,,13958,64,,,0,77,,13978,64,,,0,40,,13972,64,,,0,75,,13960,64,,,0,35,,13974,64,,,0,75,,13963,64,,,0,75,,13979,65,,,0
