8100,'294e58fc-bc13-4a33-bb1d-a337996c2e9c',2201,,13736,180,,,0
8100,'8ab1f009-ab59-4a8c-9771-20e344a37dba',708,,13746,213,,,0,100,,13737,213,,,0,100,,13743,213,,,0,200,,13744,213,,,0,100,,13745,213,,,0,100,,13738,213,,,0,200,,13739,213,,,0,100,,13750,213,,,0,100,,13742,213,,,0,100,,13741,213,,,0,100,,13747,213,,,0,100,,13749,213,,,0,100,,13740,213,,,0,93,,13748,180,,,0
8100,'8e972226-8e68-4b6a-9fd3-2e7f449277f5',2201,,13751,180,,,0
8100,'9493548d-afad-4b26-be65-c3aa23941f37',2201,,13752,180,,,0
8100,'9577949b-c1b9-4893-a4cc-d601db41a1fc',2201,,13753,180,,,0
8100,'991a1488-6339-4798-a1ff-4cc199131854',2201,,13754,180,,,0
8100,'bec99aa0-a127-4e27-ae17-e4c7db42f9ba',1108,,13755,213,,,0,100,,13756,213,,,0,200,,13760,213,,,0,100,,13759,213,,,0,100,,13758,213,,,0,100,,13761,213,,,0,98,,13757,195,,,0
8100,'c38342c9-8898-48ff-bb56-4ee52481c507',1046,,13763,180,,,0,100,,13762,180,,,0,100,,13769,180,,,0,100,,13764,180,,,0,100,,13770,180,,,0,100,,13767,180,,,0,100,,13766,180,,,0,100,,13765,180,,,0,100,,13768,180,,,0
8500,'294e58fc-bc13-4a33-bb1d-a337996c2e9c',701,,13783,123,,,0,100,,13774,230,,,0,100,,13789,230,,,0,100,,13787,230,,,0,100,,13775,230,,,0,100,,13776,230,,,0,100,,13778,230,,,0,100,,13780,230,,,0,100,,13788,230,,,0,100,,13782,230,,,0,100,,13785,230,,,0,100,,13784,230,,,0,100,,13779,230,,,0,100,,13777,230,,,0,100,,13781,230,,,0,100,,13786,230,,,0
8500,'8e972226-8e68-4b6a-9fd3-2e7f449277f5',701,,13802,123,,,0,100,,13796,230,,,0,100,,13801,230,,,0,100,,13804,230,,,0,100,,13792,230,,,0,100,,13791,230,,,0,100,,13794,230,,,0,100,,13800,230,,,0,100,,13798,230,,,0,100,,13790,230,,,0,100,,13793,230,,,0,100,,13805,230,,,0,100,,13795,230,,,0,100,,13797,230,,,0,100,,13803,230,,,0,100,,13799,230,,,0
8500,'9493548d-afad-4b26-be65-c3aa23941f37',701,,13818,123,,,0,100,,13812,230,,,0,100,,13809,230,,,0,100,,13816,230,,,0,100,,13807,230,,,0,100,,13810,230,,,0,100,,13815,230,,,0,100,,13811,230,,,0,100,,13814,230,,,0,100,,13813,230,,,0,100,,13821,230,,,0,100,,13806,230,,,0,100,,13817,230,,,0,100,,13820,230,,,0,100,,13808,230,,,0,100,,13819,230,,,0
8500,'9577949b-c1b9-4893-a4cc-d601db41a1fc',701,,13835,123,,,0,100,,13826,230,,,0,100,,13836,230,,,0,100,,13830,230,,,0,100,,13832,230,,,0,100,,13833,230,,,0,100,,13834,230,,,0,100,,13837,230,,,0,100,,13824,230,,,0,100,,13827,230,,,0,100,,13825,230,,,0,100,,13823,230,,,0,100,,13831,230,,,0,100,,13828,230,,,0,100,,13822,230,,,0,100,,13829,230,,,0
8500,'991a1488-6339-4798-a1ff-4cc199131854',701,,13852,123,,,0,100,,13839,230,,,0,100,,13838,230,,,0,100,,13843,230,,,0,100,,13844,230,,,0,100,,13849,230,,,0,100,,13846,230,,,0,100,,13845,230,,,0,100,,13847,230,,,0,100,,13848,230,,,0,100,,13841,230,,,0,100,,13853,230,,,0,100,,13851,230,,,0,100,,13840,230,,,0,100,,13842,230,,,0,100,,13850,230,,,0
