8100,'3b7f0ccc-4b86-44f9-804c-3016d4439aa6',2155,,10018,174,,,0
8100,'545fdaed-298a-4873-ae9e-185363247123',1105,,10024,206,,,0,100,,10022,206,,,0,200,,10023,206,,,0,100,,10020,206,,,0,100,,10021,206,,,0,100,,10025,206,,,0,100,,10019,189,,,0
8100,'72a07536-7ac5-462d-91fd-4adacd8d70a1',2155,,10026,174,,,0
8100,'b5be936f-506a-42fd-8fe9-aa394bb7d40c',2155,,10027,174,,,0
8100,'c0258e04-8c49-4a98-8bc9-d3680145007e',2155,,10028,174,,,0
8100,'db4ab86b-f5f5-4d9a-8c75-2988ac0b1af4',705,,10038,206,,,0,100,,10041,206,,,0,100,,10031,206,,,0,200,,10033,206,,,0,100,,10029,206,,,0,100,,10034,206,,,0,200,,10037,206,,,0,100,,10032,206,,,0,100,,10039,206,,,0,100,,10035,206,,,0,100,,10042,206,,,0,100,,10040,206,,,0,100,,10036,206,,,0,50,,10030,174,,,0
8100,'fbc81037-9cf3-4a4d-b4aa-43897a8ca294',2155,,10043,174,,,0
8500,'3b7f0ccc-4b86-44f9-804c-3016d4439aa6',658,,10047,117,,,0,100,,10049,224,,,0,100,,10048,224,,,0,100,,10056,224,,,0,100,,10053,224,,,0,100,,10055,224,,,0,100,,10062,224,,,0,100,,10054,224,,,0,100,,10051,224,,,0,100,,10050,224,,,0,100,,10052,224,,,0,100,,10059,224,,,0,100,,10060,224,,,0,100,,10061,224,,,0,100,,10058,224,,,0,100,,10057,224,,,0
8500,'72a07536-7ac5-462d-91fd-4adacd8d70a1',658,,10076,117,,,0,100,,10073,224,,,0,100,,10063,224,,,0,100,,10066,224,,,0,100,,10072,224,,,0,100,,10077,224,,,0,100,,10071,224,,,0,100,,10070,224,,,0,100,,10064,224,,,0,100,,10068,224,,,0,100,,10069,224,,,0,100,,10078,224,,,0,100,,10075,224,,,0,100,,10074,224,,,0,100,,10067,224,,,0,100,,10065,224,,,0
8500,'b5be936f-506a-42fd-8fe9-aa394bb7d40c',658,,10090,117,,,0,100,,10080,224,,,0,100,,10094,224,,,0,100,,10093,224,,,0,100,,10091,224,,,0,100,,10079,224,,,0,100,,10085,224,,,0,100,,10083,224,,,0,100,,10089,224,,,0,100,,10088,224,,,0,100,,10082,224,,,0,100,,10081,224,,,0,100,,10092,224,,,0,100,,10087,224,,,0,100,,10084,224,,,0,100,,10086,224,,,0
8500,'c0258e04-8c49-4a98-8bc9-d3680145007e',658,,10099,117,,,0,100,,10107,224,,,0,100,,10110,224,,,0,100,,10101,224,,,0,100,,10108,224,,,0,100,,10095,224,,,0,100,,10098,224,,,0,100,,10104,224,,,0,100,,10106,224,,,0,100,,10102,224,,,0,100,,10105,224,,,0,100,,10100,224,,,0,100,,10103,224,,,0,100,,10096,224,,,0,100,,10109,224,,,0,100,,10097,224,,,0
8500,'fbc81037-9cf3-4a4d-b4aa-43897a8ca294',658,,10113,117,,,0,100,,10119,224,,,0,100,,10124,224,,,0,100,,10111,224,,,0,100,,10123,224,,,0,100,,10112,224,,,0,100,,10115,224,,,0,100,,10117,224,,,0,100,,10125,224,,,0,100,,10118,224,,,0,100,,10114,224,,,0,100,,10121,224,,,0,100,,10116,224,,,0,100,,10122,224,,,0,100,,10126,224,,,0,100,,10120,224,,,0
