6400,'294e58fc-bc13-4a33-bb1d-a337996c2e9c',649,,13088,106,,,0,75,,13067,106,,,0,19,,13059,106,,,0,58,,13083,106,,,0,18,,13075,106,,,0,18,,13057,106,,,0,18,,13061,106,,,0,58,,13062,106,,,0,18,,13073,106,,,0,18,,13069,106,,,0,58,,13090,106,,,0,18,,13064,106,,,0,75,,13074,106,,,0,35,,13066,106,,,0,75,,13084,106,,,0,35,,13091,106,,,0,75,,13071,106,,,0,35,,13086,106,,,0,75,,13076,106,,,0,75,,13080,106,,,0,18,,13089,106,,,0,18,,13087,106,,,0,18,,13092,106,,,0,58,,13079,106,,,0,18,,13056,106,,,0,18,,13063,106,,,0,58,,13081,106,,,0,18,,13072,106,,,0,18,,13058,106,,,0,58,,13065,106,,,0,35,,13078,106,,,0,75,,13077,106,,,0,35,,13060,106,,,0,75,,13085,106,,,0,31,,13070,106,,,0,70,,13068,106,,,0,30,,13082,106,,,0,69,,13055,106,,,0
6400,'8ab1f009-ab59-4a8c-9771-20e344a37dba',649,,13093,106,,,0,75,,13113,106,,,0,78,,13117,106,,,0,40,,13098,106,,,0,80,,13095,106,,,0,37,,13111,106,,,0,75,,13115,106,,,0,75,,13096,106,,,0,35,,13099,106,,,0,75,,13101,106,,,0,35,,13109,106,,,0,75,,13097,106,,,0,75,,13104,106,,,0,35,,13106,106,,,0,75,,13114,106,,,0,35,,13110,106,,,0,78,,13108,106,,,0,80,,13116,106,,,0,40,,13107,106,,,0,80,,13112,106,,,0,77,,13105,106,,,0,35,,13118,106,,,0,75,,13094,106,,,0,35,,13100,106,,,0,75,,13102,106,,,0,35,,13103,106,,,0,71,,13119,106,,,0
6400,'8e972226-8e68-4b6a-9fd3-2e7f449277f5',649,,13132,106,,,0,75,,13135,106,,,0,19,,13154,106,,,0,58,,13137,106,,,0,18,,13140,106,,,0,18,,13157,106,,,0,18,,13155,106,,,0,58,,13121,106,,,0,18,,13122,106,,,0,18,,13153,106,,,0,58,,13139,106,,,0,18,,13144,106,,,0,75,,13149,106,,,0,35,,13136,106,,,0,75,,13126,106,,,0,35,,13123,106,,,0,75,,13138,106,,,0,35,,13151,106,,,0,75,,13125,106,,,0,75,,13150,106,,,0,18,,13145,106,,,0,18,,13143,106,,,0,18,,13148,106,,,0,58,,13147,106,,,0,18,,13146,106,,,0,18,,13128,106,,,0,58,,13127,106,,,0,18,,13142,106,,,0,18,,13134,106,,,0,58,,13152,106,,,0,35,,13120,106,,,0,75,,13124,106,,,0,35,,13133,106,,,0,75,,13141,106,,,0,31,,13129,106,,,0,70,,13131,106,,,0,30,,13156,106,,,0,69,,13130,106,,,0
6400,'9493548d-afad-4b26-be65-c3aa23941f37',649,,13163,106,,,0,75,,13183,106,,,0,19,,13167,106,,,0,58,,13194,106,,,0,18,,13166,106,,,0,18,,13182,106,,,0,18,,13164,106,,,0,58,,13169,106,,,0,18,,13192,106,,,0,18,,13174,106,,,0,58,,13176,106,,,0,18,,13158,106,,,0,75,,13177,106,,,0,35,,13195,106,,,0,75,,13178,106,,,0,35,,13180,106,,,0,75,,13165,106,,,0,35,,13186,106,,,0,75,,13160,106,,,0,75,,13179,106,,,0,18,,13189,106,,,0,18,,13170,106,,,0,18,,13175,106,,,0,58,,13172,106,,,0,18,,13162,106,,,0,18,,13181,106,,,0,58,,13193,106,,,0,18,,13185,106,,,0,18,,13159,106,,,0,58,,13187,106,,,0,35,,13190,106,,,0,75,,13161,106,,,0,35,,13188,106,,,0,75,,13173,106,,,0,31,,13168,106,,,0,70,,13171,106,,,0,30,,13184,106,,,0,69,,13191,106,,,0
6400,'9577949b-c1b9-4893-a4cc-d601db41a1fc',649,,13222,106,,,0,75,,13214,106,,,0,19,,13207,106,,,0,58,,13213,106,,,0,18,,13210,106,,,0,18,,13199,106,,,0,18,,13229,106,,,0,58,,13224,106,,,0,18,,13218,106,,,0,18,,13209,106,,,0,58,,13206,106,,,0,18,,13208,106,,,0,75,,13212,106,,,0,35,,13197,106,,,0,75,,13198,106,,,0,35,,13233,106,,,0,75,,13226,106,,,0,35,,13216,106,,,0,75,,13232,106,,,0,75,,13227,106,,,0,18,,13205,106,,,0,18,,13211,106,,,0,18,,13223,106,,,0,58,,13220,106,,,0,18,,13217,106,,,0,18,,13204,106,,,0,58,,13231,106,,,0,18,,13221,106,,,0,18,,13201,106,,,0,58,,13203,106,,,0,35,,13219,106,,,0,75,,13230,106,,,0,35,,13202,106,,,0,75,,13228,106,,,0,31,,13215,106,,,0,70,,13200,106,,,0,30,,13196,106,,,0,69,,13225,106,,,0
6400,'991a1488-6339-4798-a1ff-4cc199131854',649,,13251,106,,,0,75,,13262,106,,,0,19,,13263,106,,,0,58,,13259,106,,,0,18,,13266,106,,,0,18,,13241,106,,,0,18,,13246,106,,,0,58,,13234,106,,,0,18,,13245,106,,,0,18,,13267,106,,,0,58,,13253,106,,,0,18,,13255,106,,,0,75,,13254,106,,,0,35,,13264,106,,,0,75,,13258,106,,,0,35,,13257,106,,,0,75,,13271,106,,,0,35,,13268,106,,,0,75,,13237,106,,,0,75,,13261,106,,,0,18,,13242,106,,,0,18,,13256,106,,,0,18,,13236,106,,,0,58,,13239,106,,,0,18,,13248,106,,,0,18,,13240,106,,,0,58,,13235,106,,,0,18,,13249,106,,,0,18,,13269,106,,,0,58,,13270,106,,,0,35,,13250,106,,,0,75,,13265,106,,,0,35,,13260,106,,,0,75,,13238,106,,,0,31,,13252,106,,,0,70,,13243,106,,,0,30,,13247,106,,,0,69,,13244,106,,,0
6400,'bec99aa0-a127-4e27-ae17-e4c7db42f9ba',959,,13286,106,,,0,75,,13274,106,,,0,75,,13272,106,,,0,35,,13278,106,,,0,75,,13277,106,,,0,35,,13287,106,,,0,75,,13279,106,,,0,75,,13285,106,,,0,35,,13276,106,,,0,75,,13281,106,,,0,35,,13284,106,,,0,75,,13282,106,,,0,35,,13273,106,,,0,75,,13280,106,,,0,75,,13275,106,,,0
6400,'c38342c9-8898-48ff-bb56-4ee52481c507',1029,,13293,106,,,0,75,,13289,106,,,0,35,,13299,106,,,0,75,,13302,106,,,0,35,,13290,106,,,0,75,,13301,106,,,0,35,,13294,106,,,0,75,,13300,106,,,0,75,,13297,106,,,0,35,,13303,106,,,0,75,,13288,106,,,0,35,,13291,106,,,0,75,,13295,106,,,0,75,,13298,106,,,0,35,,13292,106,,,0,75,,13296,106,,,0
6600,'294e58fc-bc13-4a33-bb1d-a337996c2e9c',723,,13494,243,,,0,110,,13489,243,,,0,170,,13496,243,,,0,109,,13493,243,,,0,111,,13491,243,,,0,114,,13490,301,0,8,0,111,,13488,243,,,0,110,,13498,243,,,0,150,,13499,243,,,0,110,,13497,243,,,0,114,,13495,301,0,8,0,103,,13492,243,,,0
6600,'8ab1f009-ab59-4a8c-9771-20e344a37dba',723,,13500,243,,,0,100,,13503,243,,,0,800,,13504,243,,,0,100,,13501,243,,,0,100,,13502,243,,,0
6600,'8e972226-8e68-4b6a-9fd3-2e7f449277f5',723,,13506,243,,,0,110,,13507,243,,,0,170,,13505,243,,,0,109,,13510,243,,,0,111,,13508,243,,,0,114,,13514,301,0,8,0,111,,13512,243,,,0,110,,13513,243,,,0,150,,13511,243,,,0,110,,13515,243,,,0,114,,13516,301,0,8,0,103,,13509,243,,,0
6600,'9493548d-afad-4b26-be65-c3aa23941f37',723,,13525,243,,,0,110,,13519,243,,,0,170,,13527,243,,,0,109,,13518,243,,,0,111,,13524,243,,,0,114,,13517,301,0,8,0,111,,13523,243,,,0,110,,13521,243,,,0,150,,13528,243,,,0,110,,13522,243,,,0,114,,13526,301,0,8,0,103,,13520,243,,,0
6600,'9577949b-c1b9-4893-a4cc-d601db41a1fc',723,,13529,243,,,0,110,,13539,243,,,0,170,,13536,243,,,0,109,,13537,243,,,0,111,,13538,243,,,0,114,,13533,301,0,8,0,111,,13531,243,,,0,110,,13534,243,,,0,150,,13540,243,,,0,110,,13530,243,,,0,114,,13535,301,0,8,0,103,,13532,243,,,0
6600,'991a1488-6339-4798-a1ff-4cc199131854',723,,13541,243,,,0,110,,13551,243,,,0,170,,13543,243,,,0,109,,13550,243,,,0,111,,13549,243,,,0,114,,13548,301,0,8,0,111,,13542,243,,,0,110,,13547,243,,,0,150,,13546,243,,,0,110,,13545,243,,,0,114,,13544,301,0,8,0,103,,13552,243,,,0
6600,'bec99aa0-a127-4e27-ae17-e4c7db42f9ba',1123,,13554,243,,,0,200,,13556,243,,,0,200,,13553,243,,,0,200,,13555,243,,,0
