1600,'294e58fc-bc13-4a33-bb1d-a337996c2e9c',645,,10826,3,,,0,70,,10821,3,,,0,35,,10843,3,,,0,75,,10820,3,,,0,30,,10829,3,,,0,70,,10819,3,,,0,30,,10840,3,,,0,70,,10838,3,,,0,30,,10839,3,,,0,70,,10832,3,,,0,30,,10833,3,,,0,80,,10822,3,,,0,75,,10842,3,,,0,35,,10828,3,,,0,75,,10836,3,,,0,35,,10823,3,,,0,75,,10818,3,,,0,75,,10824,3,,,0,40,,10825,3,,,0,80,,10841,3,,,0,80,,10834,3,,,0,30,,10835,3,,,0,70,,10830,3,,,0,30,,10817,3,,,0,70,,10827,3,,,0,30,,10837,3,,,0,70,,10831,3,,,0
1600,'8ab1f009-ab59-4a8c-9771-20e344a37dba',1130,,10856,3,,,0,75,,10846,3,,,0,35,,10845,3,,,0,75,,10855,3,,,0,35,,10844,3,,,0,75,,10853,3,,,0,75,,10851,3,,,0,35,,10852,3,,,0,75,,10849,3,,,0,35,,10854,3,,,0,75,,10848,3,,,0,35,,10847,3,,,0,75,,10850,3,,,0
1600,'8e972226-8e68-4b6a-9fd3-2e7f449277f5',645,,10880,3,,,0,70,,10877,3,,,0,35,,10859,3,,,0,75,,10860,3,,,0,30,,10868,3,,,0,70,,10861,3,,,0,30,,10874,3,,,0,70,,10879,3,,,0,30,,10870,3,,,0,70,,10857,3,,,0,30,,10863,3,,,0,80,,10866,3,,,0,75,,10883,3,,,0,35,,10867,3,,,0,75,,10873,3,,,0,35,,10858,3,,,0,75,,10878,3,,,0,75,,10882,3,,,0,40,,10875,3,,,0,80,,10872,3,,,0,80,,10871,3,,,0,30,,10862,3,,,0,70,,10881,3,,,0,30,,10864,3,,,0,70,,10876,3,,,0,30,,10865,3,,,0,70,,10869,3,,,0
1600,'9493548d-afad-4b26-be65-c3aa23941f37',645,,10904,3,,,0,70,,10903,3,,,0,35,,10896,3,,,0,75,,10894,3,,,0,30,,10899,3,,,0,70,,10884,3,,,0,30,,10889,3,,,0,70,,10895,3,,,0,30,,10908,3,,,0,70,,10905,3,,,0,30,,10906,3,,,0,80,,10891,3,,,0,75,,10907,3,,,0,35,,10892,3,,,0,75,,10910,3,,,0,35,,10900,3,,,0,75,,10902,3,,,0,75,,10898,3,,,0,40,,10893,3,,,0,80,,10888,3,,,0,80,,10890,3,,,0,30,,10885,3,,,0,70,,10886,3,,,0,30,,10897,3,,,0,70,,10901,3,,,0,30,,10887,3,,,0,70,,10909,3,,,0
1600,'9577949b-c1b9-4893-a4cc-d601db41a1fc',645,,10929,3,,,0,70,,10913,3,,,0,35,,10925,3,,,0,75,,10937,3,,,0,30,,10922,3,,,0,70,,10930,3,,,0,30,,10933,3,,,0,70,,10912,3,,,0,30,,10931,3,,,0,70,,10914,3,,,0,30,,10932,3,,,0,80,,10921,3,,,0,75,,10927,3,,,0,35,,10915,3,,,0,75,,10916,3,,,0,35,,10917,3,,,0,75,,10935,3,,,0,75,,10936,3,,,0,40,,10926,3,,,0,80,,10934,3,,,0,80,,10923,3,,,0,30,,10918,3,,,0,70,,10924,3,,,0,30,,10911,3,,,0,70,,10928,3,,,0,30,,10919,3,,,0,70,,10920,3,,,0
1600,'991a1488-6339-4798-a1ff-4cc199131854',645,,10959,3,,,0,70,,10957,3,,,0,35,,10941,3,,,0,75,,10951,3,,,0,30,,10945,3,,,0,70,,10948,3,,,0,30,,10952,3,,,0,70,,10943,3,,,0,30,,10950,3,,,0,70,,10955,3,,,0,30,,10944,3,,,0,80,,10963,3,,,0,75,,10960,3,,,0,35,,10954,3,,,0,75,,10947,3,,,0,35,,10939,3,,,0,75,,10946,3,,,0,75,,10949,3,,,0,40,,10956,3,,,0,80,,10953,3,,,0,80,,10962,3,,,0,30,,10942,3,,,0,70,,10961,3,,,0,30,,10964,3,,,0,70,,10958,3,,,0,30,,10938,3,,,0,70,,10940,3,,,0
1600,'bec99aa0-a127-4e27-ae17-e4c7db42f9ba',1020,,10969,3,,,0,35,,10977,3,,,0,75,,10972,3,,,0,75,,10967,3,,,0,35,,10966,3,,,0,75,,10975,3,,,0,35,,10973,3,,,0,75,,10971,3,,,0,75,,10974,3,,,0,35,,10968,3,,,0,75,,10965,3,,,0,35,,10970,3,,,0,75,,10976,3,,,0
5000,'294e58fc-bc13-4a33-bb1d-a337996c2e9c',638,,11010,5,,,0,64,,10981,5,,,0,26,,11003,5,,,0,26,,10988,5,,,0,66,,11006,5,,,0,26,,10992,5,,,0,66,,10980,5,,,0,26,,10978,5,,,0,66,,10993,4,,,0,26,,10990,5,,,0,28,,11011,5,,,0,87,,11002,5,,,0,73,,11009,5,,,0,84,,10994,5,,,0,34,,11007,5,,,0,68,,10995,5,,,0,25,,10987,5,,,0,29,,10996,5,,,0,67,,11005,5,,,0,27,,11012,5,,,0,67,,10999,5,,,0,34,,10984,5,,,0,72,,10997,5,,,0,27,,11013,5,,,0,74,,11008,5,,,0,24,,10989,5,,,0,64,,10998,5,,,0,26,,11000,4,,,0,67,,10986,5,,,0,23,,10982,5,,,0,90,,11004,5,,,0,23,,10991,4,,,0,90,,10979,4,,,0
5000,'8ab1f009-ab59-4a8c-9771-20e344a37dba',705,,11031,5,,,0,35,,11037,5,,,0,75,,11041,5,,,0,35,,11034,5,,,0,75,,11015,5,,,0,75,,11035,5,,,0,35,,11022,5,,,0,75,,11023,5,,,0,35,,11036,5,,,0,77,,11038,5,,,0,80,,11028,5,,,0,37,,11032,5,,,0,80,,11026,5,,,0,37,,11027,5,,,0,80,,11017,5,,,0,77,,11029,5,,,0,40,,11019,5,,,0,77,,11033,5,,,0,78,,11024,5,,,0,37,,11040,5,,,0,75,,11030,5,,,0,35,,11018,5,,,0,75,,11016,5,,,0,75,,11014,4,,,0,35,,11025,4,,,0
5000,'8e972226-8e68-4b6a-9fd3-2e7f449277f5',638,,11074,5,,,0,64,,11049,5,,,0,26,,11059,5,,,0,26,,11045,5,,,0,66,,11057,5,,,0,26,,11054,5,,,0,66,,11043,5,,,0,26,,11064,5,,,0,66,,11071,4,,,0,26,,11070,5,,,0,28,,11077,5,,,0,87,,11069,5,,,0,73,,11063,5,,,0,84,,11053,5,,,0,34,,11062,5,,,0,68,,11052,5,,,0,25,,11046,5,,,0,29,,11042,5,,,0,67,,11060,5,,,0,27,,11066,5,,,0,67,,11076,5,,,0,34,,11056,5,,,0,72,,11068,5,,,0,27,,11055,5,,,0,74,,11050,5,,,0,24,,11075,5,,,0,64,,11072,5,,,0,26,,11048,4,,,0,67,,11058,5,,,0,23,,11065,5,,,0,90,,11047,5,,,0,23,,11073,4,,,0,90,,11061,4,,,0
5000,'9493548d-afad-4b26-be65-c3aa23941f37',638,,11091,5,,,0,64,,11097,5,,,0,26,,11102,5,,,0,26,,11079,5,,,0,66,,11090,5,,,0,26,,11082,5,,,0,66,,11085,5,,,0,26,,11093,5,,,0,66,,11078,4,,,0,26,,11111,5,,,0,28,,11099,5,,,0,87,,11092,5,,,0,73,,11086,5,,,0,84,,11084,5,,,0,34,,11103,5,,,0,68,,11087,5,,,0,25,,11104,5,,,0,29,,11105,5,,,0,67,,11096,5,,,0,27,,11109,5,,,0,67,,11101,5,,,0,34,,11098,5,,,0,72,,11100,5,,,0,27,,11088,5,,,0,74,,11094,5,,,0,24,,11081,5,,,0,64,,11095,5,,,0,26,,11113,4,,,0,67,,11080,5,,,0,23,,11083,5,,,0,90,,11112,5,,,0,23,,11110,4,,,0,90,,11089,4,,,0
5000,'9577949b-c1b9-4893-a4cc-d601db41a1fc',638,,11131,5,,,0,64,,11137,5,,,0,26,,11127,5,,,0,26,,11141,5,,,0,66,,11120,5,,,0,26,,11129,5,,,0,66,,11123,5,,,0,26,,11114,5,,,0,66,,11128,4,,,0,26,,11145,5,,,0,28,,11140,5,,,0,87,,11132,5,,,0,73,,11135,5,,,0,84,,11149,5,,,0,34,,11134,5,,,0,68,,11142,5,,,0,25,,11117,5,,,0,29,,11143,5,,,0,67,,11138,5,,,0,27,,11121,5,,,0,67,,11119,5,,,0,34,,11116,5,,,0,72,,11118,5,,,0,27,,11133,5,,,0,74,,11148,5,,,0,24,,11136,5,,,0,64,,11146,5,,,0,26,,11147,4,,,0,67,,11124,5,,,0,23,,11115,5,,,0,90,,11130,5,,,0,23,,11122,4,,,0,90,,11139,4,,,0
5000,'991a1488-6339-4798-a1ff-4cc199131854',638,,11177,5,,,0,64,,11163,5,,,0,26,,11172,5,,,0,26,,11171,5,,,0,66,,11175,5,,,0,26,,11180,5,,,0,66,,11157,5,,,0,26,,11182,5,,,0,66,,11162,4,,,0,26,,11155,5,,,0,28,,11165,5,,,0,87,,11178,5,,,0,73,,11154,5,,,0,84,,11168,5,,,0,34,,11181,5,,,0,68,,11176,5,,,0,25,,11167,5,,,0,29,,11164,5,,,0,67,,11153,5,,,0,27,,11156,5,,,0,67,,11150,5,,,0,34,,11184,5,,,0,72,,11170,5,,,0,27,,11174,5,,,0,74,,11159,5,,,0,24,,11158,5,,,0,64,,11151,5,,,0,26,,11179,4,,,0,67,,11152,5,,,0,23,,11173,5,,,0,90,,11183,5,,,0,23,,11161,4,,,0,90,,11166,4,,,0
5000,'bec99aa0-a127-4e27-ae17-e4c7db42f9ba',1000,,11202,5,,,0,35,,11195,5,,,0,75,,11192,5,,,0,35,,11191,5,,,0,75,,11188,5,,,0,35,,11196,5,,,0,75,,11187,5,,,0,75,,11190,5,,,0,35,,11193,5,,,0,75,,11200,5,,,0,35,,11199,5,,,0,75,,11194,5,,,0,75,,11189,5,,,0,35,,11197,4,,,0,70,,11203,4,,,0,5,,11201,4,,,0
5000,'c38342c9-8898-48ff-bb56-4ee52481c507',1000,,11204,5,,,0,35,,11213,5,,,0,75,,11212,5,,,0,35,,11209,5,,,0,75,,11206,5,,,0,35,,11219,5,,,0,75,,11210,5,,,0,75,,11221,5,,,0,35,,11216,5,,,0,75,,11218,5,,,0,35,,11215,5,,,0,75,,11220,5,,,0,75,,11211,5,,,0,35,,11205,5,,,0,75,,11217,4,,,0,35,,11208,4,,,0,10,,11207,4,,,0
6100,'294e58fc-bc13-4a33-bb1d-a337996c2e9c',535,,12451,5,,,0,75,,12417,5,,,0,35,,12428,5,,,0,55,,12424,5,,,0,20,,12444,5,,,0,20,,12418,5,,,0,60,,12440,5,,,0,20,,12454,5,,,0,20,,12436,5,,,0,60,,12442,5,,,0,20,,12453,5,,,0,80,,12432,5,,,0,40,,12437,5,,,0,80,,12416,5,,,0,80,,12447,5,,,0,40,,12430,5,,,0,60,,12446,5,,,0,25,,12426,5,,,0,20,,12438,5,,,0,60,,12450,5,,,0,20,,12429,5,,,0,25,,12443,5,,,0,60,,12414,5,,,0,25,,12445,5,,,0,20,,12422,5,,,0,65,,12448,5,,,0,20,,12413,5,,,0,65,,12434,5,,,0,20,,12423,5,,,0,25,,12435,5,,,0,60,,12421,5,,,0,20,,12419,5,,,0,20,,12441,5,,,0,60,,12439,5,,,0,20,,12420,5,,,0,15,,12425,5,,,0,75,,12431,5,,,0,35,,12452,5,,,0,75,,12433,5,,,0,75,,12415,5,,,0,35,,12427,5,,,0,75,,12449,5,,,0
6100,'8ab1f009-ab59-4a8c-9771-20e344a37dba',610,,12459,5,,,0,90,,12455,5,,,0,40,,12460,5,,,0,80,,12457,5,,,0,80,,12466,5,,,0,40,,12467,5,,,0,80,,12474,5,,,0,80,,12470,5,,,0,45,,12471,5,,,0,85,,12475,5,,,0,85,,12469,5,,,0,85,,12461,5,,,0,45,,12472,5,,,0,85,,12476,5,,,0,85,,12458,5,,,0,85,,12465,5,,,0,45,,12462,5,,,0,85,,12456,5,,,0,75,,12478,5,,,0,35,,12468,5,,,0,75,,12473,5,,,0,35,,12477,5,,,0,75,,12464,5,,,0,75,,12463,4,,,0
6100,'8e972226-8e68-4b6a-9fd3-2e7f449277f5',535,,12491,5,,,0,75,,12483,5,,,0,35,,12513,5,,,0,55,,12498,5,,,0,20,,12485,5,,,0,20,,12510,5,,,0,60,,12519,5,,,0,20,,12490,5,,,0,20,,12507,5,,,0,60,,12520,5,,,0,20,,12504,5,,,0,80,,12508,5,,,0,40,,12511,5,,,0,80,,12484,5,,,0,80,,12515,5,,,0,40,,12512,5,,,0,60,,12482,5,,,0,25,,12516,5,,,0,20,,12488,5,,,0,60,,12492,5,,,0,20,,12481,5,,,0,25,,12487,5,,,0,60,,12495,5,,,0,25,,12489,5,,,0,20,,12509,5,,,0,65,,12494,5,,,0,20,,12500,5,,,0,65,,12497,5,,,0,20,,12503,5,,,0,25,,12479,5,,,0,60,,12501,5,,,0,20,,12514,5,,,0,20,,12496,5,,,0,60,,12486,5,,,0,20,,12517,5,,,0,15,,12518,5,,,0,75,,12480,5,,,0,35,,12502,5,,,0,75,,12499,5,,,0,75,,12506,5,,,0,35,,12505,5,,,0,75,,12493,5,,,0
6100,'9493548d-afad-4b26-be65-c3aa23941f37',535,,12551,5,,,0,75,,12525,5,,,0,35,,12545,5,,,0,55,,12559,5,,,0,20,,12535,5,,,0,20,,12523,5,,,0,60,,12522,5,,,0,20,,12562,5,,,0,20,,12547,5,,,0,60,,12552,5,,,0,20,,12538,5,,,0,80,,12540,5,,,0,40,,12544,5,,,0,80,,12531,5,,,0,80,,12557,5,,,0,40,,12533,5,,,0,60,,12527,5,,,0,25,,12558,5,,,0,20,,12541,5,,,0,60,,12556,5,,,0,20,,12549,5,,,0,25,,12543,5,,,0,60,,12532,5,,,0,25,,12550,5,,,0,20,,12530,5,,,0,65,,12537,5,,,0,20,,12529,5,,,0,65,,12534,5,,,0,20,,12555,5,,,0,25,,12554,5,,,0,60,,12528,5,,,0,20,,12546,5,,,0,20,,12553,5,,,0,60,,12526,5,,,0,20,,12536,5,,,0,15,,12548,5,,,0,75,,12560,5,,,0,35,,12561,5,,,0,75,,12542,5,,,0,75,,12539,5,,,0,35,,12521,5,,,0,75,,12524,5,,,0
6100,'9577949b-c1b9-4893-a4cc-d601db41a1fc',535,,12576,5,,,0,75,,12564,5,,,0,35,,12594,5,,,0,55,,12573,5,,,0,20,,12599,5,,,0,20,,12567,5,,,0,60,,12596,5,,,0,20,,12580,5,,,0,20,,12575,5,,,0,60,,12600,5,,,0,20,,12586,5,,,0,80,,12603,5,,,0,40,,12588,5,,,0,80,,12566,5,,,0,80,,12591,5,,,0,40,,12568,5,,,0,60,,12587,5,,,0,25,,12565,5,,,0,20,,12590,5,,,0,60,,12570,5,,,0,20,,12593,5,,,0,25,,12595,5,,,0,60,,12569,5,,,0,25,,12581,5,,,0,20,,12572,5,,,0,65,,12578,5,,,0,20,,12579,5,,,0,65,,12584,5,,,0,20,,12589,5,,,0,25,,12604,5,,,0,60,,12574,5,,,0,20,,12582,5,,,0,20,,12592,5,,,0,60,,12585,5,,,0,20,,12598,5,,,0,15,,12601,5,,,0,75,,12571,5,,,0,35,,12577,5,,,0,75,,12602,5,,,0,75,,12597,5,,,0,35,,12563,5,,,0,75,,12583,5,,,0
6100,'991a1488-6339-4798-a1ff-4cc199131854',535,,12641,5,,,0,75,,12616,5,,,0,35,,12635,5,,,0,55,,12643,5,,,0,20,,12634,5,,,0,20,,12621,5,,,0,60,,12622,5,,,0,20,,12624,5,,,0,20,,12619,5,,,0,60,,12633,5,,,0,20,,12636,5,,,0,80,,12628,5,,,0,40,,12639,5,,,0,80,,12615,5,,,0,80,,12645,5,,,0,40,,12638,5,,,0,60,,12609,5,,,0,25,,12606,5,,,0,20,,12610,5,,,0,60,,12626,5,,,0,20,,12617,5,,,0,25,,12611,5,,,0,60,,12623,5,,,0,25,,12629,5,,,0,20,,12630,5,,,0,65,,12605,5,,,0,20,,12640,5,,,0,65,,12631,5,,,0,20,,12612,5,,,0,25,,12646,5,,,0,60,,12627,5,,,0,20,,12618,5,,,0,20,,12614,5,,,0,60,,12608,5,,,0,20,,12607,5,,,0,15,,12644,5,,,0,75,,12637,5,,,0,35,,12632,5,,,0,75,,12620,5,,,0,75,,12613,5,,,0,35,,12625,5,,,0,75,,12642,5,,,0
6100,'bec99aa0-a127-4e27-ae17-e4c7db42f9ba',930,,12647,5,,,0,80,,12654,5,,,0,40,,12653,5,,,0,80,,12656,5,,,0,80,,12648,5,,,0,40,,12652,5,,,0,80,,12657,5,,,0,80,,12651,5,,,0,40,,12655,5,,,0,80,,12650,5,,,0,80,,12649,5,,,0,40,,12659,5,,,0,80,,12658,4,,,0
6100,'c38342c9-8898-48ff-bb56-4ee52481c507',1005,,12673,5,,,0,35,,12664,5,,,0,75,,12669,5,,,0,35,,12663,5,,,0,75,,12671,5,,,0,75,,12660,5,,,0,35,,12665,5,,,0,75,,12668,5,,,0,35,,12667,5,,,0,75,,12672,5,,,0,35,,12666,5,,,0,75,,12662,5,,,0,80,,12670,5,,,0,35,,12674,5,,,0,75,,12661,5,,,0
6300,'294e58fc-bc13-4a33-bb1d-a337996c2e9c',630,,12892,4,,,0,70,,12882,4,,,0,30,,12879,4,,,0,75,,12896,4,,,0,35,,12895,4,,,0,75,,12886,4,,,0,35,,12900,4,,,0,75,,12898,4,,,0,75,,12887,4,,,0,30,,12878,4,,,0,70,,12890,4,,,0,30,,12893,4,,,0,75,,12884,4,,,0,35,,12880,4,,,0,75,,12883,4,,,0,35,,12888,4,,,0,75,,12897,4,,,0,75,,12881,4,,,0,35,,12903,4,,,0,75,,12899,4,,,0,35,,12902,4,,,0,75,,12891,4,,,0,35,,12885,4,,,0,75,,12889,4,,,0,75,,12904,4,,,0,35,,12894,4,,,0,70,,12901,4,0,5,0
6300,'8ab1f009-ab59-4a8c-9771-20e344a37dba',630,,12916,4,,,0,70,,12909,4,,,0,30,,12922,4,,,0,75,,12912,4,,,0,35,,12929,4,,,0,75,,12926,4,,,0,35,,12905,4,,,0,75,,12924,4,,,0,75,,12911,4,,,0,30,,12908,4,,,0,70,,12913,4,,,0,30,,12925,4,,,0,75,,12927,4,,,0,35,,12915,4,,,0,75,,12920,4,,,0,35,,12914,4,,,0,75,,12906,4,,,0,75,,12910,4,,,0,35,,12918,4,,,0,75,,12931,4,,,0,35,,12921,4,,,0,75,,12907,4,,,0,35,,12928,4,,,0,75,,12917,4,,,0,75,,12930,4,,,0,35,,12919,4,,,0,70,,12923,4,0,5,0
6300,'8e972226-8e68-4b6a-9fd3-2e7f449277f5',630,,12941,4,,,0,70,,12957,4,,,0,30,,12940,4,,,0,75,,12943,4,,,0,35,,12946,4,,,0,75,,12944,4,,,0,35,,12958,4,,,0,75,,12953,4,,,0,75,,12950,4,,,0,30,,12956,4,,,0,70,,12955,4,,,0,30,,12933,4,,,0,75,,12949,4,,,0,35,,12948,4,,,0,75,,12942,4,,,0,35,,12935,4,,,0,75,,12939,4,,,0,75,,12952,4,,,0,35,,12937,4,,,0,75,,12938,4,,,0,35,,12951,4,,,0,75,,12936,4,,,0,35,,12954,4,,,0,75,,12947,4,,,0,75,,12934,4,,,0,35,,12932,4,,,0,70,,12945,4,0,5,0
6300,'9493548d-afad-4b26-be65-c3aa23941f37',630,,12962,4,,,0,70,,12968,4,,,0,30,,12982,4,,,0,75,,12959,4,,,0,35,,12961,4,,,0,75,,12964,4,,,0,35,,12981,4,,,0,75,,12979,4,,,0,75,,12977,4,,,0,30,,12973,4,,,0,70,,12980,4,,,0,30,,12983,4,,,0,75,,12975,4,,,0,35,,12971,4,,,0,75,,12974,4,,,0,35,,12965,4,,,0,75,,12978,4,,,0,75,,12970,4,,,0,35,,12984,4,,,0,75,,12969,4,,,0,35,,12972,4,,,0,75,,12960,4,,,0,35,,12976,4,,,0,75,,12985,4,,,0,75,,12967,4,,,0,35,,12963,4,,,0,70,,12966,4,0,5,0
6300,'9577949b-c1b9-4893-a4cc-d601db41a1fc',630,,13004,4,,,0,70,,13001,4,,,0,30,,12991,4,,,0,75,,13007,4,,,0,35,,12988,4,,,0,75,,12993,4,,,0,35,,12989,4,,,0,75,,12990,4,,,0,75,,12987,4,,,0,30,,12994,4,,,0,70,,12995,4,,,0,30,,13011,4,,,0,75,,12999,4,,,0,35,,12997,4,,,0,75,,13000,4,,,0,35,,12986,4,,,0,75,,12992,4,,,0,75,,13005,4,,,0,35,,12996,4,,,0,75,,13003,4,,,0,35,,13010,4,,,0,75,,12998,4,,,0,35,,13009,4,,,0,75,,13006,4,,,0,75,,13008,4,,,0,35,,13002,4,,,0,70,,13012,4,0,5,0
6300,'991a1488-6339-4798-a1ff-4cc199131854',630,,13016,4,,,0,70,,13037,4,,,0,30,,13018,4,,,0,75,,13028,4,,,0,35,,13025,4,,,0,75,,13038,4,,,0,35,,13031,4,,,0,75,,13033,4,,,0,75,,13023,4,,,0,30,,13024,4,,,0,70,,13015,4,,,0,30,,13034,4,,,0,75,,13014,4,,,0,35,,13036,4,,,0,75,,13026,4,,,0,35,,13029,4,,,0,75,,13019,4,,,0,75,,13021,4,,,0,35,,13027,4,,,0,75,,13022,4,,,0,35,,13017,4,,,0,75,,13013,4,,,0,35,,13030,4,,,0,75,,13035,4,,,0,75,,13039,4,,,0,35,,13032,4,,,0,70,,13020,4,0,5,0
6300,'bec99aa0-a127-4e27-ae17-e4c7db42f9ba',930,,13051,4,,,0,75,,13042,4,,,0,35,,13044,4,,,0,75,,13052,4,,,0,35,,13046,4,,,0,75,,13048,4,,,0,75,,13043,4,,,0,35,,13050,4,,,0,75,,13053,4,,,0,35,,13040,4,,,0,75,,13045,4,,,0,35,,13041,4,,,0,75,,13047,4,,,0,75,,13054,4,,,0,35,,13049,4,0,5,0
