8100,'294e58fc-bc13-4a33-bb1d-a337996c2e9c',2147,,13736,137,,,0
8100,'8ab1f009-ab59-4a8c-9771-20e344a37dba',653,,13746,158,,,0,100,,13737,158,,,0,100,,13743,158,,,0,200,,13744,158,,,0,100,,13745,158,,,0,100,,13738,158,,,0,200,,13739,158,,,0,100,,13750,158,,,0,100,,13742,158,,,0,100,,13741,158,,,0,100,,13747,158,,,0,100,,13749,158,,,0,100,,13740,158,,,0,94,,13748,137,,,0
8100,'8e972226-8e68-4b6a-9fd3-2e7f449277f5',2147,,13751,137,,,0
8100,'9493548d-afad-4b26-be65-c3aa23941f37',2147,,13752,137,,,0
8100,'9577949b-c1b9-4893-a4cc-d601db41a1fc',2147,,13753,137,,,0
8100,'991a1488-6339-4798-a1ff-4cc199131854',2147,,13754,137,,,0
8100,'bec99aa0-a127-4e27-ae17-e4c7db42f9ba',1053,,13755,158,,,0,100,,13756,158,,,0,200,,13760,158,,,0,100,,13759,158,,,0,100,,13758,158,,,0,100,,13761,158,,,0,100,,13757,152,,,0
8100,'c38342c9-8898-48ff-bb56-4ee52481c507',1032,,13763,137,,,0,100,,13762,137,,,0,100,,13769,137,,,0,100,,13764,137,,,0,100,,13770,137,,,0,100,,13767,137,,,0,100,,13766,137,,,0,100,,13765,137,,,0,100,,13768,137,,,0
8500,'294e58fc-bc13-4a33-bb1d-a337996c2e9c',650,,13783,81,,,0,100,,13774,188,,,0,100,,13789,188,,,0,100,,13787,188,,,0,100,,13775,188,,,0,100,,13776,188,,,0,100,,13778,188,,,0,100,,13780,188,,,0,100,,13788,188,,,0,100,,13782,188,,,0,100,,13785,188,,,0,100,,13784,188,,,0,100,,13779,188,,,0,100,,13777,188,,,0,100,,13781,188,,,0,100,,13786,188,,,0
8500,'8e972226-8e68-4b6a-9fd3-2e7f449277f5',650,,13802,81,,,0,100,,13796,188,,,0,100,,13801,188,,,0,100,,13804,188,,,0,100,,13792,188,,,0,100,,13791,188,,,0,100,,13794,188,,,0,100,,13800,188,,,0,100,,13798,188,,,0,100,,13790,188,,,0,100,,13793,188,,,0,100,,13805,188,,,0,100,,13795,188,,,0,100,,13797,188,,,0,100,,13803,188,,,0,100,,13799,188,,,0
8500,'9493548d-afad-4b26-be65-c3aa23941f37',650,,13818,81,,,0,100,,13812,188,,,0,100,,13809,188,,,0,100,,13816,188,,,0,100,,13807,188,,,0,100,,13810,188,,,0,100,,13815,188,,,0,100,,13811,188,,,0,100,,13814,188,,,0,100,,13813,188,,,0,100,,13821,188,,,0,100,,13806,188,,,0,100,,13817,188,,,0,100,,13820,188,,,0,100,,13808,188,,,0,100,,13819,188,,,0
8500,'9577949b-c1b9-4893-a4cc-d601db41a1fc',650,,13835,81,,,0,100,,13826,188,,,0,100,,13836,188,,,0,100,,13830,188,,,0,100,,13832,188,,,0,100,,13833,188,,,0,100,,13834,188,,,0,100,,13837,188,,,0,100,,13824,188,,,0,100,,13827,188,,,0,100,,13825,188,,,0,100,,13823,188,,,0,100,,13831,188,,,0,100,,13828,188,,,0,100,,13822,188,,,0,100,,13829,188,,,0
8500,'991a1488-6339-4798-a1ff-4cc199131854',650,,13852,81,,,0,100,,13839,188,,,0,100,,13838,188,,,0,100,,13843,188,,,0,100,,13844,188,,,0,100,,13849,188,,,0,100,,13846,188,,,0,100,,13845,188,,,0,100,,13847,188,,,0,100,,13848,188,,,0,100,,13841,188,,,0,100,,13853,188,,,0,100,,13851,188,,,0,100,,13840,188,,,0,100,,13842,188,,,0,100,,13850,188,,,0
