6000,'294e58fc-bc13-4a33-bb1d-a337996c2e9c',634,,12231,54,,,0,75,,12244,54,,,0,35,,12234,54,,,0,80,,12241,54,,,0,80,,12236,54,,,0,40,,12247,54,,,0,80,,12251,54,,,0,80,,12246,54,,,0,40,,12230,54,,,0,80,,12235,54,,,0,80,,12240,54,,,0,40,,12232,54,,,0,80,,12229,54,,,0,80,,12227,54,,,0,40,,12243,54,,,0,80,,12250,54,,,0,80,,12249,54,,,0,40,,12239,54,,,0,80,,12228,54,,,0,80,,12242,54,,,0,35,,12226,54,,,0,75,,12238,54,,,0,35,,12245,54,,,0,75,,12237,54,,,0,35,,12248,54,,,0
6000,'8ab1f009-ab59-4a8c-9771-20e344a37dba',634,,12265,54,,,0,75,,12274,54,,,0,35,,12258,54,,,0,80,,12256,54,,,0,80,,12254,54,,,0,40,,12266,54,,,0,80,,12255,54,,,0,80,,12275,54,,,0,40,,12260,54,,,0,80,,12257,54,,,0,80,,12264,54,,,0,40,,12276,54,,,0,80,,12259,54,,,0,80,,12268,54,,,0,40,,12252,54,,,0,80,,12271,54,,,0,80,,12262,54,,,0,40,,12263,54,,,0,80,,12261,54,,,0,80,,12269,54,,,0,35,,12270,54,,,0,75,,12267,54,,,0,35,,12253,54,,,0,75,,12273,54,,,0,35,,12272,54,,,0
6000,'8e972226-8e68-4b6a-9fd3-2e7f449277f5',634,,12283,54,,,0,75,,12296,54,,,0,35,,12286,54,,,0,80,,12302,54,,,0,80,,12292,54,,,0,40,,12281,54,,,0,80,,12300,54,,,0,80,,12303,54,,,0,40,,12297,54,,,0,80,,12282,54,,,0,80,,12279,54,,,0,40,,12287,54,,,0,80,,12294,54,,,0,80,,12280,54,,,0,40,,12278,54,,,0,80,,12295,54,,,0,80,,12298,54,,,0,40,,12285,54,,,0,80,,12291,54,,,0,80,,12290,54,,,0,35,,12288,54,,,0,75,,12301,54,,,0,35,,12299,54,,,0,75,,12289,54,,,0,35,,12293,54,,,0
6000,'9493548d-afad-4b26-be65-c3aa23941f37',634,,12326,54,,,0,75,,12325,54,,,0,35,,12318,54,,,0,80,,12304,54,,,0,80,,12306,54,,,0,40,,12320,54,,,0,80,,12311,54,,,0,80,,12329,54,,,0,40,,12315,54,,,0,80,,12314,54,,,0,80,,12307,54,,,0,40,,12309,54,,,0,80,,12305,54,,,0,80,,12322,54,,,0,40,,12324,54,,,0,80,,12312,54,,,0,80,,12327,54,,,0,40,,12319,54,,,0,80,,12308,54,,,0,80,,12313,54,,,0,35,,12317,54,,,0,75,,12310,54,,,0,35,,12328,54,,,0,75,,12323,54,,,0,35,,12316,54,,,0
6000,'9577949b-c1b9-4893-a4cc-d601db41a1fc',634,,12347,54,,,0,75,,12336,54,,,0,35,,12333,54,,,0,80,,12331,54,,,0,80,,12348,54,,,0,40,,12337,54,,,0,80,,12344,54,,,0,80,,12354,54,,,0,40,,12352,54,,,0,80,,12350,54,,,0,80,,12355,54,,,0,40,,12338,54,,,0,80,,12345,54,,,0,80,,12334,54,,,0,40,,12349,54,,,0,80,,12342,54,,,0,80,,12346,54,,,0,40,,12330,54,,,0,80,,12332,54,,,0,80,,12341,54,,,0,35,,12343,54,,,0,75,,12351,54,,,0,35,,12353,54,,,0,75,,12339,54,,,0,35,,12335,54,,,0
6000,'991a1488-6339-4798-a1ff-4cc199131854',634,,12361,54,,,0,75,,12372,54,,,0,35,,12378,54,,,0,80,,12366,54,,,0,80,,12371,54,,,0,40,,12375,54,,,0,80,,12380,54,,,0,80,,12368,54,,,0,40,,12362,54,,,0,80,,12376,54,,,0,80,,12363,54,,,0,40,,12373,54,,,0,80,,12358,54,,,0,80,,12370,54,,,0,40,,12379,54,,,0,80,,12365,54,,,0,80,,12367,54,,,0,40,,12359,54,,,0,80,,12381,54,,,0,80,,12360,54,,,0,35,,12364,54,,,0,75,,12374,54,,,0,35,,12356,54,,,0,75,,12369,54,,,0,35,,12357,54,,,0
6000,'bec99aa0-a127-4e27-ae17-e4c7db42f9ba',929,,12385,54,,,0,75,,12388,54,,,0,35,,12383,54,,,0,75,,12396,54,,,0,35,,12393,54,,,0,75,,12387,54,,,0,35,,12390,54,,,0,75,,12391,54,,,0,75,,12389,54,,,0,35,,12382,54,,,0,75,,12386,54,,,0,35,,12392,54,,,0,75,,12394,54,,,0,75,,12395,54,,,0,35,,12384,54,,,0
6000,'c38342c9-8898-48ff-bb56-4ee52481c507',1009,,12406,54,,,0,35,,12407,54,,,0,75,,12412,54,,,0,35,,12397,54,,,0,75,,12400,54,,,0,75,,12398,54,,,0,35,,12411,54,,,0,75,,12408,54,,,0,35,,12410,54,,,0,75,,12402,54,,,0,35,,12401,54,,,0,75,,12409,54,,,0,75,,12405,54,,,0,35,,12403,54,,,0,75,,12399,54,,,0,35,,12404,54,,,0
6700,'294e58fc-bc13-4a33-bb1d-a337996c2e9c',651,,13559,85,,,0,70,,13561,85,,,0,35,,13563,85,,,0,75,,13565,85,,,0,72,,13562,85,,,0,30,,13557,85,,,0,100,,13569,85,,,0,521,,13566,85,,,0,75,,13567,85,,,0,75,,13571,85,,,0,35,,13558,85,,,0,72,,13568,85,,,0,100,,13560,85,,,0,100,,13564,85,,,0
6700,'8ab1f009-ab59-4a8c-9771-20e344a37dba',650,,13576,85,,,0,100,,13577,85,,,0,100,,13579,85,,,0,100,,13578,85,,,0,100,,13581,85,,,0,500,,13580,85,,,0,100,,13572,85,,,0,100,,13573,85,,,0,100,,13574,85,,,0,100,,13575,85,,,0
6700,'8e972226-8e68-4b6a-9fd3-2e7f449277f5',651,,13582,85,,,0,70,,13588,85,,,0,35,,13591,85,,,0,75,,13586,85,,,0,72,,13592,85,,,0,30,,13589,85,,,0,100,,13590,85,,,0,521,,13587,85,,,0,75,,13596,85,,,0,75,,13584,85,,,0,35,,13594,85,,,0,72,,13585,85,,,0,100,,13583,85,,,0,100,,13593,85,,,0
6700,'9493548d-afad-4b26-be65-c3aa23941f37',651,,13600,85,,,0,70,,13607,85,,,0,35,,13608,85,,,0,75,,13599,85,,,0,72,,13605,85,,,0,30,,13601,85,,,0,100,,13602,85,,,0,521,,13598,85,,,0,75,,13603,85,,,0,75,,13610,85,,,0,35,,13604,85,,,0,72,,13597,85,,,0,100,,13606,85,,,0,100,,13609,85,,,0
6700,'9577949b-c1b9-4893-a4cc-d601db41a1fc',651,,13615,85,,,0,70,,13612,85,,,0,35,,13619,85,,,0,75,,13621,85,,,0,72,,13614,85,,,0,30,,13616,85,,,0,100,,13623,85,,,0,521,,13620,85,,,0,75,,13625,85,,,0,75,,13622,85,,,0,35,,13624,85,,,0,72,,13626,85,,,0,100,,13618,85,,,0,100,,13617,85,,,0
6700,'991a1488-6339-4798-a1ff-4cc199131854',651,,13629,85,,,0,70,,13630,85,,,0,35,,13637,85,,,0,75,,13631,85,,,0,72,,13639,85,,,0,30,,13627,85,,,0,100,,13635,85,,,0,521,,13638,85,,,0,75,,13640,85,,,0,75,,13636,85,,,0,35,,13633,85,,,0,72,,13628,85,,,0,100,,13641,85,,,0,100,,13634,85,,,0
6700,'bec99aa0-a127-4e27-ae17-e4c7db42f9ba',950,,13643,85,,,0,200,,13642,85,,,0,200,,13646,85,,,0,200,,13645,85,,,0,200,,13644,85,,,0
