8100,'294e58fc-bc13-4a33-bb1d-a337996c2e9c',2140,,13736,64,,,0
8100,'8ab1f009-ab59-4a8c-9771-20e344a37dba',2140,,13748,64,,,0
8100,'8e972226-8e68-4b6a-9fd3-2e7f449277f5',2140,,13751,64,,,0
8100,'9493548d-afad-4b26-be65-c3aa23941f37',2140,,13752,64,,,0
8100,'9577949b-c1b9-4893-a4cc-d601db41a1fc',2140,,13753,64,,,0
8100,'991a1488-6339-4798-a1ff-4cc199131854',2140,,13754,64,,,0
8100,'bec99aa0-a127-4e27-ae17-e4c7db42f9ba',1820,,13757,284,,,0
8100,'c38342c9-8898-48ff-bb56-4ee52481c507',1025,,13763,64,,,0,100,,13762,64,,,0,100,,13769,64,,,0,100,,13764,64,,,0,100,,13770,64,,,0,100,,13767,64,,,0,100,,13766,64,,,0,100,,13765,64,,,0,100,,13768,64,,,0
8200,'8ab1f009-ab59-4a8c-9771-20e344a37dba',954,,13771,218,,,0,400,,13772,218,,,0
8200,'bec99aa0-a127-4e27-ae17-e4c7db42f9ba',1254,,13773,218,,,0
8500,'294e58fc-bc13-4a33-bb1d-a337996c2e9c',625,,13783,0,,,0,100,,13774,107,,,0,100,,13789,107,,,0,100,,13787,107,,,0,100,,13775,107,,,0,100,,13776,107,,,0,100,,13778,107,,,0,100,,13780,107,,,0,100,,13788,107,,,0,100,,13782,107,,,0,100,,13785,107,,,0,100,,13784,107,,,0,100,,13779,107,,,0,100,,13777,107,,,0,100,,13781,107,,,0,100,,13786,107,,,0
8500,'8e972226-8e68-4b6a-9fd3-2e7f449277f5',625,,13802,0,,,0,100,,13796,107,,,0,100,,13801,107,,,0,100,,13804,107,,,0,100,,13792,107,,,0,100,,13791,107,,,0,100,,13794,107,,,0,100,,13800,107,,,0,100,,13798,107,,,0,100,,13790,107,,,0,100,,13793,107,,,0,100,,13805,107,,,0,100,,13795,107,,,0,100,,13797,107,,,0,100,,13803,107,,,0,100,,13799,107,,,0
8500,'9493548d-afad-4b26-be65-c3aa23941f37',625,,13818,0,,,0,100,,13812,107,,,0,100,,13809,107,,,0,100,,13816,107,,,0,100,,13807,107,,,0,100,,13810,107,,,0,100,,13815,107,,,0,100,,13811,107,,,0,100,,13814,107,,,0,100,,13813,107,,,0,100,,13821,107,,,0,100,,13806,107,,,0,100,,13817,107,,,0,100,,13820,107,,,0,100,,13808,107,,,0,100,,13819,107,,,0
8500,'9577949b-c1b9-4893-a4cc-d601db41a1fc',625,,13835,0,,,0,100,,13826,107,,,0,100,,13836,107,,,0,100,,13830,107,,,0,100,,13832,107,,,0,100,,13833,107,,,0,100,,13834,107,,,0,100,,13837,107,,,0,100,,13824,107,,,0,100,,13827,107,,,0,100,,13825,107,,,0,100,,13823,107,,,0,100,,13831,107,,,0,100,,13828,107,,,0,100,,13822,107,,,0,100,,13829,107,,,0
8500,'991a1488-6339-4798-a1ff-4cc199131854',625,,13852,0,,,0,100,,13839,107,,,0,100,,13838,107,,,0,100,,13843,107,,,0,100,,13844,107,,,0,100,,13849,107,,,0,100,,13846,107,,,0,100,,13845,107,,,0,100,,13847,107,,,0,100,,13848,107,,,0,100,,13841,107,,,0,100,,13853,107,,,0,100,,13851,107,,,0,100,,13840,107,,,0,100,,13842,107,,,0,100,,13850,107,,,0
