1600,'294e58fc-bc13-4a33-bb1d-a337996c2e9c',706,,10826,94,,,0,32,,10821,94,,,0,75,,10843,94,,,0,33,,10820,94,,,0,70,,10829,94,,,0,30,,10819,94,,,0,70,,10840,94,,,0,30,,10838,94,,,0,70,,10839,94,,,0,30,,10832,94,,,0,75,,10833,94,,,0,37,,10822,94,,,0,75,,10842,94,,,0,75,,10828,94,,,0,35,,10836,94,,,0,75,,10823,94,,,0,35,,10818,94,,,0,78,,10824,94,,,0,80,,10825,94,,,0,40,,10841,94,,,0,75,,10834,94,,,0,30,,10835,94,,,0,70,,10830,94,,,0,30,,10817,94,,,0,70,,10827,94,,,0,30,,10837,94,,,0,70,,10831,105,,,0
1600,'8ab1f009-ab59-4a8c-9771-20e344a37dba',1153,,10856,94,,,0,75,,10846,94,,,0,75,,10845,94,,,0,35,,10855,94,,,0,75,,10844,94,,,0,35,,10853,94,,,0,75,,10851,94,,,0,35,,10852,94,,,0,75,,10849,94,,,0,75,,10854,94,,,0,35,,10848,94,,,0,75,,10847,94,,,0,35,,10850,105,,,0
1600,'8e972226-8e68-4b6a-9fd3-2e7f449277f5',706,,10880,94,,,0,32,,10877,94,,,0,75,,10859,94,,,0,33,,10860,94,,,0,70,,10868,94,,,0,30,,10861,94,,,0,70,,10874,94,,,0,30,,10879,94,,,0,70,,10870,94,,,0,30,,10857,94,,,0,75,,10863,94,,,0,37,,10866,94,,,0,75,,10883,94,,,0,75,,10867,94,,,0,35,,10873,94,,,0,75,,10858,94,,,0,35,,10878,94,,,0,78,,10882,94,,,0,80,,10875,94,,,0,40,,10872,94,,,0,75,,10871,94,,,0,30,,10862,94,,,0,70,,10881,94,,,0,30,,10864,94,,,0,70,,10876,94,,,0,30,,10865,94,,,0,70,,10869,105,,,0
1600,'9493548d-afad-4b26-be65-c3aa23941f37',706,,10904,94,,,0,32,,10903,94,,,0,75,,10896,94,,,0,33,,10894,94,,,0,70,,10899,94,,,0,30,,10884,94,,,0,70,,10889,94,,,0,30,,10895,94,,,0,70,,10908,94,,,0,30,,10905,94,,,0,75,,10906,94,,,0,37,,10891,94,,,0,75,,10907,94,,,0,75,,10892,94,,,0,35,,10910,94,,,0,75,,10900,94,,,0,35,,10902,94,,,0,78,,10898,94,,,0,80,,10893,94,,,0,40,,10888,94,,,0,75,,10890,94,,,0,30,,10885,94,,,0,70,,10886,94,,,0,30,,10897,94,,,0,70,,10901,94,,,0,30,,10887,94,,,0,70,,10909,105,,,0
1600,'9577949b-c1b9-4893-a4cc-d601db41a1fc',706,,10929,94,,,0,32,,10913,94,,,0,75,,10925,94,,,0,33,,10937,94,,,0,70,,10922,94,,,0,30,,10930,94,,,0,70,,10933,94,,,0,30,,10912,94,,,0,70,,10931,94,,,0,30,,10914,94,,,0,75,,10932,94,,,0,37,,10921,94,,,0,75,,10927,94,,,0,75,,10915,94,,,0,35,,10916,94,,,0,75,,10917,94,,,0,35,,10935,94,,,0,78,,10936,94,,,0,80,,10926,94,,,0,40,,10934,94,,,0,75,,10923,94,,,0,30,,10918,94,,,0,70,,10924,94,,,0,30,,10911,94,,,0,70,,10928,94,,,0,30,,10919,94,,,0,70,,10920,105,,,0
1600,'991a1488-6339-4798-a1ff-4cc199131854',706,,10959,94,,,0,32,,10957,94,,,0,75,,10941,94,,,0,33,,10951,94,,,0,70,,10945,94,,,0,30,,10948,94,,,0,70,,10952,94,,,0,30,,10943,94,,,0,70,,10950,94,,,0,30,,10955,94,,,0,75,,10944,94,,,0,37,,10963,94,,,0,75,,10960,94,,,0,75,,10954,94,,,0,35,,10947,94,,,0,75,,10939,94,,,0,35,,10946,94,,,0,78,,10949,94,,,0,80,,10956,94,,,0,40,,10953,94,,,0,75,,10962,94,,,0,30,,10942,94,,,0,70,,10961,94,,,0,30,,10964,94,,,0,70,,10958,94,,,0,30,,10938,94,,,0,70,,10940,105,,,0
1600,'bec99aa0-a127-4e27-ae17-e4c7db42f9ba',1043,,10969,94,,,0,75,,10977,94,,,0,35,,10972,94,,,0,75,,10967,94,,,0,75,,10966,94,,,0,35,,10975,94,,,0,75,,10973,94,,,0,35,,10971,94,,,0,75,,10974,94,,,0,35,,10968,94,,,0,75,,10965,94,,,0,75,,10970,94,,,0,35,,10976,105,,,0
5000,'294e58fc-bc13-4a33-bb1d-a337996c2e9c',653,,10983,375,,,0,64,,11001,375,,,0,24,,11010,375,,,0,69,,10981,375,,,0,26,,11003,375,,,0,66,,10988,375,,,0,26,,11006,375,,,0,23,,10992,375,,,0,67,,10980,375,,,0,25,,10978,375,,,0,64,,10993,322,,,0,31,,10990,375,,,0,69,,11011,375,,,0,48,,11002,375,,,0,71,,11009,375,,,0,85,,10994,375,,,0,34,,10985,375,,,0,67,,10995,375,,,0,28,,10987,375,,,0,69,,10996,375,,,0,33,,11005,375,,,0,72,,11012,375,,,0,27,,10999,375,,,0,74,,10984,375,,,0,25,,10997,375,,,0,66,,11013,375,,,0,27,,11008,375,,,0,24,,10989,375,,,0,63,,10998,375,,,0,93,,10986,375,,,0,23,,10982,375,,,0,90,,11004,375,,,0
5000,'8ab1f009-ab59-4a8c-9771-20e344a37dba',653,,11020,375,,,0,77,,11021,375,,,0,77,,11031,375,,,0,35,,11037,375,,,0,75,,11041,375,,,0,35,,11034,375,,,0,75,,11015,375,,,0,75,,11035,375,,,0,35,,11022,375,,,0,77,,11023,375,,,0,40,,11036,375,,,0,77,,11038,375,,,0,80,,11028,375,,,0,37,,11039,375,,,0,80,,11026,375,,,0,77,,11027,375,,,0,41,,11017,375,,,0,76,,11029,375,,,0,78,,11019,375,,,0,37,,11033,375,,,0,73,,11024,375,,,0,37,,11040,375,,,0,75,,11030,375,,,0,35,,11018,375,,,0,75,,11016,375,,,0
5000,'8e972226-8e68-4b6a-9fd3-2e7f449277f5',653,,11067,375,,,0,64,,11051,375,,,0,24,,11074,375,,,0,69,,11049,375,,,0,26,,11059,375,,,0,66,,11045,375,,,0,26,,11057,375,,,0,23,,11054,375,,,0,67,,11043,375,,,0,25,,11064,375,,,0,64,,11071,322,,,0,31,,11070,375,,,0,69,,11077,375,,,0,48,,11069,375,,,0,71,,11063,375,,,0,85,,11053,375,,,0,34,,11044,375,,,0,67,,11052,375,,,0,28,,11046,375,,,0,69,,11042,375,,,0,33,,11060,375,,,0,72,,11066,375,,,0,27,,11076,375,,,0,74,,11056,375,,,0,25,,11068,375,,,0,66,,11055,375,,,0,27,,11050,375,,,0,24,,11075,375,,,0,63,,11072,375,,,0,93,,11058,375,,,0,23,,11065,375,,,0,90,,11047,375,,,0
5000,'9493548d-afad-4b26-be65-c3aa23941f37',653,,11107,375,,,0,64,,11106,375,,,0,24,,11091,375,,,0,69,,11097,375,,,0,26,,11102,375,,,0,66,,11079,375,,,0,26,,11090,375,,,0,23,,11082,375,,,0,67,,11085,375,,,0,25,,11093,375,,,0,64,,11078,322,,,0,31,,11111,375,,,0,69,,11099,375,,,0,48,,11092,375,,,0,71,,11086,375,,,0,85,,11084,375,,,0,34,,11108,375,,,0,67,,11087,375,,,0,28,,11104,375,,,0,69,,11105,375,,,0,33,,11096,375,,,0,72,,11109,375,,,0,27,,11101,375,,,0,74,,11098,375,,,0,25,,11100,375,,,0,66,,11088,375,,,0,27,,11094,375,,,0,24,,11081,375,,,0,63,,11095,375,,,0,93,,11080,375,,,0,23,,11083,375,,,0,90,,11112,375,,,0
5000,'9577949b-c1b9-4893-a4cc-d601db41a1fc',653,,11126,375,,,0,64,,11125,375,,,0,24,,11131,375,,,0,69,,11137,375,,,0,26,,11127,375,,,0,66,,11141,375,,,0,26,,11120,375,,,0,23,,11129,375,,,0,67,,11123,375,,,0,25,,11114,375,,,0,64,,11128,322,,,0,31,,11145,375,,,0,69,,11140,375,,,0,48,,11132,375,,,0,71,,11135,375,,,0,85,,11149,375,,,0,34,,11144,375,,,0,67,,11142,375,,,0,28,,11117,375,,,0,69,,11143,375,,,0,33,,11138,375,,,0,72,,11121,375,,,0,27,,11119,375,,,0,74,,11116,375,,,0,25,,11118,375,,,0,66,,11133,375,,,0,27,,11148,375,,,0,24,,11136,375,,,0,63,,11146,375,,,0,93,,11124,375,,,0,23,,11115,375,,,0,90,,11130,375,,,0
5000,'991a1488-6339-4798-a1ff-4cc199131854',653,,11160,375,,,0,64,,11185,375,,,0,24,,11177,375,,,0,69,,11163,375,,,0,26,,11172,375,,,0,66,,11171,375,,,0,26,,11175,375,,,0,23,,11180,375,,,0,67,,11157,375,,,0,25,,11182,375,,,0,64,,11162,322,,,0,31,,11155,375,,,0,69,,11165,375,,,0,48,,11178,375,,,0,71,,11154,375,,,0,85,,11168,375,,,0,34,,11169,375,,,0,67,,11176,375,,,0,28,,11167,375,,,0,69,,11164,375,,,0,33,,11153,375,,,0,72,,11156,375,,,0,27,,11150,375,,,0,74,,11184,375,,,0,25,,11170,375,,,0,66,,11174,375,,,0,27,,11159,375,,,0,24,,11158,375,,,0,63,,11151,375,,,0,93,,11152,375,,,0,23,,11173,375,,,0,90,,11183,375,,,0
5000,'bec99aa0-a127-4e27-ae17-e4c7db42f9ba',952,,11198,375,,,0,76,,11186,375,,,0,74,,11202,375,,,0,34,,11195,375,,,0,75,,11192,375,,,0,35,,11191,375,,,0,76,,11188,375,,,0,34,,11196,375,,,0,76,,11187,375,,,0,74,,11190,375,,,0,36,,11193,375,,,0,74,,11200,375,,,0,36,,11199,375,,,0,74,,11194,375,,,0,76,,11189,375,,,0
5000,'c38342c9-8898-48ff-bb56-4ee52481c507',1027,,11214,330,,,0,75,,11204,375,,,0,35,,11213,375,,,0,75,,11212,375,,,0,35,,11209,375,,,0,75,,11206,375,,,0,35,,11219,375,,,0,75,,11210,375,,,0,75,,11221,375,,,0,35,,11216,375,,,0,75,,11218,375,,,0,35,,11215,375,,,0,75,,11220,375,,,0,75,,11211,375,,,0,35,,11205,375,,,0
6400,'294e58fc-bc13-4a33-bb1d-a337996c2e9c',634,,13088,77,,,0,75,,13067,77,,,0,21,,13059,77,,,0,18,,13083,77,,,0,58,,13075,77,,,0,18,,13057,77,,,0,18,,13061,77,,,0,58,,13062,77,,,0,18,,13073,77,,,0,18,,13069,77,,,0,18,,13090,77,,,0,58,,13064,77,,,0,35,,13074,77,,,0,75,,13066,77,,,0,35,,13084,77,,,0,75,,13091,77,,,0,75,,13071,77,,,0,35,,13086,77,,,0,75,,13076,77,,,0,35,,13080,77,,,0,58,,13089,77,,,0,18,,13087,77,,,0,18,,13092,77,,,0,58,,13079,77,,,0,18,,13056,77,,,0,18,,13063,77,,,0,18,,13081,77,,,0,58,,13072,77,,,0,18,,13058,77,,,0,18,,13065,77,,,0,75,,13078,77,,,0,75,,13077,77,,,0,35,,13060,77,,,0,75,,13085,77,,,0,32,,13070,77,,,0,70,,13068,77,,,0,30,,13082,77,,,0,70,,13055,77,,,0
6400,'8ab1f009-ab59-4a8c-9771-20e344a37dba',634,,13093,77,,,0,75,,13113,77,,,0,35,,13117,77,,,0,80,,13098,77,,,0,80,,13095,77,,,0,40,,13111,77,,,0,75,,13115,77,,,0,35,,13096,77,,,0,75,,13099,77,,,0,75,,13101,77,,,0,35,,13109,77,,,0,75,,13097,77,,,0,35,,13104,77,,,0,75,,13106,77,,,0,35,,13114,77,,,0,75,,13110,77,,,0,75,,13108,77,,,0,40,,13116,77,,,0,80,,13107,77,,,0,80,,13112,77,,,0,40,,13105,77,,,0,75,,13118,77,,,0,35,,13094,77,,,0,75,,13100,77,,,0,75,,13102,77,,,0,35,,13103,77,,,0,75,,13119,77,,,0
6400,'8e972226-8e68-4b6a-9fd3-2e7f449277f5',634,,13132,77,,,0,75,,13135,77,,,0,21,,13154,77,,,0,18,,13137,77,,,0,58,,13140,77,,,0,18,,13157,77,,,0,18,,13155,77,,,0,58,,13121,77,,,0,18,,13122,77,,,0,18,,13153,77,,,0,18,,13139,77,,,0,58,,13144,77,,,0,35,,13149,77,,,0,75,,13136,77,,,0,35,,13126,77,,,0,75,,13123,77,,,0,75,,13138,77,,,0,35,,13151,77,,,0,75,,13125,77,,,0,35,,13150,77,,,0,58,,13145,77,,,0,18,,13143,77,,,0,18,,13148,77,,,0,58,,13147,77,,,0,18,,13146,77,,,0,18,,13128,77,,,0,18,,13127,77,,,0,58,,13142,77,,,0,18,,13134,77,,,0,18,,13152,77,,,0,75,,13120,77,,,0,75,,13124,77,,,0,35,,13133,77,,,0,75,,13141,77,,,0,32,,13129,77,,,0,70,,13131,77,,,0,30,,13156,77,,,0,70,,13130,77,,,0
6400,'9493548d-afad-4b26-be65-c3aa23941f37',634,,13163,77,,,0,75,,13183,77,,,0,21,,13167,77,,,0,18,,13194,77,,,0,58,,13166,77,,,0,18,,13182,77,,,0,18,,13164,77,,,0,58,,13169,77,,,0,18,,13192,77,,,0,18,,13174,77,,,0,18,,13176,77,,,0,58,,13158,77,,,0,35,,13177,77,,,0,75,,13195,77,,,0,35,,13178,77,,,0,75,,13180,77,,,0,75,,13165,77,,,0,35,,13186,77,,,0,75,,13160,77,,,0,35,,13179,77,,,0,58,,13189,77,,,0,18,,13170,77,,,0,18,,13175,77,,,0,58,,13172,77,,,0,18,,13162,77,,,0,18,,13181,77,,,0,18,,13193,77,,,0,58,,13185,77,,,0,18,,13159,77,,,0,18,,13187,77,,,0,75,,13190,77,,,0,75,,13161,77,,,0,35,,13188,77,,,0,75,,13173,77,,,0,32,,13168,77,,,0,70,,13171,77,,,0,30,,13184,77,,,0,70,,13191,77,,,0
6400,'9577949b-c1b9-4893-a4cc-d601db41a1fc',634,,13222,77,,,0,75,,13214,77,,,0,21,,13207,77,,,0,18,,13213,77,,,0,58,,13210,77,,,0,18,,13199,77,,,0,18,,13229,77,,,0,58,,13224,77,,,0,18,,13218,77,,,0,18,,13209,77,,,0,18,,13206,77,,,0,58,,13208,77,,,0,35,,13212,77,,,0,75,,13197,77,,,0,35,,13198,77,,,0,75,,13233,77,,,0,75,,13226,77,,,0,35,,13216,77,,,0,75,,13232,77,,,0,35,,13227,77,,,0,58,,13205,77,,,0,18,,13211,77,,,0,18,,13223,77,,,0,58,,13220,77,,,0,18,,13217,77,,,0,18,,13204,77,,,0,18,,13231,77,,,0,58,,13221,77,,,0,18,,13201,77,,,0,18,,13203,77,,,0,75,,13219,77,,,0,75,,13230,77,,,0,35,,13202,77,,,0,75,,13228,77,,,0,32,,13215,77,,,0,70,,13200,77,,,0,30,,13196,77,,,0,70,,13225,77,,,0
6400,'991a1488-6339-4798-a1ff-4cc199131854',634,,13251,77,,,0,75,,13262,77,,,0,21,,13263,77,,,0,18,,13259,77,,,0,58,,13266,77,,,0,18,,13241,77,,,0,18,,13246,77,,,0,58,,13234,77,,,0,18,,13245,77,,,0,18,,13267,77,,,0,18,,13253,77,,,0,58,,13255,77,,,0,35,,13254,77,,,0,75,,13264,77,,,0,35,,13258,77,,,0,75,,13257,77,,,0,75,,13271,77,,,0,35,,13268,77,,,0,75,,13237,77,,,0,35,,13261,77,,,0,58,,13242,77,,,0,18,,13256,77,,,0,18,,13236,77,,,0,58,,13239,77,,,0,18,,13248,77,,,0,18,,13240,77,,,0,18,,13235,77,,,0,58,,13249,77,,,0,18,,13269,77,,,0,18,,13270,77,,,0,75,,13250,77,,,0,75,,13265,77,,,0,35,,13260,77,,,0,75,,13238,77,,,0,32,,13252,77,,,0,70,,13243,77,,,0,30,,13247,77,,,0,70,,13244,77,,,0
6400,'bec99aa0-a127-4e27-ae17-e4c7db42f9ba',944,,13286,77,,,0,75,,13274,77,,,0,35,,13272,77,,,0,75,,13278,77,,,0,75,,13277,77,,,0,35,,13287,77,,,0,75,,13279,77,,,0,35,,13285,77,,,0,75,,13276,77,,,0,35,,13281,77,,,0,75,,13284,77,,,0,75,,13282,77,,,0,35,,13273,77,,,0,75,,13280,77,,,0,35,,13275,77,,,0,75,,13283,77,,,0
6400,'c38342c9-8898-48ff-bb56-4ee52481c507',1014,,13293,77,,,0,35,,13289,77,,,0,75,,13299,77,,,0,35,,13302,77,,,0,75,,13290,77,,,0,75,,13301,77,,,0,35,,13294,77,,,0,75,,13300,77,,,0,35,,13297,77,,,0,75,,13303,77,,,0,75,,13288,77,,,0,35,,13291,77,,,0,75,,13295,77,,,0,35,,13298,77,,,0,75,,13292,77,,,0,35,,13296,77,,,0
