9400,'294e58fc-bc13-4a33-bb1d-a337996c2e9c',634,,14194,60,,,0,77,,14205,60,,,0,20,,14195,60,,,0,20,,14199,60,,,0,60,,14204,60,,,0,20,,14184,60,,,0,20,,14187,60,,,0,60,,14193,60,,,0,20,,14175,68,,,0,75,,14203,60,,,0,40,,14198,60,,,0,80,,14183,60,,,0,80,,14185,60,,,0,40,,14177,60,,,0,80,,14206,60,,,0,85,,14189,60,,,0,40,,14202,60,,,0,60,,14188,60,,,0,20,,14186,60,,,0,20,,14201,60,,,0,60,,14197,60,,,0,20,,14176,60,,,0,20,,14192,60,,,0,60,,14179,68,,,0,20,,14181,60,,,0,80,,14178,60,,,0,35,,14182,60,,,0,75,,14196,60,,,0,35,,14180,60,,,0,75,,14191,60,,,0,80,,14190,60,,,0,35,,14200,68,,,0
9400,'8ab1f009-ab59-4a8c-9771-20e344a37dba',641,,14223,60,,,0,75,,14220,60,,,0,35,,14212,60,,,0,75,,14215,60,,,0,75,,14213,60,,,0,35,,14231,60,,,0,75,,14225,60,,,0,35,,14227,60,,,0,75,,14218,60,,,0,80,,14207,60,,,0,40,,14214,60,,,0,80,,14216,60,,,0,90,,14226,60,,,0,40,,14228,60,,,0,80,,14209,60,,,0,80,,14221,60,,,0,40,,14219,60,,,0,80,,14217,60,,,0,80,,14222,60,,,0,35,,14224,60,,,0,75,,14208,60,,,0,35,,14210,60,,,0,75,,14211,60,,,0,80,,14229,60,,,0,35,,14230,68,,,0
9400,'8e972226-8e68-4b6a-9fd3-2e7f449277f5',634,,14260,60,,,0,77,,14239,60,,,0,20,,14257,60,,,0,20,,14245,60,,,0,60,,14236,60,,,0,20,,14250,60,,,0,20,,14240,60,,,0,60,,14249,60,,,0,20,,14254,68,,,0,75,,14251,60,,,0,40,,14244,60,,,0,80,,14248,60,,,0,80,,14246,60,,,0,40,,14262,60,,,0,80,,14259,60,,,0,85,,14256,60,,,0,40,,14233,60,,,0,60,,14234,60,,,0,20,,14242,60,,,0,20,,14243,60,,,0,60,,14235,60,,,0,20,,14253,60,,,0,20,,14263,60,,,0,60,,14252,68,,,0,20,,14261,60,,,0,80,,14247,60,,,0,35,,14237,60,,,0,75,,14241,60,,,0,35,,14255,60,,,0,75,,14238,60,,,0,80,,14258,60,,,0,35,,14232,68,,,0
9400,'9493548d-afad-4b26-be65-c3aa23941f37',634,,14269,60,,,0,77,,14289,60,,,0,20,,14266,60,,,0,20,,14286,60,,,0,60,,14277,60,,,0,20,,14278,60,,,0,20,,14275,60,,,0,60,,14270,60,,,0,20,,14290,68,,,0,75,,14293,60,,,0,40,,14285,60,,,0,80,,14265,60,,,0,80,,14295,60,,,0,40,,14274,60,,,0,80,,14288,60,,,0,85,,14292,60,,,0,40,,14279,60,,,0,60,,14267,60,,,0,20,,14280,60,,,0,20,,14273,60,,,0,60,,14287,60,,,0,20,,14268,60,,,0,20,,14272,60,,,0,60,,14276,68,,,0,20,,14283,60,,,0,80,,14294,60,,,0,35,,14282,60,,,0,75,,14284,60,,,0,35,,14291,60,,,0,75,,14271,60,,,0,80,,14281,60,,,0,35,,14264,68,,,0
9400,'9577949b-c1b9-4893-a4cc-d601db41a1fc',634,,14317,60,,,0,77,,14322,60,,,0,20,,14326,60,,,0,20,,14310,60,,,0,60,,14308,60,,,0,20,,14303,60,,,0,20,,14304,60,,,0,60,,14297,60,,,0,20,,14315,68,,,0,75,,14323,60,,,0,40,,14298,60,,,0,80,,14306,60,,,0,80,,14309,60,,,0,40,,14319,60,,,0,80,,14321,60,,,0,85,,14307,60,,,0,40,,14299,60,,,0,60,,14314,60,,,0,20,,14324,60,,,0,20,,14296,60,,,0,60,,14320,60,,,0,20,,14301,60,,,0,20,,14311,60,,,0,60,,14300,68,,,0,20,,14327,60,,,0,80,,14325,60,,,0,35,,14302,60,,,0,75,,14316,60,,,0,35,,14318,60,,,0,75,,14312,60,,,0,80,,14305,60,,,0,35,,14313,68,,,0
9400,'991a1488-6339-4798-a1ff-4cc199131854',634,,14329,60,,,0,77,,14335,60,,,0,20,,14331,60,,,0,20,,14337,60,,,0,60,,14358,60,,,0,20,,14347,60,,,0,20,,14334,60,,,0,60,,14348,60,,,0,20,,14345,68,,,0,75,,14333,60,,,0,40,,14343,60,,,0,80,,14355,60,,,0,80,,14332,60,,,0,40,,14339,60,,,0,80,,14359,60,,,0,85,,14349,60,,,0,40,,14354,60,,,0,60,,14342,60,,,0,20,,14340,60,,,0,20,,14330,60,,,0,60,,14357,60,,,0,20,,14350,60,,,0,20,,14351,60,,,0,60,,14346,68,,,0,20,,14344,60,,,0,80,,14353,60,,,0,35,,14328,60,,,0,75,,14341,60,,,0,35,,14356,60,,,0,75,,14336,60,,,0,80,,14338,60,,,0,35,,14352,68,,,0
9400,'bec99aa0-a127-4e27-ae17-e4c7db42f9ba',941,,14365,60,,,0,75,,14363,60,,,0,35,,14361,60,,,0,75,,14364,60,,,0,75,,14374,60,,,0,35,,14372,60,,,0,75,,14360,60,,,0,35,,14368,60,,,0,75,,14367,60,,,0,35,,14369,60,,,0,75,,14362,60,,,0,75,,14371,60,,,0,35,,14370,60,,,0,75,,14366,60,,,0,35,,14373,68,,,0
9400,'c38342c9-8898-48ff-bb56-4ee52481c507',1041,,14383,60,,,0,85,,14381,60,,,0,90,,14382,60,,,0,85,,14375,60,,,0,50,,14377,60,,,0,85,,14378,60,,,0,90,,14384,60,,,0,85,,14376,60,,,0,90,,14379,60,,,0,45,,14380,60,,,0
9500,'294e58fc-bc13-4a33-bb1d-a337996c2e9c',637,,14394,53,,,0,70,,14400,53,,,0,35,,14388,53,,,0,75,,14395,53,,,0,35,,14402,53,,,0,75,,14404,53,,,0,75,,14385,53,,,0,35,,14391,53,,,0,75,,14408,53,,,0,35,,14397,53,,,0,75,,14401,53,,,0,35,,14389,53,,,0,75,,14393,53,,,0,75,,14411,53,,,0,35,,14386,53,,,0,75,,14403,53,,,0,35,,14390,53,,,0,90,,14392,53,,,0,80,,14387,53,,,0,80,,14405,53,,,0,40,,14398,53,,,0,70,,14407,53,,,0,30,,14410,53,,,0,70,,14406,53,,,0,30,,14409,53,,,0,70,,14396,53,,,0,30,,14399,54,,,0
9500,'8ab1f009-ab59-4a8c-9771-20e344a37dba',637,,14436,53,,,0,70,,14422,53,,,0,30,,14418,53,,,0,70,,14420,53,,,0,30,,14417,53,,,0,70,,14427,53,,,0,30,,14433,53,,,0,70,,14432,53,,,0,30,,14435,53,,,0,75,,14428,53,,,0,35,,14412,53,,,0,75,,14437,53,,,0,35,,14413,53,,,0,75,,14431,53,,,0,75,,14430,53,,,0,35,,14425,53,,,0,75,,14434,53,,,0,35,,14424,53,,,0,75,,14429,53,,,0,75,,14419,53,,,0,35,,14426,53,,,0,70,,14414,53,,,0,30,,14415,53,,,0,70,,14421,53,,,0,30,,14440,53,,,0,70,,14416,53,,,0,30,,14438,53,,,0,70,,14439,53,,,0,30,,14423,54,,,0
9500,'8e972226-8e68-4b6a-9fd3-2e7f449277f5',637,,14444,53,,,0,70,,14464,53,,,0,35,,14446,53,,,0,75,,14460,53,,,0,35,,14455,53,,,0,75,,14443,53,,,0,75,,14457,53,,,0,35,,14462,53,,,0,75,,14447,53,,,0,35,,14461,53,,,0,75,,14456,53,,,0,35,,14448,53,,,0,75,,14458,53,,,0,75,,14454,53,,,0,35,,14467,53,,,0,75,,14445,53,,,0,35,,14441,53,,,0,90,,14452,53,,,0,80,,14459,53,,,0,80,,14449,53,,,0,40,,14451,53,,,0,70,,14463,53,,,0,30,,14465,53,,,0,70,,14453,53,,,0,30,,14466,53,,,0,70,,14442,53,,,0,30,,14450,54,,,0
9500,'9493548d-afad-4b26-be65-c3aa23941f37',637,,14490,53,,,0,70,,14471,53,,,0,35,,14475,53,,,0,75,,14469,53,,,0,35,,14480,53,,,0,75,,14487,53,,,0,75,,14481,53,,,0,35,,14482,53,,,0,75,,14491,53,,,0,35,,14477,53,,,0,75,,14476,53,,,0,35,,14468,53,,,0,75,,14486,53,,,0,75,,14472,53,,,0,35,,14474,53,,,0,75,,14488,53,,,0,35,,14479,53,,,0,90,,14492,53,,,0,80,,14478,53,,,0,80,,14483,53,,,0,40,,14470,53,,,0,70,,14485,53,,,0,30,,14494,53,,,0,70,,14493,53,,,0,30,,14484,53,,,0,70,,14489,53,,,0,30,,14473,54,,,0
9500,'9577949b-c1b9-4893-a4cc-d601db41a1fc',637,,14514,53,,,0,70,,14495,53,,,0,35,,14520,53,,,0,75,,14517,53,,,0,35,,14518,53,,,0,75,,14499,53,,,0,75,,14496,53,,,0,35,,14519,53,,,0,75,,14498,53,,,0,35,,14501,53,,,0,75,,14521,53,,,0,35,,14506,53,,,0,75,,14507,53,,,0,75,,14512,53,,,0,35,,14502,53,,,0,75,,14504,53,,,0,35,,14500,53,,,0,90,,14505,53,,,0,80,,14513,53,,,0,80,,14508,53,,,0,40,,14509,53,,,0,70,,14511,53,,,0,30,,14503,53,,,0,70,,14497,53,,,0,30,,14510,53,,,0,70,,14516,53,,,0,30,,14515,54,,,0
9500,'991a1488-6339-4798-a1ff-4cc199131854',637,,14548,53,,,0,70,,14543,53,,,0,35,,14547,53,,,0,75,,14531,53,,,0,35,,14527,53,,,0,75,,14526,53,,,0,75,,14534,53,,,0,35,,14529,53,,,0,75,,14545,53,,,0,35,,14530,53,,,0,75,,14539,53,,,0,35,,14546,53,,,0,75,,14541,53,,,0,75,,14522,53,,,0,35,,14540,53,,,0,75,,14535,53,,,0,35,,14528,53,,,0,90,,14533,53,,,0,80,,14523,53,,,0,80,,14532,53,,,0,40,,14538,53,,,0,70,,14544,53,,,0,30,,14536,53,,,0,70,,14525,53,,,0,30,,14524,53,,,0,70,,14537,53,,,0,30,,14542,54,,,0
9500,'bec99aa0-a127-4e27-ae17-e4c7db42f9ba',937,,14556,53,,,0,70,,14558,53,,,0,30,,14552,53,,,0,70,,14560,53,,,0,30,,14555,53,,,0,70,,14561,53,,,0,35,,14557,53,,,0,75,,14551,53,,,0,35,,14559,53,,,0,75,,14564,53,,,0,75,,14549,53,,,0,35,,14553,53,,,0,75,,14550,53,,,0,35,,14562,53,,,0,75,,14563,53,,,0,35,,14554,54,,,0
9500,'c38342c9-8898-48ff-bb56-4ee52481c507',1112,,14573,53,,,0,45,,14567,53,,,0,90,,14566,53,,,0,85,,14565,53,,,0,90,,14572,53,,,0,85,,14570,53,,,0,50,,14569,53,,,0,85,,14574,53,,,0,90,,14571,53,,,0,85,,14568,53,,,0
