8100,'294e58fc-bc13-4a33-bb1d-a337996c2e9c',2220,,13736,218,,,0
8100,'8ab1f009-ab59-4a8c-9771-20e344a37dba',646,,13746,103,,,0,74,,13746,252,,,0,26,,13737,103,,,0,74,,13737,252,,,0,26,,13743,103,,,0,74,,13743,252,,,0,126,,13744,103,,,0,74,,13744,252,,,0,26,,13745,103,,,0,74,,13745,252,,,0,26,,13738,103,,,0,74,,13738,252,,,0,126,,13739,103,,,0,74,,13739,252,,,0,26,,13750,103,,,0,74,,13750,252,,,0,26,,13742,103,,,0,74,,13742,252,,,0,26,,13741,103,,,0,74,,13741,252,,,0,26,,13747,103,,,0,74,,13747,252,,,0,26,,13749,103,,,0,74,,13749,252,,,0,26,,13740,103,,,0,74,,13740,252,,,0,100,,13748,218,,,0
8100,'8e972226-8e68-4b6a-9fd3-2e7f449277f5',2220,,13751,218,,,0
8100,'9493548d-afad-4b26-be65-c3aa23941f37',2220,,13752,218,,,0
8100,'9577949b-c1b9-4893-a4cc-d601db41a1fc',2220,,13753,218,,,0
8100,'991a1488-6339-4798-a1ff-4cc199131854',2220,,13754,218,,,0
8100,'bec99aa0-a127-4e27-ae17-e4c7db42f9ba',1046,,13755,103,,,0,74,,13755,252,,,0,26,,13756,103,,,0,74,,13756,252,,,0,126,,13760,103,,,0,74,,13760,252,,,0,26,,13759,103,,,0,74,,13759,252,,,0,26,,13758,103,,,0,74,,13758,252,,,0,26,,13761,103,,,0,74,,13761,252,,,0,26,,13757,104,,,0,66,,13757,235,,,0
8100,'c38342c9-8898-48ff-bb56-4ee52481c507',1105,,13763,218,,,0,100,,13762,218,,,0,100,,13769,218,,,0,100,,13764,218,,,0,100,,13770,218,,,0,100,,13767,218,,,0,100,,13766,218,,,0,100,,13765,218,,,0,100,,13768,218,,,0
8200,'8ab1f009-ab59-4a8c-9771-20e344a37dba',946,,13771,112,,,0,74,,13771,327,,,0,326,,13772,112,,,0,74,,13772,327,,,0
8200,'bec99aa0-a127-4e27-ae17-e4c7db42f9ba',1246,,13773,112,,,0,74,,13773,327,,,0
8500,'294e58fc-bc13-4a33-bb1d-a337996c2e9c',712,,13774,37,,,0,100,,13789,37,,,0,100,,13787,37,,,0,100,,13775,37,,,0,100,,13776,37,,,0,100,,13778,37,,,0,100,,13780,37,,,0,100,,13788,37,,,0,100,,13782,37,,,0,100,,13785,37,,,0,100,,13784,37,,,0,100,,13779,37,,,0,100,,13777,37,,,0,100,,13781,37,,,0,100,,13786,37,,,0
8500,'8e972226-8e68-4b6a-9fd3-2e7f449277f5',712,,13796,37,,,0,100,,13801,37,,,0,100,,13804,37,,,0,100,,13792,37,,,0,100,,13791,37,,,0,100,,13794,37,,,0,100,,13800,37,,,0,100,,13798,37,,,0,100,,13790,37,,,0,100,,13793,37,,,0,100,,13805,37,,,0,100,,13795,37,,,0,100,,13797,37,,,0,100,,13803,37,,,0,100,,13799,37,,,0
8500,'9493548d-afad-4b26-be65-c3aa23941f37',712,,13812,37,,,0,100,,13809,37,,,0,100,,13816,37,,,0,100,,13807,37,,,0,100,,13810,37,,,0,100,,13815,37,,,0,100,,13811,37,,,0,100,,13814,37,,,0,100,,13813,37,,,0,100,,13821,37,,,0,100,,13806,37,,,0,100,,13817,37,,,0,100,,13820,37,,,0,100,,13808,37,,,0,100,,13819,37,,,0
8500,'9577949b-c1b9-4893-a4cc-d601db41a1fc',712,,13826,37,,,0,100,,13836,37,,,0,100,,13830,37,,,0,100,,13832,37,,,0,100,,13833,37,,,0,100,,13834,37,,,0,100,,13837,37,,,0,100,,13824,37,,,0,100,,13827,37,,,0,100,,13825,37,,,0,100,,13823,37,,,0,100,,13831,37,,,0,100,,13828,37,,,0,100,,13822,37,,,0,100,,13829,37,,,0
8500,'991a1488-6339-4798-a1ff-4cc199131854',712,,13839,37,,,0,100,,13838,37,,,0,100,,13843,37,,,0,100,,13844,37,,,0,100,,13849,37,,,0,100,,13846,37,,,0,100,,13845,37,,,0,100,,13847,37,,,0,100,,13848,37,,,0,100,,13841,37,,,0,100,,13853,37,,,0,100,,13851,37,,,0,100,,13840,37,,,0,100,,13842,37,,,0,100,,13850,37,,,0
