8100,'294e58fc-bc13-4a33-bb1d-a337996c2e9c',2146,,13736,130,,,0
8100,'8ab1f009-ab59-4a8c-9771-20e344a37dba',652,,13746,150,,,0,100,,13737,150,,,0,100,,13743,150,,,0,200,,13744,150,,,0,100,,13745,150,,,0,100,,13738,150,,,0,200,,13739,150,,,0,100,,13750,150,,,0,100,,13742,150,,,0,100,,13741,150,,,0,100,,13747,150,,,0,100,,13749,150,,,0,100,,13740,150,,,0,94,,13748,130,,,0
8100,'8e972226-8e68-4b6a-9fd3-2e7f449277f5',2146,,13751,130,,,0
8100,'9493548d-afad-4b26-be65-c3aa23941f37',2146,,13752,130,,,0
8100,'9577949b-c1b9-4893-a4cc-d601db41a1fc',2146,,13753,130,,,0
8100,'991a1488-6339-4798-a1ff-4cc199131854',2146,,13754,130,,,0
8100,'bec99aa0-a127-4e27-ae17-e4c7db42f9ba',1052,,13755,150,,,0,100,,13756,150,,,0,200,,13760,150,,,0,100,,13759,150,,,0,100,,13758,150,,,0,100,,13761,150,,,0,100,,13757,145,,,0
8100,'c38342c9-8898-48ff-bb56-4ee52481c507',1031,,13763,130,,,0,100,,13762,130,,,0,100,,13769,130,,,0,100,,13764,130,,,0,100,,13770,130,,,0,100,,13767,130,,,0,100,,13766,130,,,0,100,,13765,130,,,0,100,,13768,130,,,0
8500,'294e58fc-bc13-4a33-bb1d-a337996c2e9c',649,,13783,74,,,0,100,,13774,181,,,0,100,,13789,181,,,0,100,,13787,181,,,0,100,,13775,181,,,0,100,,13776,181,,,0,100,,13778,181,,,0,100,,13780,181,,,0,100,,13788,181,,,0,100,,13782,181,,,0,100,,13785,181,,,0,100,,13784,181,,,0,100,,13779,181,,,0,100,,13777,181,,,0,100,,13781,181,,,0,100,,13786,181,,,0
8500,'8e972226-8e68-4b6a-9fd3-2e7f449277f5',649,,13802,74,,,0,100,,13796,181,,,0,100,,13801,181,,,0,100,,13804,181,,,0,100,,13792,181,,,0,100,,13791,181,,,0,100,,13794,181,,,0,100,,13800,181,,,0,100,,13798,181,,,0,100,,13790,181,,,0,100,,13793,181,,,0,100,,13805,181,,,0,100,,13795,181,,,0,100,,13797,181,,,0,100,,13803,181,,,0,100,,13799,181,,,0
8500,'9493548d-afad-4b26-be65-c3aa23941f37',649,,13818,74,,,0,100,,13812,181,,,0,100,,13809,181,,,0,100,,13816,181,,,0,100,,13807,181,,,0,100,,13810,181,,,0,100,,13815,181,,,0,100,,13811,181,,,0,100,,13814,181,,,0,100,,13813,181,,,0,100,,13821,181,,,0,100,,13806,181,,,0,100,,13817,181,,,0,100,,13820,181,,,0,100,,13808,181,,,0,100,,13819,181,,,0
8500,'9577949b-c1b9-4893-a4cc-d601db41a1fc',649,,13835,74,,,0,100,,13826,181,,,0,100,,13836,181,,,0,100,,13830,181,,,0,100,,13832,181,,,0,100,,13833,181,,,0,100,,13834,181,,,0,100,,13837,181,,,0,100,,13824,181,,,0,100,,13827,181,,,0,100,,13825,181,,,0,100,,13823,181,,,0,100,,13831,181,,,0,100,,13828,181,,,0,100,,13822,181,,,0,100,,13829,181,,,0
8500,'991a1488-6339-4798-a1ff-4cc199131854',649,,13852,74,,,0,100,,13839,181,,,0,100,,13838,181,,,0,100,,13843,181,,,0,100,,13844,181,,,0,100,,13849,181,,,0,100,,13846,181,,,0,100,,13845,181,,,0,100,,13847,181,,,0,100,,13848,181,,,0,100,,13841,181,,,0,100,,13853,181,,,0,100,,13851,181,,,0,100,,13840,181,,,0,100,,13842,181,,,0,100,,13850,181,,,0
