8100,'294e58fc-bc13-4a33-bb1d-a337996c2e9c',2135,,13736,36,,,0
8100,'8ab1f009-ab59-4a8c-9771-20e344a37dba',2135,,13748,36,,,0
8100,'8e972226-8e68-4b6a-9fd3-2e7f449277f5',2135,,13751,36,,,0
8100,'9493548d-afad-4b26-be65-c3aa23941f37',2135,,13752,36,,,0
8100,'9577949b-c1b9-4893-a4cc-d601db41a1fc',2135,,13753,36,,,0
8100,'991a1488-6339-4798-a1ff-4cc199131854',2135,,13754,36,,,0
8100,'bec99aa0-a127-4e27-ae17-e4c7db42f9ba',1815,,13757,255,,,0
8100,'c38342c9-8898-48ff-bb56-4ee52481c507',1020,,13763,36,,,0,100,,13762,36,,,0,100,,13769,36,,,0,100,,13764,36,,,0,100,,13770,36,,,0,100,,13767,36,,,0,100,,13766,36,,,0,100,,13765,36,,,0,100,,13768,36,,,0
8200,'8ab1f009-ab59-4a8c-9771-20e344a37dba',948,,13771,138,,,0,400,,13772,138,,,0
8200,'bec99aa0-a127-4e27-ae17-e4c7db42f9ba',1248,,13773,138,,,0
8500,'294e58fc-bc13-4a33-bb1d-a337996c2e9c',716,,13774,55,,,0,100,,13789,55,,,0,100,,13787,55,,,0,100,,13775,55,,,0,100,,13776,55,,,0,100,,13778,55,,,0,100,,13780,55,,,0,100,,13788,55,,,0,100,,13782,55,,,0,100,,13785,55,,,0,100,,13784,55,,,0,100,,13779,55,,,0,100,,13777,55,,,0,100,,13781,55,,,0,100,,13786,55,,,0
8500,'8e972226-8e68-4b6a-9fd3-2e7f449277f5',716,,13796,55,,,0,100,,13801,55,,,0,100,,13804,55,,,0,100,,13792,55,,,0,100,,13791,55,,,0,100,,13794,55,,,0,100,,13800,55,,,0,100,,13798,55,,,0,100,,13790,55,,,0,100,,13793,55,,,0,100,,13805,55,,,0,100,,13795,55,,,0,100,,13797,55,,,0,100,,13803,55,,,0,100,,13799,55,,,0
8500,'9493548d-afad-4b26-be65-c3aa23941f37',716,,13812,55,,,0,100,,13809,55,,,0,100,,13816,55,,,0,100,,13807,55,,,0,100,,13810,55,,,0,100,,13815,55,,,0,100,,13811,55,,,0,100,,13814,55,,,0,100,,13813,55,,,0,100,,13821,55,,,0,100,,13806,55,,,0,100,,13817,55,,,0,100,,13820,55,,,0,100,,13808,55,,,0,100,,13819,55,,,0
8500,'9577949b-c1b9-4893-a4cc-d601db41a1fc',716,,13826,55,,,0,100,,13836,55,,,0,100,,13830,55,,,0,100,,13832,55,,,0,100,,13833,55,,,0,100,,13834,55,,,0,100,,13837,55,,,0,100,,13824,55,,,0,100,,13827,55,,,0,100,,13825,55,,,0,100,,13823,55,,,0,100,,13831,55,,,0,100,,13828,55,,,0,100,,13822,55,,,0,100,,13829,55,,,0
8500,'991a1488-6339-4798-a1ff-4cc199131854',716,,13839,55,,,0,100,,13838,55,,,0,100,,13843,55,,,0,100,,13844,55,,,0,100,,13849,55,,,0,100,,13846,55,,,0,100,,13845,55,,,0,100,,13847,55,,,0,100,,13848,55,,,0,100,,13841,55,,,0,100,,13853,55,,,0,100,,13851,55,,,0,100,,13840,55,,,0,100,,13842,55,,,0,100,,13850,55,,,0
