9400,'294e58fc-bc13-4a33-bb1d-a337996c2e9c',635,,14194,61,,,0,76,,14205,61,,,0,20,,14195,61,,,0,20,,14199,61,,,0,60,,14204,61,,,0,20,,14184,61,,,0,20,,14187,61,,,0,60,,14193,61,,,0,20,,14175,69,,,0,75,,14203,61,,,0,40,,14198,61,,,0,80,,14183,61,,,0,80,,14185,61,,,0,40,,14177,61,,,0,80,,14206,61,,,0,85,,14189,61,,,0,40,,14202,61,,,0,60,,14188,61,,,0,20,,14186,61,,,0,20,,14201,61,,,0,60,,14197,61,,,0,20,,14176,61,,,0,20,,14192,61,,,0,60,,14179,69,,,0,20,,14181,61,,,0,80,,14178,61,,,0,35,,14182,61,,,0,75,,14196,61,,,0,35,,14180,61,,,0,75,,14191,61,,,0,80,,14190,61,,,0,35,,14200,69,,,0
9400,'8ab1f009-ab59-4a8c-9771-20e344a37dba',641,,14223,61,,,0,75,,14220,61,,,0,35,,14212,61,,,0,75,,14215,61,,,0,75,,14213,61,,,0,35,,14231,61,,,0,75,,14225,61,,,0,35,,14227,61,,,0,75,,14218,61,,,0,80,,14207,61,,,0,40,,14214,61,,,0,80,,14216,61,,,0,90,,14226,61,,,0,40,,14228,61,,,0,80,,14209,61,,,0,80,,14221,61,,,0,40,,14219,61,,,0,80,,14217,61,,,0,80,,14222,61,,,0,35,,14224,61,,,0,75,,14208,61,,,0,35,,14210,61,,,0,75,,14211,61,,,0,80,,14229,61,,,0,35,,14230,69,,,0
9400,'8e972226-8e68-4b6a-9fd3-2e7f449277f5',635,,14260,61,,,0,76,,14239,61,,,0,20,,14257,61,,,0,20,,14245,61,,,0,60,,14236,61,,,0,20,,14250,61,,,0,20,,14240,61,,,0,60,,14249,61,,,0,20,,14254,69,,,0,75,,14251,61,,,0,40,,14244,61,,,0,80,,14248,61,,,0,80,,14246,61,,,0,40,,14262,61,,,0,80,,14259,61,,,0,85,,14256,61,,,0,40,,14233,61,,,0,60,,14234,61,,,0,20,,14242,61,,,0,20,,14243,61,,,0,60,,14235,61,,,0,20,,14253,61,,,0,20,,14263,61,,,0,60,,14252,69,,,0,20,,14261,61,,,0,80,,14247,61,,,0,35,,14237,61,,,0,75,,14241,61,,,0,35,,14255,61,,,0,75,,14238,61,,,0,80,,14258,61,,,0,35,,14232,69,,,0
9400,'9493548d-afad-4b26-be65-c3aa23941f37',635,,14269,61,,,0,76,,14289,61,,,0,20,,14266,61,,,0,20,,14286,61,,,0,60,,14277,61,,,0,20,,14278,61,,,0,20,,14275,61,,,0,60,,14270,61,,,0,20,,14290,69,,,0,75,,14293,61,,,0,40,,14285,61,,,0,80,,14265,61,,,0,80,,14295,61,,,0,40,,14274,61,,,0,80,,14288,61,,,0,85,,14292,61,,,0,40,,14279,61,,,0,60,,14267,61,,,0,20,,14280,61,,,0,20,,14273,61,,,0,60,,14287,61,,,0,20,,14268,61,,,0,20,,14272,61,,,0,60,,14276,69,,,0,20,,14283,61,,,0,80,,14294,61,,,0,35,,14282,61,,,0,75,,14284,61,,,0,35,,14291,61,,,0,75,,14271,61,,,0,80,,14281,61,,,0,35,,14264,69,,,0
9400,'9577949b-c1b9-4893-a4cc-d601db41a1fc',635,,14317,61,,,0,76,,14322,61,,,0,20,,14326,61,,,0,20,,14310,61,,,0,60,,14308,61,,,0,20,,14303,61,,,0,20,,14304,61,,,0,60,,14297,61,,,0,20,,14315,69,,,0,75,,14323,61,,,0,40,,14298,61,,,0,80,,14306,61,,,0,80,,14309,61,,,0,40,,14319,61,,,0,80,,14321,61,,,0,85,,14307,61,,,0,40,,14299,61,,,0,60,,14314,61,,,0,20,,14324,61,,,0,20,,14296,61,,,0,60,,14320,61,,,0,20,,14301,61,,,0,20,,14311,61,,,0,60,,14300,69,,,0,20,,14327,61,,,0,80,,14325,61,,,0,35,,14302,61,,,0,75,,14316,61,,,0,35,,14318,61,,,0,75,,14312,61,,,0,80,,14305,61,,,0,35,,14313,69,,,0
9400,'991a1488-6339-4798-a1ff-4cc199131854',635,,14329,61,,,0,76,,14335,61,,,0,20,,14331,61,,,0,20,,14337,61,,,0,60,,14358,61,,,0,20,,14347,61,,,0,20,,14334,61,,,0,60,,14348,61,,,0,20,,14345,69,,,0,75,,14333,61,,,0,40,,14343,61,,,0,80,,14355,61,,,0,80,,14332,61,,,0,40,,14339,61,,,0,80,,14359,61,,,0,85,,14349,61,,,0,40,,14354,61,,,0,60,,14342,61,,,0,20,,14340,61,,,0,20,,14330,61,,,0,60,,14357,61,,,0,20,,14350,61,,,0,20,,14351,61,,,0,60,,14346,69,,,0,20,,14344,61,,,0,80,,14353,61,,,0,35,,14328,61,,,0,75,,14341,61,,,0,35,,14356,61,,,0,75,,14336,61,,,0,80,,14338,61,,,0,35,,14352,69,,,0
9400,'bec99aa0-a127-4e27-ae17-e4c7db42f9ba',941,,14365,61,,,0,75,,14363,61,,,0,35,,14361,61,,,0,75,,14364,61,,,0,75,,14374,61,,,0,35,,14372,61,,,0,75,,14360,61,,,0,35,,14368,61,,,0,75,,14367,61,,,0,35,,14369,61,,,0,75,,14362,61,,,0,75,,14371,61,,,0,35,,14370,61,,,0,75,,14366,61,,,0,35,,14373,69,,,0
9400,'c38342c9-8898-48ff-bb56-4ee52481c507',1041,,14383,61,,,0,85,,14381,61,,,0,90,,14382,61,,,0,85,,14375,61,,,0,50,,14377,61,,,0,85,,14378,61,,,0,90,,14384,61,,,0,85,,14376,61,,,0,90,,14379,61,,,0,45,,14380,61,,,0
9500,'294e58fc-bc13-4a33-bb1d-a337996c2e9c',637,,14394,54,,,0,70,,14400,54,,,0,35,,14388,54,,,0,75,,14395,54,,,0,35,,14402,54,,,0,75,,14404,54,,,0,75,,14385,54,,,0,35,,14391,54,,,0,75,,14408,54,,,0,35,,14397,54,,,0,75,,14401,54,,,0,35,,14389,54,,,0,75,,14393,54,,,0,75,,14411,54,,,0,35,,14386,54,,,0,75,,14403,54,,,0,35,,14390,54,,,0,90,,14392,54,,,0,80,,14387,54,,,0,80,,14405,54,,,0,40,,14398,54,,,0,70,,14407,54,,,0,30,,14410,54,,,0,70,,14406,54,,,0,30,,14409,54,,,0,70,,14396,54,,,0,30,,14399,55,,,0
9500,'8ab1f009-ab59-4a8c-9771-20e344a37dba',637,,14436,54,,,0,70,,14422,54,,,0,30,,14418,54,,,0,70,,14420,54,,,0,30,,14417,54,,,0,70,,14427,54,,,0,30,,14433,54,,,0,70,,14432,54,,,0,30,,14435,54,,,0,75,,14428,54,,,0,35,,14412,54,,,0,75,,14437,54,,,0,35,,14413,54,,,0,75,,14431,54,,,0,75,,14430,54,,,0,35,,14425,54,,,0,75,,14434,54,,,0,35,,14424,54,,,0,75,,14429,54,,,0,75,,14419,54,,,0,35,,14426,54,,,0,70,,14414,54,,,0,30,,14415,54,,,0,70,,14421,54,,,0,30,,14440,54,,,0,70,,14416,54,,,0,30,,14438,54,,,0,70,,14439,54,,,0,30,,14423,55,,,0
9500,'8e972226-8e68-4b6a-9fd3-2e7f449277f5',637,,14444,54,,,0,70,,14464,54,,,0,35,,14446,54,,,0,75,,14460,54,,,0,35,,14455,54,,,0,75,,14443,54,,,0,75,,14457,54,,,0,35,,14462,54,,,0,75,,14447,54,,,0,35,,14461,54,,,0,75,,14456,54,,,0,35,,14448,54,,,0,75,,14458,54,,,0,75,,14454,54,,,0,35,,14467,54,,,0,75,,14445,54,,,0,35,,14441,54,,,0,90,,14452,54,,,0,80,,14459,54,,,0,80,,14449,54,,,0,40,,14451,54,,,0,70,,14463,54,,,0,30,,14465,54,,,0,70,,14453,54,,,0,30,,14466,54,,,0,70,,14442,54,,,0,30,,14450,55,,,0
9500,'9493548d-afad-4b26-be65-c3aa23941f37',637,,14490,54,,,0,70,,14471,54,,,0,35,,14475,54,,,0,75,,14469,54,,,0,35,,14480,54,,,0,75,,14487,54,,,0,75,,14481,54,,,0,35,,14482,54,,,0,75,,14491,54,,,0,35,,14477,54,,,0,75,,14476,54,,,0,35,,14468,54,,,0,75,,14486,54,,,0,75,,14472,54,,,0,35,,14474,54,,,0,75,,14488,54,,,0,35,,14479,54,,,0,90,,14492,54,,,0,80,,14478,54,,,0,80,,14483,54,,,0,40,,14470,54,,,0,70,,14485,54,,,0,30,,14494,54,,,0,70,,14493,54,,,0,30,,14484,54,,,0,70,,14489,54,,,0,30,,14473,55,,,0
9500,'9577949b-c1b9-4893-a4cc-d601db41a1fc',637,,14514,54,,,0,70,,14495,54,,,0,35,,14520,54,,,0,75,,14517,54,,,0,35,,14518,54,,,0,75,,14499,54,,,0,75,,14496,54,,,0,35,,14519,54,,,0,75,,14498,54,,,0,35,,14501,54,,,0,75,,14521,54,,,0,35,,14506,54,,,0,75,,14507,54,,,0,75,,14512,54,,,0,35,,14502,54,,,0,75,,14504,54,,,0,35,,14500,54,,,0,90,,14505,54,,,0,80,,14513,54,,,0,80,,14508,54,,,0,40,,14509,54,,,0,70,,14511,54,,,0,30,,14503,54,,,0,70,,14497,54,,,0,30,,14510,54,,,0,70,,14516,54,,,0,30,,14515,55,,,0
9500,'991a1488-6339-4798-a1ff-4cc199131854',637,,14548,54,,,0,70,,14543,54,,,0,35,,14547,54,,,0,75,,14531,54,,,0,35,,14527,54,,,0,75,,14526,54,,,0,75,,14534,54,,,0,35,,14529,54,,,0,75,,14545,54,,,0,35,,14530,54,,,0,75,,14539,54,,,0,35,,14546,54,,,0,75,,14541,54,,,0,75,,14522,54,,,0,35,,14540,54,,,0,75,,14535,54,,,0,35,,14528,54,,,0,90,,14533,54,,,0,80,,14523,54,,,0,80,,14532,54,,,0,40,,14538,54,,,0,70,,14544,54,,,0,30,,14536,54,,,0,70,,14525,54,,,0,30,,14524,54,,,0,70,,14537,54,,,0,30,,14542,55,,,0
9500,'bec99aa0-a127-4e27-ae17-e4c7db42f9ba',937,,14556,54,,,0,70,,14558,54,,,0,30,,14552,54,,,0,70,,14560,54,,,0,30,,14555,54,,,0,70,,14561,54,,,0,35,,14557,54,,,0,75,,14551,54,,,0,35,,14559,54,,,0,75,,14564,54,,,0,75,,14549,54,,,0,35,,14553,54,,,0,75,,14550,54,,,0,35,,14562,54,,,0,75,,14563,54,,,0,35,,14554,55,,,0
9500,'c38342c9-8898-48ff-bb56-4ee52481c507',1112,,14573,54,,,0,45,,14567,54,,,0,90,,14566,54,,,0,85,,14565,54,,,0,90,,14572,54,,,0,85,,14570,54,,,0,50,,14569,54,,,0,85,,14574,54,,,0,90,,14571,54,,,0,85,,14568,54,,,0
