1600,'3b7f0ccc-4b86-44f9-804c-3016d4439aa6',647,,7223,13,,,0,70,,7218,13,,,0,35,,7220,13,,,0,75,,7229,13,,,0,30,,7230,13,,,0,70,,7233,13,,,0,30,,7212,13,,,0,70,,7227,13,,,0,30,,7236,13,,,0,70,,7214,13,,,0,30,,7237,13,,,0,80,,7231,13,,,0,75,,7217,13,,,0,35,,7228,13,,,0,75,,7219,13,,,0,35,,7225,13,,,0,75,,7211,13,,,0,75,,7232,13,,,0,40,,7226,13,,,0,80,,7215,13,,,0,80,,7216,13,,,0,30,,7234,13,,,0,70,,7235,13,,,0,30,,7221,13,,,0,70,,7213,13,,,0,30,,7222,13,,,0,70,,7224,19,,,0
1600,'545fdaed-298a-4873-ae9e-185363247123',1022,,7242,13,,,0,35,,7244,13,,,0,75,,7243,13,,,0,75,,7247,13,,,0,35,,7239,13,,,0,75,,7245,13,,,0,35,,7238,13,,,0,75,,7246,13,,,0,75,,7241,13,,,0,35,,7250,13,,,0,75,,7248,13,,,0,35,,7240,13,,,0,75,,7249,19,,,0
1600,'72a07536-7ac5-462d-91fd-4adacd8d70a1',647,,7271,13,,,0,70,,7251,13,,,0,35,,7252,13,,,0,75,,7276,13,,,0,30,,7275,13,,,0,70,,7260,13,,,0,30,,7254,13,,,0,70,,7265,13,,,0,30,,7270,13,,,0,70,,7261,13,,,0,30,,7268,13,,,0,80,,7266,13,,,0,75,,7272,13,,,0,35,,7258,13,,,0,75,,7267,13,,,0,35,,7259,13,,,0,75,,7256,13,,,0,75,,7255,13,,,0,40,,7253,13,,,0,80,,7273,13,,,0,80,,7269,13,,,0,30,,7264,13,,,0,70,,7274,13,,,0,30,,7257,13,,,0,70,,7277,13,,,0,30,,7263,13,,,0,70,,7262,19,,,0
1600,'b5be936f-506a-42fd-8fe9-aa394bb7d40c',647,,7285,13,,,0,70,,7293,13,,,0,35,,7298,13,,,0,75,,7279,13,,,0,30,,7280,13,,,0,70,,7286,13,,,0,30,,7289,13,,,0,70,,7282,13,,,0,30,,7292,13,,,0,70,,7299,13,,,0,30,,7287,13,,,0,80,,7295,13,,,0,75,,7284,13,,,0,35,,7294,13,,,0,75,,7281,13,,,0,35,,7290,13,,,0,75,,7297,13,,,0,75,,7302,13,,,0,40,,7296,13,,,0,80,,7304,13,,,0,80,,7291,13,,,0,30,,7303,13,,,0,70,,7300,13,,,0,30,,7283,13,,,0,70,,7288,13,,,0,30,,7278,13,,,0,70,,7301,19,,,0
1600,'c0258e04-8c49-4a98-8bc9-d3680145007e',647,,7312,13,,,0,70,,7328,13,,,0,35,,7318,13,,,0,75,,7310,13,,,0,30,,7314,13,,,0,70,,7305,13,,,0,30,,7320,13,,,0,70,,7327,13,,,0,30,,7313,13,,,0,70,,7331,13,,,0,30,,7330,13,,,0,80,,7329,13,,,0,75,,7315,13,,,0,35,,7306,13,,,0,75,,7311,13,,,0,35,,7325,13,,,0,75,,7319,13,,,0,75,,7323,13,,,0,40,,7326,13,,,0,80,,7309,13,,,0,80,,7324,13,,,0,30,,7307,13,,,0,70,,7316,13,,,0,30,,7322,13,,,0,70,,7321,13,,,0,30,,7317,13,,,0,70,,7308,19,,,0
1600,'db4ab86b-f5f5-4d9a-8c75-2988ac0b1af4',1132,,7334,13,,,0,75,,7342,13,,,0,35,,7337,13,,,0,75,,7339,13,,,0,35,,7343,13,,,0,75,,7335,13,,,0,75,,7338,13,,,0,35,,7333,13,,,0,75,,7341,13,,,0,35,,7336,13,,,0,75,,7344,13,,,0,35,,7340,13,,,0,75,,7332,19,,,0
1600,'fbc81037-9cf3-4a4d-b4aa-43897a8ca294',647,,7352,13,,,0,70,,7351,13,,,0,35,,7357,13,,,0,75,,7349,13,,,0,30,,7359,13,,,0,70,,7367,13,,,0,30,,7371,13,,,0,70,,7365,13,,,0,30,,7347,13,,,0,70,,7358,13,,,0,30,,7356,13,,,0,80,,7353,13,,,0,75,,7350,13,,,0,35,,7364,13,,,0,75,,7362,13,,,0,35,,7369,13,,,0,75,,7366,13,,,0,75,,7345,13,,,0,40,,7348,13,,,0,80,,7360,13,,,0,80,,7368,13,,,0,30,,7361,13,,,0,70,,7346,13,,,0,30,,7363,13,,,0,70,,7354,13,,,0,30,,7355,13,,,0,70,,7370,19,,,0
5000,'3b7f0ccc-4b86-44f9-804c-3016d4439aa6',640,,7373,22,,,0,64,,7383,22,,,0,26,,7378,22,,,0,26,,7399,22,,,0,66,,7402,22,,,0,26,,7390,22,,,0,66,,7386,22,,,0,26,,7376,22,,,0,66,,7400,13,,,0,26,,7385,22,,,0,68,,7393,22,,,0,47,,7401,22,,,0,73,,7381,22,,,0,84,,7394,22,,,0,34,,7384,22,,,0,68,,7377,22,,,0,25,,7379,22,,,0,69,,7398,22,,,0,27,,7375,22,,,0,27,,7387,22,,,0,67,,7396,22,,,0,34,,7388,22,,,0,72,,7392,22,,,0,27,,7391,22,,,0,74,,7405,22,,,0,24,,7403,22,,,0,64,,7395,22,,,0,26,,7389,15,,,0,67,,7382,22,,,0,23,,7380,22,,,0,90,,7397,22,,,0,23,,7406,15,,,0,90,,7374,15,,,0
5000,'545fdaed-298a-4873-ae9e-185363247123',1001,,7418,22,,,0,35,,7413,22,,,0,75,,7408,22,,,0,35,,7414,22,,,0,75,,7425,22,,,0,35,,7419,22,,,0,75,,7420,22,,,0,75,,7415,22,,,0,35,,7412,22,,,0,75,,7416,22,,,0,35,,7422,22,,,0,75,,7410,22,,,0,75,,7424,22,,,0,35,,7411,15,,,0,70,,7417,13,,,0,5,,7421,13,,,0
5000,'72a07536-7ac5-462d-91fd-4adacd8d70a1',640,,7457,22,,,0,64,,7446,22,,,0,26,,7444,22,,,0,26,,7428,22,,,0,66,,7448,22,,,0,26,,7432,22,,,0,66,,7443,22,,,0,26,,7459,22,,,0,66,,7430,13,,,0,26,,7455,22,,,0,68,,7447,22,,,0,47,,7435,22,,,0,73,,7441,22,,,0,84,,7433,22,,,0,34,,7451,22,,,0,68,,7427,22,,,0,25,,7460,22,,,0,69,,7450,22,,,0,27,,7452,22,,,0,27,,7461,22,,,0,67,,7458,22,,,0,34,,7438,22,,,0,72,,7454,22,,,0,27,,7440,22,,,0,74,,7431,22,,,0,24,,7426,22,,,0,64,,7429,22,,,0,26,,7445,15,,,0,67,,7439,22,,,0,23,,7449,22,,,0,90,,7453,22,,,0,23,,7442,15,,,0,90,,7436,15,,,0
5000,'b5be936f-506a-42fd-8fe9-aa394bb7d40c',640,,7484,22,,,0,64,,7482,22,,,0,26,,7490,22,,,0,26,,7486,22,,,0,66,,7477,22,,,0,26,,7470,22,,,0,66,,7491,22,,,0,26,,7472,22,,,0,66,,7489,13,,,0,26,,7462,22,,,0,68,,7479,22,,,0,47,,7474,22,,,0,73,,7493,22,,,0,84,,7464,22,,,0,34,,7463,22,,,0,68,,7467,22,,,0,25,,7487,22,,,0,69,,7488,22,,,0,27,,7497,22,,,0,27,,7473,22,,,0,67,,7483,22,,,0,34,,7496,22,,,0,72,,7469,22,,,0,27,,7475,22,,,0,74,,7476,22,,,0,24,,7478,22,,,0,64,,7471,22,,,0,26,,7480,15,,,0,67,,7485,22,,,0,23,,7468,22,,,0,90,,7466,22,,,0,23,,7465,15,,,0,90,,7481,15,,,0
5000,'c0258e04-8c49-4a98-8bc9-d3680145007e',640,,7524,22,,,0,64,,7512,22,,,0,26,,7533,22,,,0,26,,7532,22,,,0,66,,7501,22,,,0,26,,7519,22,,,0,66,,7513,22,,,0,26,,7505,22,,,0,66,,7526,13,,,0,26,,7503,22,,,0,68,,7500,22,,,0,47,,7504,22,,,0,73,,7502,22,,,0,84,,7521,22,,,0,34,,7525,22,,,0,68,,7506,22,,,0,25,,7518,22,,,0,69,,7509,22,,,0,27,,7510,22,,,0,27,,7528,22,,,0,67,,7517,22,,,0,34,,7522,22,,,0,72,,7511,22,,,0,27,,7515,22,,,0,74,,7523,22,,,0,24,,7529,22,,,0,64,,7508,22,,,0,26,,7507,15,,,0,67,,7516,22,,,0,23,,7530,22,,,0,90,,7499,22,,,0,23,,7527,15,,,0,90,,7520,15,,,0
5000,'db4ab86b-f5f5-4d9a-8c75-2988ac0b1af4',706,,7542,22,,,0,35,,7548,22,,,0,75,,7560,22,,,0,35,,7556,22,,,0,75,,7552,22,,,0,75,,7555,22,,,0,35,,7539,22,,,0,75,,7558,22,,,0,36,,7538,22,,,0,77,,7553,22,,,0,80,,7554,22,,,0,37,,7543,22,,,0,80,,7550,22,,,0,37,,7544,22,,,0,80,,7551,22,,,0,77,,7541,22,,,0,40,,7546,22,,,0,77,,7536,22,,,0,77,,7557,22,,,0,37,,7549,22,,,0,75,,7540,22,,,0,35,,7545,22,,,0,75,,7561,22,,,0,75,,7534,15,,,0,35,,7537,15,,,0
5000,'fbc81037-9cf3-4a4d-b4aa-43897a8ca294',640,,7590,22,,,0,64,,7564,22,,,0,26,,7569,22,,,0,26,,7563,22,,,0,66,,7589,22,,,0,26,,7593,22,,,0,66,,7577,22,,,0,26,,7576,22,,,0,66,,7578,13,,,0,26,,7583,22,,,0,68,,7597,22,,,0,47,,7575,22,,,0,73,,7566,22,,,0,84,,7574,22,,,0,34,,7586,22,,,0,68,,7572,22,,,0,25,,7570,22,,,0,69,,7585,22,,,0,27,,7587,22,,,0,27,,7573,22,,,0,67,,7562,22,,,0,34,,7591,22,,,0,72,,7579,22,,,0,27,,7571,22,,,0,74,,7584,22,,,0,24,,7565,22,,,0,64,,7568,22,,,0,26,,7592,15,,,0,67,,7596,22,,,0,23,,7595,22,,,0,90,,7588,22,,,0,23,,7580,15,,,0,90,,7594,15,,,0
6100,'3b7f0ccc-4b86-44f9-804c-3016d4439aa6',536,,8756,21,,,0,75,,8769,21,,,0,35,,8761,21,,,0,55,,8764,21,,,0,20,,8776,21,,,0,21,,8782,21,,,0,60,,8747,21,,,0,20,,8768,21,,,0,20,,8774,21,,,0,59,,8765,21,,,0,20,,8749,21,,,0,80,,8778,21,,,0,40,,8762,21,,,0,80,,8754,21,,,0,80,,8777,21,,,0,40,,8741,21,,,0,60,,8763,21,,,0,25,,8757,21,,,0,20,,8745,21,,,0,61,,8743,21,,,0,20,,8760,21,,,0,25,,8780,21,,,0,60,,8779,21,,,0,25,,8772,21,,,0,20,,8748,21,,,0,65,,8773,21,,,0,20,,8781,21,,,0,65,,8767,21,,,0,20,,8759,21,,,0,25,,8752,21,,,0,60,,8758,21,,,0,20,,8771,21,,,0,20,,8753,21,,,0,59,,8744,21,,,0,20,,8775,21,,,0,15,,8750,21,,,0,75,,8742,21,,,0,36,,8751,21,,,0,74,,8770,21,,,0,75,,8766,21,,,0,35,,8746,21,,,0,75,,8755,21,,,0
6100,'545fdaed-298a-4873-ae9e-185363247123',931,,8788,21,,,0,80,,8791,21,,,0,40,,8786,21,,,0,80,,8793,21,,,0,80,,8795,21,,,0,40,,8785,21,,,0,80,,8794,21,,,0,80,,8790,21,,,0,40,,8789,21,,,0,80,,8792,21,,,0,80,,8784,21,,,0,40,,8783,21,,,0,80,,8787,17,,,0
6100,'72a07536-7ac5-462d-91fd-4adacd8d70a1',536,,8816,21,,,0,75,,8833,21,,,0,35,,8836,21,,,0,55,,8807,21,,,0,20,,8797,21,,,0,21,,8824,21,,,0,60,,8808,21,,,0,20,,8801,21,,,0,20,,8828,21,,,0,59,,8812,21,,,0,20,,8815,21,,,0,80,,8820,21,,,0,40,,8817,21,,,0,80,,8811,21,,,0,80,,8823,21,,,0,40,,8803,21,,,0,60,,8810,21,,,0,25,,8825,21,,,0,20,,8806,21,,,0,61,,8796,21,,,0,20,,8809,21,,,0,25,,8814,21,,,0,60,,8829,21,,,0,25,,8834,21,,,0,20,,8822,21,,,0,65,,8800,21,,,0,20,,8835,21,,,0,65,,8819,21,,,0,20,,8805,21,,,0,25,,8830,21,,,0,60,,8827,21,,,0,20,,8813,21,,,0,20,,8804,21,,,0,59,,8826,21,,,0,20,,8818,21,,,0,15,,8831,21,,,0,75,,8802,21,,,0,36,,8798,21,,,0,74,,8832,21,,,0,75,,8837,21,,,0,35,,8821,21,,,0,75,,8799,21,,,0
6100,'b5be936f-506a-42fd-8fe9-aa394bb7d40c',536,,8878,21,,,0,75,,8851,21,,,0,35,,8855,21,,,0,55,,8846,21,,,0,20,,8859,21,,,0,21,,8840,21,,,0,60,,8866,21,,,0,20,,8875,21,,,0,20,,8843,21,,,0,59,,8870,21,,,0,20,,8864,21,,,0,80,,8863,21,,,0,40,,8850,21,,,0,80,,8865,21,,,0,80,,8852,21,,,0,40,,8838,21,,,0,60,,8841,21,,,0,25,,8872,21,,,0,20,,8871,21,,,0,61,,8849,21,,,0,20,,8839,21,,,0,25,,8856,21,,,0,60,,8857,21,,,0,25,,8868,21,,,0,20,,8861,21,,,0,65,,8854,21,,,0,20,,8847,21,,,0,65,,8874,21,,,0,20,,8869,21,,,0,25,,8877,21,,,0,60,,8858,21,,,0,20,,8876,21,,,0,20,,8842,21,,,0,59,,8873,21,,,0,20,,8867,21,,,0,15,,8879,21,,,0,75,,8848,21,,,0,36,,8845,21,,,0,74,,8844,21,,,0,75,,8862,21,,,0,35,,8860,21,,,0,75,,8853,21,,,0
6100,'c0258e04-8c49-4a98-8bc9-d3680145007e',536,,8912,21,,,0,75,,8921,21,,,0,35,,8883,21,,,0,55,,8897,21,,,0,20,,8889,21,,,0,21,,8916,21,,,0,60,,8899,21,,,0,20,,8911,21,,,0,20,,8880,21,,,0,59,,8913,21,,,0,20,,8885,21,,,0,80,,8891,21,,,0,40,,8902,21,,,0,80,,8896,21,,,0,80,,8888,21,,,0,40,,8892,21,,,0,60,,8920,21,,,0,25,,8895,21,,,0,20,,8893,21,,,0,61,,8881,21,,,0,20,,8917,21,,,0,25,,8894,21,,,0,60,,8903,21,,,0,25,,8900,21,,,0,20,,8906,21,,,0,65,,8918,21,,,0,20,,8898,21,,,0,65,,8886,21,,,0,20,,8904,21,,,0,25,,8909,21,,,0,60,,8919,21,,,0,20,,8884,21,,,0,20,,8882,21,,,0,59,,8907,21,,,0,20,,8908,21,,,0,15,,8915,21,,,0,75,,8914,21,,,0,36,,8901,21,,,0,74,,8910,21,,,0,75,,8905,21,,,0,35,,8890,21,,,0,75,,8887,21,,,0
6100,'db4ab86b-f5f5-4d9a-8c75-2988ac0b1af4',611,,8934,21,,,0,90,,8936,21,,,0,40,,8923,21,,,0,80,,8945,21,,,0,80,,8926,21,,,0,40,,8930,21,,,0,80,,8928,21,,,0,80,,8932,21,,,0,45,,8929,21,,,0,85,,8925,21,,,0,85,,8924,21,,,0,85,,8927,21,,,0,45,,8937,21,,,0,85,,8943,21,,,0,85,,8944,21,,,0,85,,8940,21,,,0,45,,8933,21,,,0,85,,8941,21,,,0,75,,8942,21,,,0,35,,8935,21,,,0,75,,8931,21,,,0,35,,8939,21,,,0,75,,8938,21,,,0,75,,8922,17,,,0
6100,'fbc81037-9cf3-4a4d-b4aa-43897a8ca294',536,,8948,21,,,0,75,,8971,21,,,0,35,,8982,21,,,0,55,,8965,21,,,0,20,,8958,21,,,0,21,,8964,21,,,0,60,,8980,21,,,0,20,,8970,21,,,0,20,,8959,21,,,0,59,,8954,21,,,0,20,,8977,21,,,0,80,,8955,21,,,0,40,,8981,21,,,0,80,,8946,21,,,0,80,,8974,21,,,0,40,,8957,21,,,0,60,,8967,21,,,0,25,,8949,21,,,0,20,,8975,21,,,0,61,,8978,21,,,0,20,,8950,21,,,0,25,,8983,21,,,0,60,,8984,21,,,0,25,,8986,21,,,0,20,,8962,21,,,0,65,,8985,21,,,0,20,,8972,21,,,0,65,,8953,21,,,0,20,,8960,21,,,0,25,,8947,21,,,0,60,,8969,21,,,0,20,,8979,21,,,0,20,,8952,21,,,0,59,,8963,21,,,0,20,,8987,21,,,0,15,,8956,21,,,0,75,,8968,21,,,0,36,,8961,21,,,0,74,,8973,21,,,0,75,,8966,21,,,0,35,,8976,21,,,0,75,,8951,21,,,0
