9300,'3b7f0ccc-4b86-44f9-804c-3016d4439aa6',655,,10258,88,,,0,72,,10257,88,,,0,77,,10278,88,,,0,35,,10265,88,,,0,75,,10259,88,,,0,35,,10261,88,,,0,75,,10275,88,,,0,35,,10270,88,,,0,75,,10281,88,,,0,75,,10264,88,,,0,35,,10271,88,,,0,75,,10266,88,,,0,35,,10280,88,,,0,75,,10260,88,,,0,75,,10276,88,,,0,35,,10268,88,,,0,75,,10283,88,,,0,91,,10269,88,,,0,41,,10262,88,,,0,80,,10272,88,,,0,33,,10263,88,,,0,70,,10273,88,,,0,30,,10282,88,,,0,70,,10277,88,,,0,30,,10274,88,,,0,70,,10279,88,,,0,30,,10267,88,,,0
9300,'545fdaed-298a-4873-ae9e-185363247123',955,,10294,88,,,0,70,,10289,88,,,0,30,,10286,88,,,0,70,,10297,88,,,0,30,,10288,88,,,0,72,,10293,88,,,0,75,,10298,88,,,0,35,,10295,88,,,0,75,,10299,88,,,0,35,,10287,88,,,0,75,,10290,88,,,0,35,,10285,88,,,0,75,,10291,88,,,0,75,,10292,88,,,0,35,,10296,88,,,0,75,,10284,88,,,0
9300,'72a07536-7ac5-462d-91fd-4adacd8d70a1',655,,10312,88,,,0,72,,10300,88,,,0,77,,10317,88,,,0,35,,10324,88,,,0,75,,10320,88,,,0,35,,10301,88,,,0,75,,10311,88,,,0,35,,10305,88,,,0,75,,10321,88,,,0,75,,10304,88,,,0,35,,10309,88,,,0,75,,10308,88,,,0,35,,10302,88,,,0,75,,10303,88,,,0,75,,10326,88,,,0,35,,10314,88,,,0,75,,10306,88,,,0,91,,10313,88,,,0,41,,10316,88,,,0,80,,10323,88,,,0,33,,10307,88,,,0,70,,10322,88,,,0,30,,10318,88,,,0,70,,10315,88,,,0,30,,10325,88,,,0,70,,10319,88,,,0,30,,10310,88,,,0
9300,'b5be936f-506a-42fd-8fe9-aa394bb7d40c',655,,10328,88,,,0,72,,10335,88,,,0,77,,10331,88,,,0,35,,10327,88,,,0,75,,10345,88,,,0,35,,10352,88,,,0,75,,10330,88,,,0,35,,10353,88,,,0,75,,10336,88,,,0,75,,10348,88,,,0,35,,10332,88,,,0,75,,10344,88,,,0,35,,10339,88,,,0,75,,10350,88,,,0,75,,10340,88,,,0,35,,10333,88,,,0,75,,10334,88,,,0,91,,10329,88,,,0,41,,10349,88,,,0,80,,10351,88,,,0,33,,10347,88,,,0,70,,10338,88,,,0,30,,10346,88,,,0,70,,10343,88,,,0,30,,10337,88,,,0,70,,10342,88,,,0,30,,10341,88,,,0
9300,'c0258e04-8c49-4a98-8bc9-d3680145007e',655,,10356,88,,,0,72,,10361,88,,,0,77,,10377,88,,,0,35,,10360,88,,,0,75,,10354,88,,,0,35,,10376,88,,,0,75,,10375,88,,,0,35,,10355,88,,,0,75,,10378,88,,,0,75,,10359,88,,,0,35,,10373,88,,,0,75,,10372,88,,,0,35,,10367,88,,,0,75,,10366,88,,,0,75,,10358,88,,,0,35,,10365,88,,,0,75,,10371,88,,,0,91,,10364,88,,,0,41,,10374,88,,,0,80,,10380,88,,,0,33,,10379,88,,,0,70,,10370,88,,,0,30,,10369,88,,,0,70,,10363,88,,,0,30,,10357,88,,,0,70,,10362,88,,,0,30,,10368,88,,,0
9300,'db4ab86b-f5f5-4d9a-8c75-2988ac0b1af4',655,,10404,88,,,0,70,,10391,88,,,0,30,,10405,88,,,0,70,,10408,88,,,0,30,,10389,88,,,0,70,,10387,88,,,0,30,,10394,88,,,0,70,,10381,88,,,0,30,,10399,88,,,0,77,,10409,88,,,0,75,,10407,88,,,0,35,,10386,88,,,0,75,,10393,88,,,0,35,,10401,88,,,0,75,,10402,88,,,0,75,,10388,88,,,0,35,,10390,88,,,0,75,,10397,88,,,0,35,,10396,88,,,0,75,,10398,88,,,0,33,,10384,88,,,0,70,,10403,88,,,0,30,,10406,88,,,0,70,,10400,88,,,0,30,,10392,88,,,0,70,,10383,88,,,0,30,,10395,88,,,0,70,,10382,88,,,0,30,,10385,88,,,0
9300,'fbc81037-9cf3-4a4d-b4aa-43897a8ca294',655,,10425,88,,,0,72,,10424,88,,,0,77,,10414,88,,,0,35,,10416,88,,,0,75,,10419,88,,,0,35,,10435,88,,,0,75,,10418,88,,,0,35,,10433,88,,,0,75,,10431,88,,,0,75,,10411,88,,,0,35,,10432,88,,,0,75,,10428,88,,,0,35,,10434,88,,,0,75,,10410,88,,,0,75,,10412,88,,,0,35,,10430,88,,,0,75,,10422,88,,,0,91,,10429,88,,,0,41,,10417,88,,,0,80,,10426,88,,,0,33,,10413,88,,,0,70,,10436,88,,,0,30,,10421,88,,,0,70,,10427,88,,,0,30,,10420,88,,,0,70,,10423,88,,,0,30,,10415,88,,,0
9500,'3b7f0ccc-4b86-44f9-804c-3016d4439aa6',656,,10648,126,,,0,75,,10644,126,,,0,75,,10661,126,,,0,35,,10641,126,,,0,75,,10640,126,,,0,35,,10643,126,,,0,75,,10655,126,,,0,75,,10658,126,,,0,35,,10656,126,,,0,75,,10663,126,,,0,35,,10653,126,,,0,75,,10662,126,,,0,35,,10645,126,,,0,75,,10646,126,,,0,75,,10650,126,,,0,35,,10654,126,,,0,75,,10657,126,,,0,92,,10647,126,,,0,42,,10638,126,,,0,80,,10639,126,,,0,71,,10652,126,,,0,30,,10649,126,,,0,70,,10659,126,,,0,30,,10642,126,,,0,70,,10637,126,,,0,30,,10651,126,,,0,70,,10660,131,,,0
9500,'545fdaed-298a-4873-ae9e-185363247123',956,,10671,126,,,0,70,,10675,126,,,0,30,,10669,126,,,0,70,,10670,126,,,0,30,,10667,126,,,0,75,,10664,126,,,0,75,,10666,126,,,0,35,,10679,126,,,0,75,,10672,126,,,0,35,,10677,126,,,0,75,,10668,126,,,0,75,,10674,126,,,0,35,,10673,126,,,0,75,,10676,126,,,0,35,,10678,126,,,0,75,,10665,131,,,0
9500,'72a07536-7ac5-462d-91fd-4adacd8d70a1',656,,10684,126,,,0,75,,10706,126,,,0,75,,10696,126,,,0,35,,10689,126,,,0,75,,10694,126,,,0,35,,10695,126,,,0,75,,10690,126,,,0,75,,10697,126,,,0,35,,10682,126,,,0,75,,10683,126,,,0,35,,10685,126,,,0,75,,10691,126,,,0,35,,10680,126,,,0,75,,10681,126,,,0,75,,10688,126,,,0,35,,10693,126,,,0,75,,10698,126,,,0,92,,10687,126,,,0,42,,10700,126,,,0,80,,10704,126,,,0,71,,10703,126,,,0,30,,10686,126,,,0,70,,10701,126,,,0,30,,10705,126,,,0,70,,10692,126,,,0,30,,10702,126,,,0,70,,10699,131,,,0
9500,'b5be936f-506a-42fd-8fe9-aa394bb7d40c',656,,10733,126,,,0,75,,10718,126,,,0,75,,10720,126,,,0,35,,10721,126,,,0,75,,10709,126,,,0,35,,10715,126,,,0,75,,10717,126,,,0,75,,10719,126,,,0,35,,10730,126,,,0,75,,10716,126,,,0,35,,10726,126,,,0,75,,10728,126,,,0,35,,10713,126,,,0,75,,10711,126,,,0,75,,10707,126,,,0,35,,10724,126,,,0,75,,10727,126,,,0,92,,10732,126,,,0,42,,10725,126,,,0,80,,10723,126,,,0,71,,10722,126,,,0,30,,10731,126,,,0,70,,10708,126,,,0,30,,10710,126,,,0,70,,10729,126,,,0,30,,10712,126,,,0,70,,10714,131,,,0
9500,'c0258e04-8c49-4a98-8bc9-d3680145007e',656,,10739,126,,,0,75,,10746,126,,,0,75,,10736,126,,,0,35,,10738,126,,,0,75,,10756,126,,,0,35,,10757,126,,,0,75,,10748,126,,,0,75,,10760,126,,,0,35,,10745,126,,,0,75,,10750,126,,,0,35,,10740,126,,,0,75,,10734,126,,,0,35,,10752,126,,,0,75,,10749,126,,,0,75,,10735,126,,,0,35,,10759,126,,,0,75,,10737,126,,,0,92,,10747,126,,,0,42,,10742,126,,,0,80,,10743,126,,,0,71,,10753,126,,,0,30,,10754,126,,,0,70,,10758,126,,,0,30,,10741,126,,,0,70,,10755,126,,,0,30,,10751,126,,,0,70,,10744,131,,,0
9500,'db4ab86b-f5f5-4d9a-8c75-2988ac0b1af4',656,,10789,126,,,0,70,,10769,126,,,0,30,,10779,126,,,0,70,,10781,126,,,0,30,,10786,126,,,0,70,,10771,126,,,0,30,,10761,126,,,0,70,,10783,126,,,0,30,,10780,126,,,0,80,,10777,126,,,0,75,,10764,126,,,0,35,,10775,126,,,0,75,,10772,126,,,0,35,,10778,126,,,0,75,,10763,126,,,0,75,,10784,126,,,0,35,,10767,126,,,0,75,,10776,126,,,0,35,,10770,126,,,0,75,,10774,126,,,0,30,,10787,126,,,0,70,,10773,126,,,0,30,,10768,126,,,0,70,,10766,126,,,0,30,,10762,126,,,0,70,,10788,126,,,0,30,,10785,126,,,0,70,,10765,126,,,0,30,,10782,131,,,0
9500,'fbc81037-9cf3-4a4d-b4aa-43897a8ca294',656,,10797,126,,,0,75,,10791,126,,,0,75,,10792,126,,,0,35,,10790,126,,,0,75,,10800,126,,,0,35,,10808,126,,,0,75,,10812,126,,,0,75,,10811,126,,,0,35,,10799,126,,,0,75,,10804,126,,,0,35,,10798,126,,,0,75,,10795,126,,,0,35,,10802,126,,,0,75,,10807,126,,,0,75,,10814,126,,,0,35,,10794,126,,,0,75,,10796,126,,,0,92,,10810,126,,,0,42,,10813,126,,,0,80,,10816,126,,,0,71,,10793,126,,,0,30,,10801,126,,,0,70,,10806,126,,,0,30,,10815,126,,,0,70,,10803,126,,,0,30,,10805,126,,,0,70,,10809,131,,,0
