5000,'294e58fc-bc13-4a33-bb1d-a337996c2e9c',641,,11010,30,,,0,64,,10981,30,,,0,26,,11003,30,,,0,26,,10988,30,,,0,66,,11006,30,,,0,26,,10992,30,,,0,66,,10980,30,,,0,26,,10978,30,,,0,66,,10993,24,,,0,26,,10990,30,,,0,68,,11011,30,,,0,47,,11002,30,,,0,73,,11009,30,,,0,84,,10994,30,,,0,34,,11007,30,,,0,68,,10995,30,,,0,25,,10987,30,,,0,69,,10996,30,,,0,27,,11005,30,,,0,27,,11012,30,,,0,67,,10999,30,,,0,34,,10984,30,,,0,72,,10997,30,,,0,27,,11013,30,,,0,74,,11008,30,,,0,24,,10989,30,,,0,64,,10998,30,,,0,26,,11000,26,,,0,67,,10986,30,,,0,23,,10982,30,,,0,90,,11004,30,,,0,23,,10991,26,,,0,90,,10979,26,,,0
5000,'8ab1f009-ab59-4a8c-9771-20e344a37dba',707,,11031,30,,,0,35,,11037,30,,,0,75,,11041,30,,,0,35,,11034,30,,,0,75,,11015,30,,,0,75,,11035,30,,,0,35,,11022,30,,,0,75,,11023,30,,,0,36,,11036,30,,,0,77,,11038,30,,,0,80,,11028,30,,,0,37,,11032,30,,,0,80,,11026,30,,,0,37,,11027,30,,,0,80,,11017,30,,,0,77,,11029,30,,,0,40,,11019,30,,,0,77,,11033,30,,,0,77,,11024,30,,,0,37,,11040,30,,,0,75,,11030,30,,,0,35,,11018,30,,,0,75,,11016,30,,,0,75,,11014,26,,,0,35,,11025,26,,,0
5000,'8e972226-8e68-4b6a-9fd3-2e7f449277f5',641,,11074,30,,,0,64,,11049,30,,,0,26,,11059,30,,,0,26,,11045,30,,,0,66,,11057,30,,,0,26,,11054,30,,,0,66,,11043,30,,,0,26,,11064,30,,,0,66,,11071,24,,,0,26,,11070,30,,,0,68,,11077,30,,,0,47,,11069,30,,,0,73,,11063,30,,,0,84,,11053,30,,,0,34,,11062,30,,,0,68,,11052,30,,,0,25,,11046,30,,,0,69,,11042,30,,,0,27,,11060,30,,,0,27,,11066,30,,,0,67,,11076,30,,,0,34,,11056,30,,,0,72,,11068,30,,,0,27,,11055,30,,,0,74,,11050,30,,,0,24,,11075,30,,,0,64,,11072,30,,,0,26,,11048,26,,,0,67,,11058,30,,,0,23,,11065,30,,,0,90,,11047,30,,,0,23,,11073,26,,,0,90,,11061,26,,,0
5000,'9493548d-afad-4b26-be65-c3aa23941f37',641,,11091,30,,,0,64,,11097,30,,,0,26,,11102,30,,,0,26,,11079,30,,,0,66,,11090,30,,,0,26,,11082,30,,,0,66,,11085,30,,,0,26,,11093,30,,,0,66,,11078,24,,,0,26,,11111,30,,,0,68,,11099,30,,,0,47,,11092,30,,,0,73,,11086,30,,,0,84,,11084,30,,,0,34,,11103,30,,,0,68,,11087,30,,,0,25,,11104,30,,,0,69,,11105,30,,,0,27,,11096,30,,,0,27,,11109,30,,,0,67,,11101,30,,,0,34,,11098,30,,,0,72,,11100,30,,,0,27,,11088,30,,,0,74,,11094,30,,,0,24,,11081,30,,,0,64,,11095,30,,,0,26,,11113,26,,,0,67,,11080,30,,,0,23,,11083,30,,,0,90,,11112,30,,,0,23,,11110,26,,,0,90,,11089,26,,,0
5000,'9577949b-c1b9-4893-a4cc-d601db41a1fc',641,,11131,30,,,0,64,,11137,30,,,0,26,,11127,30,,,0,26,,11141,30,,,0,66,,11120,30,,,0,26,,11129,30,,,0,66,,11123,30,,,0,26,,11114,30,,,0,66,,11128,24,,,0,26,,11145,30,,,0,68,,11140,30,,,0,47,,11132,30,,,0,73,,11135,30,,,0,84,,11149,30,,,0,34,,11134,30,,,0,68,,11142,30,,,0,25,,11117,30,,,0,69,,11143,30,,,0,27,,11138,30,,,0,27,,11121,30,,,0,67,,11119,30,,,0,34,,11116,30,,,0,72,,11118,30,,,0,27,,11133,30,,,0,74,,11148,30,,,0,24,,11136,30,,,0,64,,11146,30,,,0,26,,11147,26,,,0,67,,11124,30,,,0,23,,11115,30,,,0,90,,11130,30,,,0,23,,11122,26,,,0,90,,11139,26,,,0
5000,'991a1488-6339-4798-a1ff-4cc199131854',641,,11177,30,,,0,64,,11163,30,,,0,26,,11172,30,,,0,26,,11171,30,,,0,66,,11175,30,,,0,26,,11180,30,,,0,66,,11157,30,,,0,26,,11182,30,,,0,66,,11162,24,,,0,26,,11155,30,,,0,68,,11165,30,,,0,47,,11178,30,,,0,73,,11154,30,,,0,84,,11168,30,,,0,34,,11181,30,,,0,68,,11176,30,,,0,25,,11167,30,,,0,69,,11164,30,,,0,27,,11153,30,,,0,27,,11156,30,,,0,67,,11150,30,,,0,34,,11184,30,,,0,72,,11170,30,,,0,27,,11174,30,,,0,74,,11159,30,,,0,24,,11158,30,,,0,64,,11151,30,,,0,26,,11179,26,,,0,67,,11152,30,,,0,23,,11173,30,,,0,90,,11183,30,,,0,23,,11161,26,,,0,90,,11166,26,,,0
5000,'bec99aa0-a127-4e27-ae17-e4c7db42f9ba',1002,,11202,30,,,0,35,,11195,30,,,0,75,,11192,30,,,0,35,,11191,30,,,0,75,,11188,30,,,0,35,,11196,30,,,0,75,,11187,30,,,0,75,,11190,30,,,0,35,,11193,30,,,0,75,,11200,30,,,0,35,,11199,30,,,0,75,,11194,30,,,0,75,,11189,30,,,0,35,,11197,26,,,0,70,,11203,24,,,0,5,,11201,24,,,0
5000,'c38342c9-8898-48ff-bb56-4ee52481c507',1002,,11204,30,,,0,35,,11213,30,,,0,75,,11212,30,,,0,35,,11209,30,,,0,75,,11206,30,,,0,35,,11219,30,,,0,75,,11210,30,,,0,75,,11221,30,,,0,35,,11216,30,,,0,75,,11218,30,,,0,35,,11215,30,,,0,75,,11220,30,,,0,75,,11211,30,,,0,35,,11205,30,,,0,75,,11217,26,,,0,35,,11208,26,,,0,10,,11207,24,,,0
6100,'294e58fc-bc13-4a33-bb1d-a337996c2e9c',537,,12451,27,,,0,75,,12417,27,,,0,35,,12428,27,,,0,55,,12424,27,,,0,20,,12444,27,,,0,21,,12418,27,,,0,60,,12440,27,,,0,20,,12454,27,,,0,20,,12436,27,,,0,59,,12442,27,,,0,20,,12453,27,,,0,80,,12432,27,,,0,40,,12437,27,,,0,80,,12416,27,,,0,80,,12447,27,,,0,40,,12430,27,,,0,60,,12446,27,,,0,25,,12426,27,,,0,20,,12438,27,,,0,61,,12450,27,,,0,20,,12429,27,,,0,25,,12443,27,,,0,60,,12414,27,,,0,25,,12445,27,,,0,20,,12422,27,,,0,65,,12448,27,,,0,20,,12413,27,,,0,65,,12434,27,,,0,20,,12423,27,,,0,25,,12435,27,,,0,60,,12421,27,,,0,20,,12419,27,,,0,20,,12441,27,,,0,59,,12439,27,,,0,20,,12420,27,,,0,15,,12425,27,,,0,75,,12431,27,,,0,36,,12452,27,,,0,74,,12433,27,,,0,75,,12415,27,,,0,35,,12427,27,,,0,75,,12449,27,,,0
6100,'8ab1f009-ab59-4a8c-9771-20e344a37dba',612,,12459,27,,,0,90,,12455,27,,,0,40,,12460,27,,,0,80,,12457,27,,,0,80,,12466,27,,,0,40,,12467,27,,,0,80,,12474,27,,,0,80,,12470,27,,,0,45,,12471,27,,,0,85,,12475,27,,,0,85,,12469,27,,,0,85,,12461,27,,,0,45,,12472,27,,,0,85,,12476,27,,,0,85,,12458,27,,,0,85,,12465,27,,,0,45,,12462,27,,,0,85,,12456,27,,,0,75,,12478,27,,,0,35,,12468,27,,,0,75,,12473,27,,,0,35,,12477,27,,,0,75,,12464,27,,,0,75,,12463,26,,,0
6100,'8e972226-8e68-4b6a-9fd3-2e7f449277f5',537,,12491,27,,,0,75,,12483,27,,,0,35,,12513,27,,,0,55,,12498,27,,,0,20,,12485,27,,,0,21,,12510,27,,,0,60,,12519,27,,,0,20,,12490,27,,,0,20,,12507,27,,,0,59,,12520,27,,,0,20,,12504,27,,,0,80,,12508,27,,,0,40,,12511,27,,,0,80,,12484,27,,,0,80,,12515,27,,,0,40,,12512,27,,,0,60,,12482,27,,,0,25,,12516,27,,,0,20,,12488,27,,,0,61,,12492,27,,,0,20,,12481,27,,,0,25,,12487,27,,,0,60,,12495,27,,,0,25,,12489,27,,,0,20,,12509,27,,,0,65,,12494,27,,,0,20,,12500,27,,,0,65,,12497,27,,,0,20,,12503,27,,,0,25,,12479,27,,,0,60,,12501,27,,,0,20,,12514,27,,,0,20,,12496,27,,,0,59,,12486,27,,,0,20,,12517,27,,,0,15,,12518,27,,,0,75,,12480,27,,,0,36,,12502,27,,,0,74,,12499,27,,,0,75,,12506,27,,,0,35,,12505,27,,,0,75,,12493,27,,,0
6100,'9493548d-afad-4b26-be65-c3aa23941f37',537,,12551,27,,,0,75,,12525,27,,,0,35,,12545,27,,,0,55,,12559,27,,,0,20,,12535,27,,,0,21,,12523,27,,,0,60,,12522,27,,,0,20,,12562,27,,,0,20,,12547,27,,,0,59,,12552,27,,,0,20,,12538,27,,,0,80,,12540,27,,,0,40,,12544,27,,,0,80,,12531,27,,,0,80,,12557,27,,,0,40,,12533,27,,,0,60,,12527,27,,,0,25,,12558,27,,,0,20,,12541,27,,,0,61,,12556,27,,,0,20,,12549,27,,,0,25,,12543,27,,,0,60,,12532,27,,,0,25,,12550,27,,,0,20,,12530,27,,,0,65,,12537,27,,,0,20,,12529,27,,,0,65,,12534,27,,,0,20,,12555,27,,,0,25,,12554,27,,,0,60,,12528,27,,,0,20,,12546,27,,,0,20,,12553,27,,,0,59,,12526,27,,,0,20,,12536,27,,,0,15,,12548,27,,,0,75,,12560,27,,,0,36,,12561,27,,,0,74,,12542,27,,,0,75,,12539,27,,,0,35,,12521,27,,,0,75,,12524,27,,,0
6100,'9577949b-c1b9-4893-a4cc-d601db41a1fc',537,,12576,27,,,0,75,,12564,27,,,0,35,,12594,27,,,0,55,,12573,27,,,0,20,,12599,27,,,0,21,,12567,27,,,0,60,,12596,27,,,0,20,,12580,27,,,0,20,,12575,27,,,0,59,,12600,27,,,0,20,,12586,27,,,0,80,,12603,27,,,0,40,,12588,27,,,0,80,,12566,27,,,0,80,,12591,27,,,0,40,,12568,27,,,0,60,,12587,27,,,0,25,,12565,27,,,0,20,,12590,27,,,0,61,,12570,27,,,0,20,,12593,27,,,0,25,,12595,27,,,0,60,,12569,27,,,0,25,,12581,27,,,0,20,,12572,27,,,0,65,,12578,27,,,0,20,,12579,27,,,0,65,,12584,27,,,0,20,,12589,27,,,0,25,,12604,27,,,0,60,,12574,27,,,0,20,,12582,27,,,0,20,,12592,27,,,0,59,,12585,27,,,0,20,,12598,27,,,0,15,,12601,27,,,0,75,,12571,27,,,0,36,,12577,27,,,0,74,,12602,27,,,0,75,,12597,27,,,0,35,,12563,27,,,0,75,,12583,27,,,0
6100,'991a1488-6339-4798-a1ff-4cc199131854',537,,12641,27,,,0,75,,12616,27,,,0,35,,12635,27,,,0,55,,12643,27,,,0,20,,12634,27,,,0,21,,12621,27,,,0,60,,12622,27,,,0,20,,12624,27,,,0,20,,12619,27,,,0,59,,12633,27,,,0,20,,12636,27,,,0,80,,12628,27,,,0,40,,12639,27,,,0,80,,12615,27,,,0,80,,12645,27,,,0,40,,12638,27,,,0,60,,12609,27,,,0,25,,12606,27,,,0,20,,12610,27,,,0,61,,12626,27,,,0,20,,12617,27,,,0,25,,12611,27,,,0,60,,12623,27,,,0,25,,12629,27,,,0,20,,12630,27,,,0,65,,12605,27,,,0,20,,12640,27,,,0,65,,12631,27,,,0,20,,12612,27,,,0,25,,12646,27,,,0,60,,12627,27,,,0,20,,12618,27,,,0,20,,12614,27,,,0,59,,12608,27,,,0,20,,12607,27,,,0,15,,12644,27,,,0,75,,12637,27,,,0,36,,12632,27,,,0,74,,12620,27,,,0,75,,12613,27,,,0,35,,12625,27,,,0,75,,12642,27,,,0
6100,'bec99aa0-a127-4e27-ae17-e4c7db42f9ba',932,,12647,27,,,0,80,,12654,27,,,0,40,,12653,27,,,0,80,,12656,27,,,0,80,,12648,27,,,0,40,,12652,27,,,0,80,,12657,27,,,0,80,,12651,27,,,0,40,,12655,27,,,0,80,,12650,27,,,0,80,,12649,27,,,0,40,,12659,27,,,0,80,,12658,26,,,0
6100,'c38342c9-8898-48ff-bb56-4ee52481c507',1007,,12673,27,,,0,35,,12664,27,,,0,75,,12669,27,,,0,35,,12663,27,,,0,75,,12671,27,,,0,75,,12660,27,,,0,35,,12665,27,,,0,75,,12668,27,,,0,35,,12667,27,,,0,75,,12672,27,,,0,35,,12666,27,,,0,75,,12662,27,,,0,80,,12670,27,,,0,35,,12674,27,,,0,75,,12661,27,,,0
