8100,'294e58fc-bc13-4a33-bb1d-a337996c2e9c',2143,,13736,90,,,0
8100,'8ab1f009-ab59-4a8c-9771-20e344a37dba',636,,13746,38,,,0,100,,13737,38,,,0,100,,13743,38,,,0,200,,13744,38,,,0,100,,13745,38,,,0,100,,13738,38,,,0,200,,13739,38,,,0,100,,13750,38,,,0,100,,13742,38,,,0,100,,13741,38,,,0,100,,13747,38,,,0,100,,13749,38,,,0,100,,13740,38,,,0,107,,13748,90,,,0
8100,'8e972226-8e68-4b6a-9fd3-2e7f449277f5',2143,,13751,90,,,0
8100,'9493548d-afad-4b26-be65-c3aa23941f37',2143,,13752,90,,,0
8100,'9577949b-c1b9-4893-a4cc-d601db41a1fc',2143,,13753,90,,,0
8100,'991a1488-6339-4798-a1ff-4cc199131854',2143,,13754,90,,,0
8100,'bec99aa0-a127-4e27-ae17-e4c7db42f9ba',1036,,13755,38,,,0,100,,13756,38,,,0,200,,13760,38,,,0,100,,13759,38,,,0,100,,13758,38,,,0,100,,13761,38,,,0,100,,13757,37,,,0
8100,'c38342c9-8898-48ff-bb56-4ee52481c507',1028,,13763,90,,,0,100,,13762,90,,,0,100,,13769,90,,,0,100,,13764,90,,,0,100,,13770,90,,,0,100,,13767,90,,,0,100,,13766,90,,,0,100,,13765,90,,,0,100,,13768,90,,,0
8200,'8ab1f009-ab59-4a8c-9771-20e344a37dba',936,,13771,39,,,0,68,,13771,275,,,0,332,,13772,39,,,0,68,,13772,275,,,0
8200,'bec99aa0-a127-4e27-ae17-e4c7db42f9ba',1236,,13773,39,,,0,68,,13773,275,,,0
8600,'294e58fc-bc13-4a33-bb1d-a337996c2e9c',551,,13878,35,,,0,75,,13875,35,,,0,75,,13860,35,,,0,35,,13863,35,,,0,80,,13869,35,,,0,40,,13872,35,,,0,80,,13876,35,,,0,75,,13866,35,,,0,35,,13870,35,,,0,75,,13865,35,,,0,35,,13862,35,,,0,75,,13871,35,,,0,75,,13867,35,,,0,35,,13873,35,,,0,75,,13856,35,,,0,35,,13861,35,,,0,75,,13855,35,,,0,75,,13854,35,,,0,35,,13877,35,,,0,80,,13857,35,,,0,40,,13858,35,,,0,80,,13879,35,,,0,75,,13859,35,,,0,35,,13868,35,,,0,75,,13864,35,,,0,35,,13874,34,,,0
8600,'8e972226-8e68-4b6a-9fd3-2e7f449277f5',551,,13900,35,,,0,75,,13904,35,,,0,75,,13894,35,,,0,35,,13888,35,,,0,80,,13883,35,,,0,40,,13903,35,,,0,80,,13895,35,,,0,75,,13885,35,,,0,35,,13899,35,,,0,75,,13896,35,,,0,35,,13892,35,,,0,75,,13897,35,,,0,75,,13893,35,,,0,35,,13889,35,,,0,75,,13882,35,,,0,35,,13884,35,,,0,75,,13902,35,,,0,75,,13881,35,,,0,35,,13887,35,,,0,80,,13898,35,,,0,40,,13905,35,,,0,80,,13890,35,,,0,75,,13880,35,,,0,35,,13891,35,,,0,75,,13901,35,,,0,35,,13886,34,,,0
8600,'9493548d-afad-4b26-be65-c3aa23941f37',551,,13925,35,,,0,75,,13922,35,,,0,75,,13919,35,,,0,35,,13920,35,,,0,80,,13921,35,,,0,40,,13910,35,,,0,80,,13911,35,,,0,75,,13918,35,,,0,35,,13913,35,,,0,75,,13916,35,,,0,35,,13907,35,,,0,75,,13906,35,,,0,75,,13915,35,,,0,35,,13923,35,,,0,75,,13926,35,,,0,35,,13914,35,,,0,75,,13909,35,,,0,75,,13924,35,,,0,35,,13927,35,,,0,80,,13912,35,,,0,40,,13929,35,,,0,80,,13928,35,,,0,75,,13917,35,,,0,35,,13930,35,,,0,75,,13931,35,,,0,35,,13908,34,,,0
8600,'9577949b-c1b9-4893-a4cc-d601db41a1fc',551,,13948,35,,,0,75,,13951,35,,,0,75,,13940,35,,,0,35,,13943,35,,,0,80,,13946,35,,,0,40,,13941,35,,,0,80,,13939,35,,,0,75,,13950,35,,,0,35,,13949,35,,,0,75,,13942,35,,,0,35,,13936,35,,,0,75,,13947,35,,,0,75,,13937,35,,,0,35,,13955,35,,,0,75,,13938,35,,,0,35,,13956,35,,,0,75,,13953,35,,,0,75,,13945,35,,,0,35,,13933,35,,,0,80,,13954,35,,,0,40,,13944,35,,,0,80,,13935,35,,,0,75,,13934,35,,,0,35,,13957,35,,,0,75,,13932,35,,,0,35,,13952,34,,,0
8600,'991a1488-6339-4798-a1ff-4cc199131854',551,,13983,35,,,0,75,,13975,35,,,0,75,,13967,35,,,0,35,,13966,35,,,0,80,,13982,35,,,0,40,,13976,35,,,0,80,,13969,35,,,0,75,,13981,35,,,0,35,,13977,35,,,0,75,,13964,35,,,0,35,,13961,35,,,0,75,,13973,35,,,0,75,,13971,35,,,0,35,,13962,35,,,0,75,,13980,35,,,0,35,,13959,35,,,0,75,,13968,35,,,0,75,,13965,35,,,0,35,,13970,35,,,0,80,,13958,35,,,0,40,,13978,35,,,0,80,,13972,35,,,0,75,,13960,35,,,0,35,,13974,35,,,0,75,,13963,35,,,0,35,,13979,34,,,0
