6100,'294e58fc-bc13-4a33-bb1d-a337996c2e9c',551,,12451,112,,,0,75,,12417,112,,,0,75,,12428,112,,,0,16,,12424,112,,,0,21,,12444,112,,,0,62,,12418,112,,,0,20,,12440,112,,,0,20,,12454,112,,,0,60,,12436,112,,,0,18,,12442,112,,,0,21,,12453,112,,,0,80,,12432,112,,,0,40,,12437,112,,,0,80,,12416,112,,,0,80,,12447,112,,,0,40,,12430,112,,,0,60,,12446,112,,,0,25,,12426,112,,,0,60,,12438,112,,,0,22,,12450,112,,,0,20,,12429,112,,,0,65,,12443,112,,,0,21,,12414,112,,,0,25,,12445,112,,,0,60,,12422,112,,,0,25,,12448,112,,,0,60,,12413,112,,,0,24,,12434,112,,,0,20,,12423,112,,,0,65,,12435,112,,,0,20,,12421,112,,,0,20,,12419,112,,,0,60,,12441,112,,,0,16,,12439,112,,,0,20,,12420,112,,,0,55,,12425,112,,,0,35,,12431,112,,,0,80,,12452,112,,,0,30,,12433,112,,,0,75,,12415,112,,,0,35,,12427,112,,,0,73,,12449,112,,,0
6100,'8ab1f009-ab59-4a8c-9771-20e344a37dba',627,,12459,112,,,0,91,,12455,112,,,0,40,,12460,112,,,0,80,,12457,112,,,0,80,,12466,112,,,0,40,,12467,112,,,0,80,,12474,112,,,0,81,,12470,112,,,0,85,,12471,112,,,0,45,,12475,112,,,0,85,,12469,112,,,0,85,,12461,112,,,0,85,,12472,112,,,0,45,,12476,112,,,0,85,,12458,112,,,0,85,,12465,112,,,0,85,,12462,112,,,0,43,,12456,112,,,0,75,,12478,112,,,0,35,,12468,112,,,0,75,,12473,112,,,0,75,,12477,112,,,0,35,,12464,112,,,0,75,,12463,115,,,0
6100,'8e972226-8e68-4b6a-9fd3-2e7f449277f5',551,,12491,112,,,0,75,,12483,112,,,0,75,,12513,112,,,0,16,,12498,112,,,0,21,,12485,112,,,0,62,,12510,112,,,0,20,,12519,112,,,0,20,,12490,112,,,0,60,,12507,112,,,0,18,,12520,112,,,0,21,,12504,112,,,0,80,,12508,112,,,0,40,,12511,112,,,0,80,,12484,112,,,0,80,,12515,112,,,0,40,,12512,112,,,0,60,,12482,112,,,0,25,,12516,112,,,0,60,,12488,112,,,0,22,,12492,112,,,0,20,,12481,112,,,0,65,,12487,112,,,0,21,,12495,112,,,0,25,,12489,112,,,0,60,,12509,112,,,0,25,,12494,112,,,0,60,,12500,112,,,0,24,,12497,112,,,0,20,,12503,112,,,0,65,,12479,112,,,0,20,,12501,112,,,0,20,,12514,112,,,0,60,,12496,112,,,0,16,,12486,112,,,0,20,,12517,112,,,0,55,,12518,112,,,0,35,,12480,112,,,0,80,,12502,112,,,0,30,,12499,112,,,0,75,,12506,112,,,0,35,,12505,112,,,0,73,,12493,112,,,0
6100,'9493548d-afad-4b26-be65-c3aa23941f37',551,,12551,112,,,0,75,,12525,112,,,0,75,,12545,112,,,0,16,,12559,112,,,0,21,,12535,112,,,0,62,,12523,112,,,0,20,,12522,112,,,0,20,,12562,112,,,0,60,,12547,112,,,0,18,,12552,112,,,0,21,,12538,112,,,0,80,,12540,112,,,0,40,,12544,112,,,0,80,,12531,112,,,0,80,,12557,112,,,0,40,,12533,112,,,0,60,,12527,112,,,0,25,,12558,112,,,0,60,,12541,112,,,0,22,,12556,112,,,0,20,,12549,112,,,0,65,,12543,112,,,0,21,,12532,112,,,0,25,,12550,112,,,0,60,,12530,112,,,0,25,,12537,112,,,0,60,,12529,112,,,0,24,,12534,112,,,0,20,,12555,112,,,0,65,,12554,112,,,0,20,,12528,112,,,0,20,,12546,112,,,0,60,,12553,112,,,0,16,,12526,112,,,0,20,,12536,112,,,0,55,,12548,112,,,0,35,,12560,112,,,0,80,,12561,112,,,0,30,,12542,112,,,0,75,,12539,112,,,0,35,,12521,112,,,0,73,,12524,112,,,0
6100,'9577949b-c1b9-4893-a4cc-d601db41a1fc',551,,12576,112,,,0,75,,12564,112,,,0,75,,12594,112,,,0,16,,12573,112,,,0,21,,12599,112,,,0,62,,12567,112,,,0,20,,12596,112,,,0,20,,12580,112,,,0,60,,12575,112,,,0,18,,12600,112,,,0,21,,12586,112,,,0,80,,12603,112,,,0,40,,12588,112,,,0,80,,12566,112,,,0,80,,12591,112,,,0,40,,12568,112,,,0,60,,12587,112,,,0,25,,12565,112,,,0,60,,12590,112,,,0,22,,12570,112,,,0,20,,12593,112,,,0,65,,12595,112,,,0,21,,12569,112,,,0,25,,12581,112,,,0,60,,12572,112,,,0,25,,12578,112,,,0,60,,12579,112,,,0,24,,12584,112,,,0,20,,12589,112,,,0,65,,12604,112,,,0,20,,12574,112,,,0,20,,12582,112,,,0,60,,12592,112,,,0,16,,12585,112,,,0,20,,12598,112,,,0,55,,12601,112,,,0,35,,12571,112,,,0,80,,12577,112,,,0,30,,12602,112,,,0,75,,12597,112,,,0,35,,12563,112,,,0,73,,12583,112,,,0
6100,'991a1488-6339-4798-a1ff-4cc199131854',551,,12641,112,,,0,75,,12616,112,,,0,75,,12635,112,,,0,16,,12643,112,,,0,21,,12634,112,,,0,62,,12621,112,,,0,20,,12622,112,,,0,20,,12624,112,,,0,60,,12619,112,,,0,18,,12633,112,,,0,21,,12636,112,,,0,80,,12628,112,,,0,40,,12639,112,,,0,80,,12615,112,,,0,80,,12645,112,,,0,40,,12638,112,,,0,60,,12609,112,,,0,25,,12606,112,,,0,60,,12610,112,,,0,22,,12626,112,,,0,20,,12617,112,,,0,65,,12611,112,,,0,21,,12623,112,,,0,25,,12629,112,,,0,60,,12630,112,,,0,25,,12605,112,,,0,60,,12640,112,,,0,24,,12631,112,,,0,20,,12612,112,,,0,65,,12646,112,,,0,20,,12627,112,,,0,20,,12618,112,,,0,60,,12614,112,,,0,16,,12608,112,,,0,20,,12607,112,,,0,55,,12644,112,,,0,35,,12637,112,,,0,80,,12632,112,,,0,30,,12620,112,,,0,75,,12613,112,,,0,35,,12625,112,,,0,73,,12642,112,,,0
6100,'bec99aa0-a127-4e27-ae17-e4c7db42f9ba',945,,12647,112,,,0,83,,12654,112,,,0,80,,12653,112,,,0,40,,12656,112,,,0,80,,12648,112,,,0,80,,12652,112,,,0,40,,12657,112,,,0,80,,12651,112,,,0,80,,12655,112,,,0,40,,12650,112,,,0,80,,12649,112,,,0,80,,12659,112,,,0,39,,12658,115,,,0
6100,'c38342c9-8898-48ff-bb56-4ee52481c507',1022,,12673,112,,,0,35,,12664,112,,,0,75,,12669,112,,,0,75,,12663,112,,,0,35,,12671,112,,,0,75,,12660,112,,,0,35,,12665,112,,,0,75,,12668,112,,,0,75,,12667,112,,,0,35,,12672,112,,,0,75,,12666,112,,,0,35,,12662,112,,,0,80,,12670,112,,,0,75,,12674,112,,,0,35,,12661,112,,,0
6600,'294e58fc-bc13-4a33-bb1d-a337996c2e9c',712,,13494,208,,,0,110,,13489,208,,,0,130,,13496,208,,,0,148,,13493,208,,,0,112,,13491,208,,,0,114,,13490,265,0,8,0,111,,13488,208,,,0,110,,13498,208,,,0,110,,13499,208,,,0,150,,13497,208,,,0,114,,13495,265,0,8,0,106,,13492,208,,,0
6600,'8ab1f009-ab59-4a8c-9771-20e344a37dba',712,,13500,208,,,0,100,,13503,208,,,0,800,,13504,208,,,0,100,,13501,208,,,0,100,,13502,208,,,0
6600,'8e972226-8e68-4b6a-9fd3-2e7f449277f5',712,,13506,208,,,0,110,,13507,208,,,0,130,,13505,208,,,0,148,,13510,208,,,0,112,,13508,208,,,0,114,,13514,265,0,8,0,111,,13512,208,,,0,110,,13513,208,,,0,110,,13511,208,,,0,150,,13515,208,,,0,114,,13516,265,0,8,0,106,,13509,208,,,0
6600,'9493548d-afad-4b26-be65-c3aa23941f37',712,,13525,208,,,0,110,,13519,208,,,0,130,,13527,208,,,0,148,,13518,208,,,0,112,,13524,208,,,0,114,,13517,265,0,8,0,111,,13523,208,,,0,110,,13521,208,,,0,110,,13528,208,,,0,150,,13522,208,,,0,114,,13526,265,0,8,0,106,,13520,208,,,0
6600,'9577949b-c1b9-4893-a4cc-d601db41a1fc',712,,13529,208,,,0,110,,13539,208,,,0,130,,13536,208,,,0,148,,13537,208,,,0,112,,13538,208,,,0,114,,13533,265,0,8,0,111,,13531,208,,,0,110,,13534,208,,,0,110,,13540,208,,,0,150,,13530,208,,,0,114,,13535,265,0,8,0,106,,13532,208,,,0
6600,'991a1488-6339-4798-a1ff-4cc199131854',712,,13541,208,,,0,110,,13551,208,,,0,130,,13543,208,,,0,148,,13550,208,,,0,112,,13549,208,,,0,114,,13548,265,0,8,0,111,,13542,208,,,0,110,,13547,208,,,0,110,,13546,208,,,0,150,,13545,208,,,0,114,,13544,265,0,8,0,106,,13552,208,,,0
6600,'bec99aa0-a127-4e27-ae17-e4c7db42f9ba',1112,,13554,208,,,0,200,,13556,208,,,0,200,,13553,208,,,0,200,,13555,208,,,0
