8100,'294e58fc-bc13-4a33-bb1d-a337996c2e9c',2148,,13736,144,,,0
8100,'8ab1f009-ab59-4a8c-9771-20e344a37dba',654,,13746,167,,,0,100,,13737,167,,,0,100,,13743,167,,,0,200,,13744,167,,,0,100,,13745,167,,,0,100,,13738,167,,,0,200,,13739,167,,,0,100,,13750,167,,,0,100,,13742,167,,,0,100,,13741,167,,,0,100,,13747,167,,,0,100,,13749,167,,,0,100,,13740,167,,,0,94,,13748,144,,,0
8100,'8e972226-8e68-4b6a-9fd3-2e7f449277f5',2148,,13751,144,,,0
8100,'9493548d-afad-4b26-be65-c3aa23941f37',2148,,13752,144,,,0
8100,'9577949b-c1b9-4893-a4cc-d601db41a1fc',2148,,13753,144,,,0
8100,'991a1488-6339-4798-a1ff-4cc199131854',2148,,13754,144,,,0
8100,'bec99aa0-a127-4e27-ae17-e4c7db42f9ba',1054,,13755,167,,,0,100,,13756,167,,,0,200,,13760,167,,,0,100,,13759,167,,,0,100,,13758,167,,,0,100,,13761,167,,,0,100,,13757,159,,,0
8100,'c38342c9-8898-48ff-bb56-4ee52481c507',1033,,13763,144,,,0,100,,13762,144,,,0,100,,13769,144,,,0,100,,13764,144,,,0,100,,13770,144,,,0,100,,13767,144,,,0,100,,13766,144,,,0,100,,13765,144,,,0,100,,13768,144,,,0
8500,'294e58fc-bc13-4a33-bb1d-a337996c2e9c',651,,13783,88,,,0,100,,13774,195,,,0,100,,13789,195,,,0,100,,13787,195,,,0,100,,13775,195,,,0,100,,13776,195,,,0,100,,13778,195,,,0,100,,13780,195,,,0,100,,13788,195,,,0,100,,13782,195,,,0,100,,13785,195,,,0,100,,13784,195,,,0,100,,13779,195,,,0,100,,13777,195,,,0,100,,13781,195,,,0,100,,13786,195,,,0
8500,'8e972226-8e68-4b6a-9fd3-2e7f449277f5',651,,13802,88,,,0,100,,13796,195,,,0,100,,13801,195,,,0,100,,13804,195,,,0,100,,13792,195,,,0,100,,13791,195,,,0,100,,13794,195,,,0,100,,13800,195,,,0,100,,13798,195,,,0,100,,13790,195,,,0,100,,13793,195,,,0,100,,13805,195,,,0,100,,13795,195,,,0,100,,13797,195,,,0,100,,13803,195,,,0,100,,13799,195,,,0
8500,'9493548d-afad-4b26-be65-c3aa23941f37',651,,13818,88,,,0,100,,13812,195,,,0,100,,13809,195,,,0,100,,13816,195,,,0,100,,13807,195,,,0,100,,13810,195,,,0,100,,13815,195,,,0,100,,13811,195,,,0,100,,13814,195,,,0,100,,13813,195,,,0,100,,13821,195,,,0,100,,13806,195,,,0,100,,13817,195,,,0,100,,13820,195,,,0,100,,13808,195,,,0,100,,13819,195,,,0
8500,'9577949b-c1b9-4893-a4cc-d601db41a1fc',651,,13835,88,,,0,100,,13826,195,,,0,100,,13836,195,,,0,100,,13830,195,,,0,100,,13832,195,,,0,100,,13833,195,,,0,100,,13834,195,,,0,100,,13837,195,,,0,100,,13824,195,,,0,100,,13827,195,,,0,100,,13825,195,,,0,100,,13823,195,,,0,100,,13831,195,,,0,100,,13828,195,,,0,100,,13822,195,,,0,100,,13829,195,,,0
8500,'991a1488-6339-4798-a1ff-4cc199131854',651,,13852,88,,,0,100,,13839,195,,,0,100,,13838,195,,,0,100,,13843,195,,,0,100,,13844,195,,,0,100,,13849,195,,,0,100,,13846,195,,,0,100,,13845,195,,,0,100,,13847,195,,,0,100,,13848,195,,,0,100,,13841,195,,,0,100,,13853,195,,,0,100,,13851,195,,,0,100,,13840,195,,,0,100,,13842,195,,,0,100,,13850,195,,,0
