8100,'294e58fc-bc13-4a33-bb1d-a337996c2e9c',2137,,13736,53,,,0
8100,'8ab1f009-ab59-4a8c-9771-20e344a37dba',2137,,13748,53,,,0
8100,'8e972226-8e68-4b6a-9fd3-2e7f449277f5',2137,,13751,53,,,0
8100,'9493548d-afad-4b26-be65-c3aa23941f37',2137,,13752,53,,,0
8100,'9577949b-c1b9-4893-a4cc-d601db41a1fc',2137,,13753,53,,,0
8100,'991a1488-6339-4798-a1ff-4cc199131854',2137,,13754,53,,,0
8100,'bec99aa0-a127-4e27-ae17-e4c7db42f9ba',1817,,13757,274,,,0
8100,'c38342c9-8898-48ff-bb56-4ee52481c507',1022,,13763,53,,,0,100,,13762,53,,,0,100,,13769,53,,,0,100,,13764,53,,,0,100,,13770,53,,,0,100,,13767,53,,,0,100,,13766,53,,,0,100,,13765,53,,,0,100,,13768,53,,,0
8200,'8ab1f009-ab59-4a8c-9771-20e344a37dba',951,,13771,194,,,0,400,,13772,194,,,0
8200,'bec99aa0-a127-4e27-ae17-e4c7db42f9ba',1251,,13773,194,,,0
8500,'294e58fc-bc13-4a33-bb1d-a337996c2e9c',721,,13774,95,,,0,100,,13789,95,,,0,100,,13787,95,,,0,100,,13775,95,,,0,100,,13776,95,,,0,100,,13778,95,,,0,100,,13780,95,,,0,100,,13788,95,,,0,100,,13782,95,,,0,100,,13785,95,,,0,100,,13784,95,,,0,100,,13779,95,,,0,100,,13777,95,,,0,100,,13781,95,,,0,100,,13786,95,,,0
8500,'8e972226-8e68-4b6a-9fd3-2e7f449277f5',721,,13796,95,,,0,100,,13801,95,,,0,100,,13804,95,,,0,100,,13792,95,,,0,100,,13791,95,,,0,100,,13794,95,,,0,100,,13800,95,,,0,100,,13798,95,,,0,100,,13790,95,,,0,100,,13793,95,,,0,100,,13805,95,,,0,100,,13795,95,,,0,100,,13797,95,,,0,100,,13803,95,,,0,100,,13799,95,,,0
8500,'9493548d-afad-4b26-be65-c3aa23941f37',721,,13812,95,,,0,100,,13809,95,,,0,100,,13816,95,,,0,100,,13807,95,,,0,100,,13810,95,,,0,100,,13815,95,,,0,100,,13811,95,,,0,100,,13814,95,,,0,100,,13813,95,,,0,100,,13821,95,,,0,100,,13806,95,,,0,100,,13817,95,,,0,100,,13820,95,,,0,100,,13808,95,,,0,100,,13819,95,,,0
8500,'9577949b-c1b9-4893-a4cc-d601db41a1fc',721,,13826,95,,,0,100,,13836,95,,,0,100,,13830,95,,,0,100,,13832,95,,,0,100,,13833,95,,,0,100,,13834,95,,,0,100,,13837,95,,,0,100,,13824,95,,,0,100,,13827,95,,,0,100,,13825,95,,,0,100,,13823,95,,,0,100,,13831,95,,,0,100,,13828,95,,,0,100,,13822,95,,,0,100,,13829,95,,,0
8500,'991a1488-6339-4798-a1ff-4cc199131854',721,,13839,95,,,0,100,,13838,95,,,0,100,,13843,95,,,0,100,,13844,95,,,0,100,,13849,95,,,0,100,,13846,95,,,0,100,,13845,95,,,0,100,,13847,95,,,0,100,,13848,95,,,0,100,,13841,95,,,0,100,,13853,95,,,0,100,,13851,95,,,0,100,,13840,95,,,0,100,,13842,95,,,0,100,,13850,95,,,0
