8100,'294e58fc-bc13-4a33-bb1d-a337996c2e9c',2200,,13736,179,,,0
8100,'8ab1f009-ab59-4a8c-9771-20e344a37dba',707,,13746,212,,,0,100,,13737,212,,,0,100,,13743,212,,,0,200,,13744,212,,,0,100,,13745,212,,,0,100,,13738,212,,,0,200,,13739,212,,,0,100,,13750,212,,,0,100,,13742,212,,,0,100,,13741,212,,,0,100,,13747,212,,,0,100,,13749,212,,,0,100,,13740,212,,,0,93,,13748,179,,,0
8100,'8e972226-8e68-4b6a-9fd3-2e7f449277f5',2200,,13751,179,,,0
8100,'9493548d-afad-4b26-be65-c3aa23941f37',2200,,13752,179,,,0
8100,'9577949b-c1b9-4893-a4cc-d601db41a1fc',2200,,13753,179,,,0
8100,'991a1488-6339-4798-a1ff-4cc199131854',2200,,13754,179,,,0
8100,'bec99aa0-a127-4e27-ae17-e4c7db42f9ba',1107,,13755,212,,,0,100,,13756,212,,,0,200,,13760,212,,,0,100,,13759,212,,,0,100,,13758,212,,,0,100,,13761,212,,,0,99,,13757,194,,,0
8100,'c38342c9-8898-48ff-bb56-4ee52481c507',1045,,13763,179,,,0,100,,13762,179,,,0,100,,13769,179,,,0,100,,13764,179,,,0,100,,13770,179,,,0,100,,13767,179,,,0,100,,13766,179,,,0,100,,13765,179,,,0,100,,13768,179,,,0
8500,'294e58fc-bc13-4a33-bb1d-a337996c2e9c',700,,13783,122,,,0,100,,13774,229,,,0,100,,13789,229,,,0,100,,13787,229,,,0,100,,13775,229,,,0,100,,13776,229,,,0,100,,13778,229,,,0,100,,13780,229,,,0,100,,13788,229,,,0,100,,13782,229,,,0,100,,13785,229,,,0,100,,13784,229,,,0,100,,13779,229,,,0,100,,13777,229,,,0,100,,13781,229,,,0,100,,13786,229,,,0
8500,'8e972226-8e68-4b6a-9fd3-2e7f449277f5',700,,13802,122,,,0,100,,13796,229,,,0,100,,13801,229,,,0,100,,13804,229,,,0,100,,13792,229,,,0,100,,13791,229,,,0,100,,13794,229,,,0,100,,13800,229,,,0,100,,13798,229,,,0,100,,13790,229,,,0,100,,13793,229,,,0,100,,13805,229,,,0,100,,13795,229,,,0,100,,13797,229,,,0,100,,13803,229,,,0,100,,13799,229,,,0
8500,'9493548d-afad-4b26-be65-c3aa23941f37',700,,13818,122,,,0,100,,13812,229,,,0,100,,13809,229,,,0,100,,13816,229,,,0,100,,13807,229,,,0,100,,13810,229,,,0,100,,13815,229,,,0,100,,13811,229,,,0,100,,13814,229,,,0,100,,13813,229,,,0,100,,13821,229,,,0,100,,13806,229,,,0,100,,13817,229,,,0,100,,13820,229,,,0,100,,13808,229,,,0,100,,13819,229,,,0
8500,'9577949b-c1b9-4893-a4cc-d601db41a1fc',700,,13835,122,,,0,100,,13826,229,,,0,100,,13836,229,,,0,100,,13830,229,,,0,100,,13832,229,,,0,100,,13833,229,,,0,100,,13834,229,,,0,100,,13837,229,,,0,100,,13824,229,,,0,100,,13827,229,,,0,100,,13825,229,,,0,100,,13823,229,,,0,100,,13831,229,,,0,100,,13828,229,,,0,100,,13822,229,,,0,100,,13829,229,,,0
8500,'991a1488-6339-4798-a1ff-4cc199131854',700,,13852,122,,,0,100,,13839,229,,,0,100,,13838,229,,,0,100,,13843,229,,,0,100,,13844,229,,,0,100,,13849,229,,,0,100,,13846,229,,,0,100,,13845,229,,,0,100,,13847,229,,,0,100,,13848,229,,,0,100,,13841,229,,,0,100,,13853,229,,,0,100,,13851,229,,,0,100,,13840,229,,,0,100,,13842,229,,,0,100,,13850,229,,,0
