8100,'294e58fc-bc13-4a33-bb1d-a337996c2e9c',2145,,13736,117,,,0
8100,'8ab1f009-ab59-4a8c-9771-20e344a37dba',650,,13746,137,,,0,100,,13737,137,,,0,100,,13743,137,,,0,200,,13744,137,,,0,100,,13745,137,,,0,100,,13738,137,,,0,200,,13739,137,,,0,100,,13750,137,,,0,100,,13742,137,,,0,100,,13741,137,,,0,100,,13747,137,,,0,100,,13749,137,,,0,100,,13740,137,,,0,95,,13748,117,,,0
8100,'8e972226-8e68-4b6a-9fd3-2e7f449277f5',2145,,13751,117,,,0
8100,'9493548d-afad-4b26-be65-c3aa23941f37',2145,,13752,117,,,0
8100,'9577949b-c1b9-4893-a4cc-d601db41a1fc',2145,,13753,117,,,0
8100,'991a1488-6339-4798-a1ff-4cc199131854',2145,,13754,117,,,0
8100,'bec99aa0-a127-4e27-ae17-e4c7db42f9ba',1050,,13755,137,,,0,100,,13756,137,,,0,200,,13760,137,,,0,100,,13759,137,,,0,100,,13758,137,,,0,100,,13761,137,,,0,100,,13757,134,,,0
8100,'c38342c9-8898-48ff-bb56-4ee52481c507',1030,,13763,117,,,0,100,,13762,117,,,0,100,,13769,117,,,0,100,,13764,117,,,0,100,,13770,117,,,0,100,,13767,117,,,0,100,,13766,117,,,0,100,,13765,117,,,0,100,,13768,117,,,0
8500,'294e58fc-bc13-4a33-bb1d-a337996c2e9c',648,,13783,64,,,0,100,,13774,171,,,0,100,,13789,171,,,0,100,,13787,171,,,0,100,,13775,171,,,0,100,,13776,171,,,0,100,,13778,171,,,0,100,,13780,171,,,0,100,,13788,171,,,0,100,,13782,171,,,0,100,,13785,171,,,0,100,,13784,171,,,0,100,,13779,171,,,0,100,,13777,171,,,0,100,,13781,171,,,0,100,,13786,171,,,0
8500,'8e972226-8e68-4b6a-9fd3-2e7f449277f5',648,,13802,64,,,0,100,,13796,171,,,0,100,,13801,171,,,0,100,,13804,171,,,0,100,,13792,171,,,0,100,,13791,171,,,0,100,,13794,171,,,0,100,,13800,171,,,0,100,,13798,171,,,0,100,,13790,171,,,0,100,,13793,171,,,0,100,,13805,171,,,0,100,,13795,171,,,0,100,,13797,171,,,0,100,,13803,171,,,0,100,,13799,171,,,0
8500,'9493548d-afad-4b26-be65-c3aa23941f37',648,,13818,64,,,0,100,,13812,171,,,0,100,,13809,171,,,0,100,,13816,171,,,0,100,,13807,171,,,0,100,,13810,171,,,0,100,,13815,171,,,0,100,,13811,171,,,0,100,,13814,171,,,0,100,,13813,171,,,0,100,,13821,171,,,0,100,,13806,171,,,0,100,,13817,171,,,0,100,,13820,171,,,0,100,,13808,171,,,0,100,,13819,171,,,0
8500,'9577949b-c1b9-4893-a4cc-d601db41a1fc',648,,13835,64,,,0,100,,13826,171,,,0,100,,13836,171,,,0,100,,13830,171,,,0,100,,13832,171,,,0,100,,13833,171,,,0,100,,13834,171,,,0,100,,13837,171,,,0,100,,13824,171,,,0,100,,13827,171,,,0,100,,13825,171,,,0,100,,13823,171,,,0,100,,13831,171,,,0,100,,13828,171,,,0,100,,13822,171,,,0,100,,13829,171,,,0
8500,'991a1488-6339-4798-a1ff-4cc199131854',648,,13852,64,,,0,100,,13839,171,,,0,100,,13838,171,,,0,100,,13843,171,,,0,100,,13844,171,,,0,100,,13849,171,,,0,100,,13846,171,,,0,100,,13845,171,,,0,100,,13847,171,,,0,100,,13848,171,,,0,100,,13841,171,,,0,100,,13853,171,,,0,100,,13851,171,,,0,100,,13840,171,,,0,100,,13842,171,,,0,100,,13850,171,,,0
