8100,'294e58fc-bc13-4a33-bb1d-a337996c2e9c',2216,,13736,208,,,0
8100,'8ab1f009-ab59-4a8c-9771-20e344a37dba',716,,13746,246,,,0,100,,13737,246,,,0,100,,13743,246,,,0,200,,13744,246,,,0,100,,13745,246,,,0,100,,13738,246,,,0,200,,13739,246,,,0,100,,13750,246,,,0,100,,13742,246,,,0,100,,13741,246,,,0,100,,13747,246,,,0,100,,13749,246,,,0,100,,13740,246,,,0,100,,13748,208,,,0
8100,'8e972226-8e68-4b6a-9fd3-2e7f449277f5',2216,,13751,208,,,0
8100,'9493548d-afad-4b26-be65-c3aa23941f37',2216,,13752,208,,,0
8100,'9577949b-c1b9-4893-a4cc-d601db41a1fc',2216,,13753,208,,,0
8100,'991a1488-6339-4798-a1ff-4cc199131854',2216,,13754,208,,,0
8100,'bec99aa0-a127-4e27-ae17-e4c7db42f9ba',1116,,13755,246,,,0,100,,13756,246,,,0,200,,13760,246,,,0,100,,13759,246,,,0,100,,13758,246,,,0,100,,13761,246,,,0,94,,13757,226,,,0
8100,'c38342c9-8898-48ff-bb56-4ee52481c507',1101,,13763,208,,,0,100,,13762,208,,,0,100,,13769,208,,,0,100,,13764,208,,,0,100,,13770,208,,,0,100,,13767,208,,,0,100,,13766,208,,,0,100,,13765,208,,,0,100,,13768,208,,,0
8200,'8ab1f009-ab59-4a8c-9771-20e344a37dba',1016,,13771,310,,,0,400,,13772,310,,,0
8200,'bec99aa0-a127-4e27-ae17-e4c7db42f9ba',1316,,13773,310,,,0
