8100,'294e58fc-bc13-4a33-bb1d-a337996c2e9c',2219,,13736,214,,,0
8100,'8ab1f009-ab59-4a8c-9771-20e344a37dba',646,,13746,100,,,0,73,,13746,249,,,0,27,,13737,100,,,0,73,,13737,249,,,0,27,,13743,100,,,0,73,,13743,249,,,0,127,,13744,100,,,0,73,,13744,249,,,0,27,,13745,100,,,0,73,,13745,249,,,0,27,,13738,100,,,0,73,,13738,249,,,0,127,,13739,100,,,0,73,,13739,249,,,0,27,,13750,100,,,0,73,,13750,249,,,0,27,,13742,100,,,0,73,,13742,249,,,0,27,,13741,100,,,0,73,,13741,249,,,0,27,,13747,100,,,0,73,,13747,249,,,0,27,,13749,100,,,0,73,,13749,249,,,0,27,,13740,100,,,0,73,,13740,249,,,0,100,,13748,214,,,0
8100,'8e972226-8e68-4b6a-9fd3-2e7f449277f5',2219,,13751,214,,,0
8100,'9493548d-afad-4b26-be65-c3aa23941f37',2219,,13752,214,,,0
8100,'9577949b-c1b9-4893-a4cc-d601db41a1fc',2219,,13753,214,,,0
8100,'991a1488-6339-4798-a1ff-4cc199131854',2219,,13754,214,,,0
8100,'bec99aa0-a127-4e27-ae17-e4c7db42f9ba',1046,,13755,100,,,0,73,,13755,249,,,0,27,,13756,100,,,0,73,,13756,249,,,0,127,,13760,100,,,0,73,,13760,249,,,0,27,,13759,100,,,0,73,,13759,249,,,0,27,,13758,100,,,0,73,,13758,249,,,0,27,,13761,100,,,0,73,,13761,249,,,0,27,,13757,100,,,0,66,,13757,231,,,0
8100,'c38342c9-8898-48ff-bb56-4ee52481c507',1104,,13763,214,,,0,100,,13762,214,,,0,100,,13769,214,,,0,100,,13764,214,,,0,100,,13770,214,,,0,100,,13767,214,,,0,100,,13766,214,,,0,100,,13765,214,,,0,100,,13768,214,,,0
8200,'8ab1f009-ab59-4a8c-9771-20e344a37dba',945,,13771,107,,,0,74,,13771,322,,,0,326,,13772,107,,,0,74,,13772,322,,,0
8200,'bec99aa0-a127-4e27-ae17-e4c7db42f9ba',1245,,13773,107,,,0,74,,13773,322,,,0
8500,'294e58fc-bc13-4a33-bb1d-a337996c2e9c',711,,13774,35,,,0,100,,13789,35,,,0,100,,13787,35,,,0,100,,13775,35,,,0,100,,13776,35,,,0,100,,13778,35,,,0,100,,13780,35,,,0,100,,13788,35,,,0,100,,13782,35,,,0,100,,13785,35,,,0,100,,13784,35,,,0,100,,13779,35,,,0,100,,13777,35,,,0,100,,13781,35,,,0,100,,13786,35,,,0
8500,'8e972226-8e68-4b6a-9fd3-2e7f449277f5',711,,13796,35,,,0,100,,13801,35,,,0,100,,13804,35,,,0,100,,13792,35,,,0,100,,13791,35,,,0,100,,13794,35,,,0,100,,13800,35,,,0,100,,13798,35,,,0,100,,13790,35,,,0,100,,13793,35,,,0,100,,13805,35,,,0,100,,13795,35,,,0,100,,13797,35,,,0,100,,13803,35,,,0,100,,13799,35,,,0
8500,'9493548d-afad-4b26-be65-c3aa23941f37',711,,13812,35,,,0,100,,13809,35,,,0,100,,13816,35,,,0,100,,13807,35,,,0,100,,13810,35,,,0,100,,13815,35,,,0,100,,13811,35,,,0,100,,13814,35,,,0,100,,13813,35,,,0,100,,13821,35,,,0,100,,13806,35,,,0,100,,13817,35,,,0,100,,13820,35,,,0,100,,13808,35,,,0,100,,13819,35,,,0
8500,'9577949b-c1b9-4893-a4cc-d601db41a1fc',711,,13826,35,,,0,100,,13836,35,,,0,100,,13830,35,,,0,100,,13832,35,,,0,100,,13833,35,,,0,100,,13834,35,,,0,100,,13837,35,,,0,100,,13824,35,,,0,100,,13827,35,,,0,100,,13825,35,,,0,100,,13823,35,,,0,100,,13831,35,,,0,100,,13828,35,,,0,100,,13822,35,,,0,100,,13829,35,,,0
8500,'991a1488-6339-4798-a1ff-4cc199131854',711,,13839,35,,,0,100,,13838,35,,,0,100,,13843,35,,,0,100,,13844,35,,,0,100,,13849,35,,,0,100,,13846,35,,,0,100,,13845,35,,,0,100,,13847,35,,,0,100,,13848,35,,,0,100,,13841,35,,,0,100,,13853,35,,,0,100,,13851,35,,,0,100,,13840,35,,,0,100,,13842,35,,,0,100,,13850,35,,,0
