8100,'294e58fc-bc13-4a33-bb1d-a337996c2e9c',2215,,13736,203,,,0
8100,'8ab1f009-ab59-4a8c-9771-20e344a37dba',643,,13746,64,,,0,72,,13746,241,,,0,28,,13737,64,,,0,72,,13737,241,,,0,28,,13743,64,,,0,72,,13743,241,,,0,128,,13744,64,,,0,72,,13744,241,,,0,28,,13745,64,,,0,72,,13745,241,,,0,28,,13738,64,,,0,72,,13738,241,,,0,128,,13739,64,,,0,72,,13739,241,,,0,28,,13750,64,,,0,72,,13750,241,,,0,28,,13742,64,,,0,72,,13742,241,,,0,28,,13741,64,,,0,72,,13741,241,,,0,28,,13747,64,,,0,72,,13747,241,,,0,28,,13749,64,,,0,72,,13749,241,,,0,28,,13740,64,,,0,72,,13740,241,,,0,100,,13748,203,,,0
8100,'8e972226-8e68-4b6a-9fd3-2e7f449277f5',2215,,13751,203,,,0
8100,'9493548d-afad-4b26-be65-c3aa23941f37',2215,,13752,203,,,0
8100,'9577949b-c1b9-4893-a4cc-d601db41a1fc',2215,,13753,203,,,0
8100,'991a1488-6339-4798-a1ff-4cc199131854',2215,,13754,203,,,0
8100,'bec99aa0-a127-4e27-ae17-e4c7db42f9ba',1043,,13755,64,,,0,72,,13755,241,,,0,28,,13756,64,,,0,72,,13756,241,,,0,128,,13760,64,,,0,72,,13760,241,,,0,28,,13759,64,,,0,72,,13759,241,,,0,28,,13758,64,,,0,72,,13758,241,,,0,28,,13761,64,,,0,72,,13761,241,,,0,28,,13757,63,,,0,67,,13757,221,,,0
8100,'c38342c9-8898-48ff-bb56-4ee52481c507',1100,,13763,203,,,0,100,,13762,203,,,0,100,,13769,203,,,0,100,,13764,203,,,0,100,,13770,203,,,0,100,,13767,203,,,0,100,,13766,203,,,0,100,,13765,203,,,0,100,,13768,203,,,0
8200,'8ab1f009-ab59-4a8c-9771-20e344a37dba',943,,13771,71,,,0,72,,13771,303,,,0,328,,13772,71,,,0,72,,13772,303,,,0
8200,'bec99aa0-a127-4e27-ae17-e4c7db42f9ba',1243,,13773,71,,,0,72,,13773,303,,,0
8500,'294e58fc-bc13-4a33-bb1d-a337996c2e9c',708,,13783,149,4,,0,100,,13774,256,4,,0,100,,13787,0,,,0,100,,13775,0,,,0,100,,13776,0,,,0,100,,13776,256,4,,0,100,,13778,256,4,,0,100,,13780,256,4,,0,100,,13782,0,,,0,100,,13785,0,,,0,100,,13785,256,4,,0,100,,13784,256,4,,0,100,,13777,0,,,0,100,,13777,256,4,,0,100,,13786,0,,,0,100,,13786,256,4,,0
8500,'8e972226-8e68-4b6a-9fd3-2e7f449277f5',708,,13802,149,4,,0,100,,13796,256,4,,0,100,,13804,0,,,0,100,,13804,256,4,,0,100,,13791,0,,,0,100,,13791,256,4,,0,100,,13800,0,,,0,100,,13800,256,4,,0,100,,13798,256,4,,0,100,,13790,256,4,,0,100,,13805,0,,,0,100,,13805,256,4,,0,100,,13797,0,,,0,100,,13803,0,,,0,100,,13803,256,4,,0,100,,13799,256,4,,0
8500,'9493548d-afad-4b26-be65-c3aa23941f37',708,,13818,149,4,,0,100,,13809,0,,,0,100,,13816,0,,,0,100,,13816,256,4,,0,100,,13810,0,,,0,100,,13815,0,,,0,100,,13815,256,4,,0,100,,13814,0,,,0,100,,13814,256,4,,0,100,,13821,0,,,0,100,,13806,0,,,0,100,,13806,256,4,,0,100,,13817,256,4,,0,100,,13808,0,,,0,100,,13808,256,4,,0,100,,13819,256,4,,0
8500,'9577949b-c1b9-4893-a4cc-d601db41a1fc',708,,13835,149,4,,0,100,,13836,0,,,0,100,,13830,0,,,0,100,,13830,256,4,,0,100,,13833,0,,,0,100,,13834,0,,,0,100,,13837,0,,,0,100,,13837,256,4,,0,100,,13827,0,,,0,100,,13825,0,,,0,100,,13825,256,4,,0,100,,13831,0,,,0,100,,13828,0,,,0,100,,13828,256,4,,0,100,,13829,0,,,0,100,,13829,256,4,,0
8500,'991a1488-6339-4798-a1ff-4cc199131854',708,,13852,149,4,,0,100,,13838,0,,,0,100,,13843,0,,,0,100,,13843,256,4,,0,100,,13849,0,,,0,100,,13849,256,4,,0,100,,13845,0,,,0,100,,13847,0,,,0,100,,13847,256,4,,0,100,,13841,0,,,0,100,,13853,0,,,0,100,,13853,256,4,,0,100,,13840,0,,,0,100,,13840,256,4,,0,100,,13842,256,4,,0,100,,13850,256,4,,0
8600,'294e58fc-bc13-4a33-bb1d-a337996c2e9c',557,,13878,54,,,0,75,,13875,54,,,0,75,,13860,54,,,0,35,,13863,54,,,0,80,,13869,54,,,0,80,,13872,54,,,0,40,,13876,54,,,0,75,,13866,54,,,0,35,,13870,54,,,0,75,,13865,54,,,0,75,,13862,54,,,0,35,,13871,54,,,0,75,,13867,54,,,0,35,,13873,54,,,0,75,,13856,54,,,0,35,,13861,54,,,0,75,,13855,54,,,0,75,,13854,54,,,0,35,,13877,54,,,0,80,,13857,54,,,0,80,,13858,54,,,0,40,,13879,54,,,0,75,,13859,54,,,0,35,,13868,54,,,0,75,,13864,54,,,0,75,,13874,54,,,0
8600,'8e972226-8e68-4b6a-9fd3-2e7f449277f5',557,,13900,54,,,0,75,,13904,54,,,0,75,,13894,54,,,0,35,,13888,54,,,0,80,,13883,54,,,0,80,,13903,54,,,0,40,,13895,54,,,0,75,,13885,54,,,0,35,,13899,54,,,0,75,,13896,54,,,0,75,,13892,54,,,0,35,,13897,54,,,0,75,,13893,54,,,0,35,,13889,54,,,0,75,,13882,54,,,0,35,,13884,54,,,0,75,,13902,54,,,0,75,,13881,54,,,0,35,,13887,54,,,0,80,,13898,54,,,0,80,,13905,54,,,0,40,,13890,54,,,0,75,,13880,54,,,0,35,,13891,54,,,0,75,,13901,54,,,0,75,,13886,54,,,0
8600,'9493548d-afad-4b26-be65-c3aa23941f37',557,,13925,54,,,0,75,,13922,54,,,0,75,,13919,54,,,0,35,,13920,54,,,0,80,,13921,54,,,0,80,,13910,54,,,0,40,,13911,54,,,0,75,,13918,54,,,0,35,,13913,54,,,0,75,,13916,54,,,0,75,,13907,54,,,0,35,,13906,54,,,0,75,,13915,54,,,0,35,,13923,54,,,0,75,,13926,54,,,0,35,,13914,54,,,0,75,,13909,54,,,0,75,,13924,54,,,0,35,,13927,54,,,0,80,,13912,54,,,0,80,,13929,54,,,0,40,,13928,54,,,0,75,,13917,54,,,0,35,,13930,54,,,0,75,,13931,54,,,0,75,,13908,54,,,0
8600,'9577949b-c1b9-4893-a4cc-d601db41a1fc',557,,13948,54,,,0,75,,13951,54,,,0,75,,13940,54,,,0,35,,13943,54,,,0,80,,13946,54,,,0,80,,13941,54,,,0,40,,13939,54,,,0,75,,13950,54,,,0,35,,13949,54,,,0,75,,13942,54,,,0,75,,13936,54,,,0,35,,13947,54,,,0,75,,13937,54,,,0,35,,13955,54,,,0,75,,13938,54,,,0,35,,13956,54,,,0,75,,13953,54,,,0,75,,13945,54,,,0,35,,13933,54,,,0,80,,13954,54,,,0,80,,13944,54,,,0,40,,13935,54,,,0,75,,13934,54,,,0,35,,13957,54,,,0,75,,13932,54,,,0,75,,13952,54,,,0
8600,'991a1488-6339-4798-a1ff-4cc199131854',557,,13983,54,,,0,75,,13975,54,,,0,75,,13967,54,,,0,35,,13966,54,,,0,80,,13982,54,,,0,80,,13976,54,,,0,40,,13969,54,,,0,75,,13981,54,,,0,35,,13977,54,,,0,75,,13964,54,,,0,75,,13961,54,,,0,35,,13973,54,,,0,75,,13971,54,,,0,35,,13962,54,,,0,75,,13980,54,,,0,35,,13959,54,,,0,75,,13968,54,,,0,75,,13965,54,,,0,35,,13970,54,,,0,80,,13958,54,,,0,80,,13978,54,,,0,40,,13972,54,,,0,75,,13960,54,,,0,35,,13974,54,,,0,75,,13963,54,,,0,75,,13979,54,,,0
