1600,'294e58fc-bc13-4a33-bb1d-a337996c2e9c',650,,10826,35,,,0,70,,10821,35,,,0,35,,10843,35,,,0,75,,10820,35,,,0,70,,10829,35,,,0,30,,10819,35,,,0,70,,10840,35,,,0,30,,10838,35,,,0,70,,10839,35,,,0,30,,10832,35,,,0,70,,10833,35,,,0,40,,10822,35,,,0,75,,10842,35,,,0,35,,10828,35,,,0,75,,10836,35,,,0,75,,10823,35,,,0,35,,10818,35,,,0,75,,10824,35,,,0,40,,10825,35,,,0,80,,10841,35,,,0,80,,10834,35,,,0,30,,10835,35,,,0,70,,10830,35,,,0,30,,10817,35,,,0,70,,10827,35,,,0,30,,10837,35,,,0,70,,10831,42,,,0
1600,'8ab1f009-ab59-4a8c-9771-20e344a37dba',1135,,10856,35,,,0,75,,10846,35,,,0,35,,10845,35,,,0,75,,10855,35,,,0,35,,10844,35,,,0,75,,10853,35,,,0,75,,10851,35,,,0,35,,10852,35,,,0,75,,10849,35,,,0,35,,10854,35,,,0,75,,10848,35,,,0,75,,10847,35,,,0,35,,10850,42,,,0
1600,'8e972226-8e68-4b6a-9fd3-2e7f449277f5',650,,10880,35,,,0,70,,10877,35,,,0,35,,10859,35,,,0,75,,10860,35,,,0,70,,10868,35,,,0,30,,10861,35,,,0,70,,10874,35,,,0,30,,10879,35,,,0,70,,10870,35,,,0,30,,10857,35,,,0,70,,10863,35,,,0,40,,10866,35,,,0,75,,10883,35,,,0,35,,10867,35,,,0,75,,10873,35,,,0,75,,10858,35,,,0,35,,10878,35,,,0,75,,10882,35,,,0,40,,10875,35,,,0,80,,10872,35,,,0,80,,10871,35,,,0,30,,10862,35,,,0,70,,10881,35,,,0,30,,10864,35,,,0,70,,10876,35,,,0,30,,10865,35,,,0,70,,10869,42,,,0
1600,'9493548d-afad-4b26-be65-c3aa23941f37',650,,10904,35,,,0,70,,10903,35,,,0,35,,10896,35,,,0,75,,10894,35,,,0,70,,10899,35,,,0,30,,10884,35,,,0,70,,10889,35,,,0,30,,10895,35,,,0,70,,10908,35,,,0,30,,10905,35,,,0,70,,10906,35,,,0,40,,10891,35,,,0,75,,10907,35,,,0,35,,10892,35,,,0,75,,10910,35,,,0,75,,10900,35,,,0,35,,10902,35,,,0,75,,10898,35,,,0,40,,10893,35,,,0,80,,10888,35,,,0,80,,10890,35,,,0,30,,10885,35,,,0,70,,10886,35,,,0,30,,10897,35,,,0,70,,10901,35,,,0,30,,10887,35,,,0,70,,10909,42,,,0
1600,'9577949b-c1b9-4893-a4cc-d601db41a1fc',650,,10929,35,,,0,70,,10913,35,,,0,35,,10925,35,,,0,75,,10937,35,,,0,70,,10922,35,,,0,30,,10930,35,,,0,70,,10933,35,,,0,30,,10912,35,,,0,70,,10931,35,,,0,30,,10914,35,,,0,70,,10932,35,,,0,40,,10921,35,,,0,75,,10927,35,,,0,35,,10915,35,,,0,75,,10916,35,,,0,75,,10917,35,,,0,35,,10935,35,,,0,75,,10936,35,,,0,40,,10926,35,,,0,80,,10934,35,,,0,80,,10923,35,,,0,30,,10918,35,,,0,70,,10924,35,,,0,30,,10911,35,,,0,70,,10928,35,,,0,30,,10919,35,,,0,70,,10920,42,,,0
1600,'991a1488-6339-4798-a1ff-4cc199131854',650,,10959,35,,,0,70,,10957,35,,,0,35,,10941,35,,,0,75,,10951,35,,,0,70,,10945,35,,,0,30,,10948,35,,,0,70,,10952,35,,,0,30,,10943,35,,,0,70,,10950,35,,,0,30,,10955,35,,,0,70,,10944,35,,,0,40,,10963,35,,,0,75,,10960,35,,,0,35,,10954,35,,,0,75,,10947,35,,,0,75,,10939,35,,,0,35,,10946,35,,,0,75,,10949,35,,,0,40,,10956,35,,,0,80,,10953,35,,,0,80,,10962,35,,,0,30,,10942,35,,,0,70,,10961,35,,,0,30,,10964,35,,,0,70,,10958,35,,,0,30,,10938,35,,,0,70,,10940,42,,,0
1600,'bec99aa0-a127-4e27-ae17-e4c7db42f9ba',1025,,10969,35,,,0,75,,10977,35,,,0,35,,10972,35,,,0,75,,10967,35,,,0,35,,10966,35,,,0,75,,10975,35,,,0,35,,10973,35,,,0,75,,10971,35,,,0,75,,10974,35,,,0,35,,10968,35,,,0,75,,10965,35,,,0,35,,10970,35,,,0,75,,10976,42,,,0
6600,'294e58fc-bc13-4a33-bb1d-a337996c2e9c',626,,13494,38,,,0,110,,13489,38,,,0,170,,13496,38,,,0,109,,13493,38,,,0,111,,13491,38,,,0,110,,13490,35,0,8,0,115,,13488,38,,,0,150,,13498,38,,,0,110,,13499,38,,,0,110,,13497,38,,,0,110,,13495,35,0,8,0,115,,13492,38,,,0
6600,'8ab1f009-ab59-4a8c-9771-20e344a37dba',635,,13500,38,,,0,100,,13503,38,,,0,800,,13504,38,,,0,100,,13501,38,,,0,100,,13502,38,,,0
6600,'8e972226-8e68-4b6a-9fd3-2e7f449277f5',626,,13506,38,,,0,110,,13507,38,,,0,170,,13505,38,,,0,109,,13510,38,,,0,111,,13508,38,,,0,110,,13514,35,0,8,0,115,,13512,38,,,0,150,,13513,38,,,0,110,,13511,38,,,0,110,,13515,38,,,0,110,,13516,35,0,8,0,115,,13509,38,,,0
6600,'9493548d-afad-4b26-be65-c3aa23941f37',626,,13525,38,,,0,110,,13519,38,,,0,170,,13527,38,,,0,109,,13518,38,,,0,111,,13524,38,,,0,110,,13517,35,0,8,0,115,,13523,38,,,0,150,,13521,38,,,0,110,,13528,38,,,0,110,,13522,38,,,0,110,,13526,35,0,8,0,115,,13520,38,,,0
6600,'9577949b-c1b9-4893-a4cc-d601db41a1fc',626,,13529,38,,,0,110,,13539,38,,,0,170,,13536,38,,,0,109,,13537,38,,,0,111,,13538,38,,,0,110,,13533,35,0,8,0,115,,13531,38,,,0,150,,13534,38,,,0,110,,13540,38,,,0,110,,13530,38,,,0,110,,13535,35,0,8,0,115,,13532,38,,,0
6600,'991a1488-6339-4798-a1ff-4cc199131854',626,,13541,38,,,0,110,,13551,38,,,0,170,,13543,38,,,0,109,,13550,38,,,0,111,,13549,38,,,0,110,,13548,35,0,8,0,115,,13542,38,,,0,150,,13547,38,,,0,110,,13546,38,,,0,110,,13545,38,,,0,110,,13544,35,0,8,0,115,,13552,38,,,0
6600,'bec99aa0-a127-4e27-ae17-e4c7db42f9ba',1035,,13554,38,,,0,200,,13556,38,,,0,200,,13553,38,,,0,200,,13555,38,,,0
