8100,'294e58fc-bc13-4a33-bb1d-a337996c2e9c',2145,,13736,113,,,0
8100,'8ab1f009-ab59-4a8c-9771-20e344a37dba',650,,13746,133,,,0,100,,13737,133,,,0,100,,13743,133,,,0,200,,13744,133,,,0,100,,13745,133,,,0,100,,13738,133,,,0,200,,13739,133,,,0,100,,13750,133,,,0,100,,13742,133,,,0,100,,13741,133,,,0,100,,13747,133,,,0,100,,13749,133,,,0,100,,13740,133,,,0,95,,13748,113,,,0
8100,'8e972226-8e68-4b6a-9fd3-2e7f449277f5',2145,,13751,113,,,0
8100,'9493548d-afad-4b26-be65-c3aa23941f37',2145,,13752,113,,,0
8100,'9577949b-c1b9-4893-a4cc-d601db41a1fc',2145,,13753,113,,,0
8100,'991a1488-6339-4798-a1ff-4cc199131854',2145,,13754,113,,,0
8100,'bec99aa0-a127-4e27-ae17-e4c7db42f9ba',1050,,13755,133,,,0,100,,13756,133,,,0,200,,13760,133,,,0,100,,13759,133,,,0,100,,13758,133,,,0,100,,13761,133,,,0,100,,13757,130,,,0
8100,'c38342c9-8898-48ff-bb56-4ee52481c507',1030,,13763,113,,,0,100,,13762,113,,,0,100,,13769,113,,,0,100,,13764,113,,,0,100,,13770,113,,,0,100,,13767,113,,,0,100,,13766,113,,,0,100,,13765,113,,,0,100,,13768,113,,,0
8500,'294e58fc-bc13-4a33-bb1d-a337996c2e9c',648,,13783,60,,,0,100,,13774,167,,,0,100,,13789,167,,,0,100,,13787,167,,,0,100,,13775,167,,,0,100,,13776,167,,,0,100,,13778,167,,,0,100,,13780,167,,,0,100,,13788,167,,,0,100,,13782,167,,,0,100,,13785,167,,,0,100,,13784,167,,,0,100,,13779,167,,,0,100,,13777,167,,,0,100,,13781,167,,,0,100,,13786,167,,,0
8500,'8e972226-8e68-4b6a-9fd3-2e7f449277f5',648,,13802,60,,,0,100,,13796,167,,,0,100,,13801,167,,,0,100,,13804,167,,,0,100,,13792,167,,,0,100,,13791,167,,,0,100,,13794,167,,,0,100,,13800,167,,,0,100,,13798,167,,,0,100,,13790,167,,,0,100,,13793,167,,,0,100,,13805,167,,,0,100,,13795,167,,,0,100,,13797,167,,,0,100,,13803,167,,,0,100,,13799,167,,,0
8500,'9493548d-afad-4b26-be65-c3aa23941f37',648,,13818,60,,,0,100,,13812,167,,,0,100,,13809,167,,,0,100,,13816,167,,,0,100,,13807,167,,,0,100,,13810,167,,,0,100,,13815,167,,,0,100,,13811,167,,,0,100,,13814,167,,,0,100,,13813,167,,,0,100,,13821,167,,,0,100,,13806,167,,,0,100,,13817,167,,,0,100,,13820,167,,,0,100,,13808,167,,,0,100,,13819,167,,,0
8500,'9577949b-c1b9-4893-a4cc-d601db41a1fc',648,,13835,60,,,0,100,,13826,167,,,0,100,,13836,167,,,0,100,,13830,167,,,0,100,,13832,167,,,0,100,,13833,167,,,0,100,,13834,167,,,0,100,,13837,167,,,0,100,,13824,167,,,0,100,,13827,167,,,0,100,,13825,167,,,0,100,,13823,167,,,0,100,,13831,167,,,0,100,,13828,167,,,0,100,,13822,167,,,0,100,,13829,167,,,0
8500,'991a1488-6339-4798-a1ff-4cc199131854',648,,13852,60,,,0,100,,13839,167,,,0,100,,13838,167,,,0,100,,13843,167,,,0,100,,13844,167,,,0,100,,13849,167,,,0,100,,13846,167,,,0,100,,13845,167,,,0,100,,13847,167,,,0,100,,13848,167,,,0,100,,13841,167,,,0,100,,13853,167,,,0,100,,13851,167,,,0,100,,13840,167,,,0,100,,13842,167,,,0,100,,13850,167,,,0
8600,'294e58fc-bc13-4a33-bb1d-a337996c2e9c',602,,13878,72,,,0,35,,13875,72,,,0,75,,13860,72,,,0,40,,13863,72,,,0,80,,13869,72,,,0,80,,13872,72,,,0,35,,13876,72,,,0,75,,13866,72,,,0,35,,13870,72,,,0,75,,13865,72,,,0,75,,13862,72,,,0,35,,13871,72,,,0,75,,13867,72,,,0,35,,13873,72,,,0,75,,13856,72,,,0,75,,13861,72,,,0,35,,13855,72,,,0,75,,13854,72,,,0,40,,13877,72,,,0,80,,13857,72,,,0,75,,13858,72,,,0,40,,13879,72,,,0,75,,13859,72,,,0,35,,13868,72,,,0,75,,13864,72,,,0,75,,13874,74,,,0
8600,'8e972226-8e68-4b6a-9fd3-2e7f449277f5',602,,13900,72,,,0,35,,13904,72,,,0,75,,13894,72,,,0,40,,13888,72,,,0,80,,13883,72,,,0,80,,13903,72,,,0,35,,13895,72,,,0,75,,13885,72,,,0,35,,13899,72,,,0,75,,13896,72,,,0,75,,13892,72,,,0,35,,13897,72,,,0,75,,13893,72,,,0,35,,13889,72,,,0,75,,13882,72,,,0,75,,13884,72,,,0,35,,13902,72,,,0,75,,13881,72,,,0,40,,13887,72,,,0,80,,13898,72,,,0,75,,13905,72,,,0,40,,13890,72,,,0,75,,13880,72,,,0,35,,13891,72,,,0,75,,13901,72,,,0,75,,13886,74,,,0
8600,'9493548d-afad-4b26-be65-c3aa23941f37',602,,13925,72,,,0,35,,13922,72,,,0,75,,13919,72,,,0,40,,13920,72,,,0,80,,13921,72,,,0,80,,13910,72,,,0,35,,13911,72,,,0,75,,13918,72,,,0,35,,13913,72,,,0,75,,13916,72,,,0,75,,13907,72,,,0,35,,13906,72,,,0,75,,13915,72,,,0,35,,13923,72,,,0,75,,13926,72,,,0,75,,13914,72,,,0,35,,13909,72,,,0,75,,13924,72,,,0,40,,13927,72,,,0,80,,13912,72,,,0,75,,13929,72,,,0,40,,13928,72,,,0,75,,13917,72,,,0,35,,13930,72,,,0,75,,13931,72,,,0,75,,13908,74,,,0
8600,'9577949b-c1b9-4893-a4cc-d601db41a1fc',602,,13948,72,,,0,35,,13951,72,,,0,75,,13940,72,,,0,40,,13943,72,,,0,80,,13946,72,,,0,80,,13941,72,,,0,35,,13939,72,,,0,75,,13950,72,,,0,35,,13949,72,,,0,75,,13942,72,,,0,75,,13936,72,,,0,35,,13947,72,,,0,75,,13937,72,,,0,35,,13955,72,,,0,75,,13938,72,,,0,75,,13956,72,,,0,35,,13953,72,,,0,75,,13945,72,,,0,40,,13933,72,,,0,80,,13954,72,,,0,75,,13944,72,,,0,40,,13935,72,,,0,75,,13934,72,,,0,35,,13957,72,,,0,75,,13932,72,,,0,75,,13952,74,,,0
8600,'991a1488-6339-4798-a1ff-4cc199131854',602,,13983,72,,,0,35,,13975,72,,,0,75,,13967,72,,,0,40,,13966,72,,,0,80,,13982,72,,,0,80,,13976,72,,,0,35,,13969,72,,,0,75,,13981,72,,,0,35,,13977,72,,,0,75,,13964,72,,,0,75,,13961,72,,,0,35,,13973,72,,,0,75,,13971,72,,,0,35,,13962,72,,,0,75,,13980,72,,,0,75,,13959,72,,,0,35,,13968,72,,,0,75,,13965,72,,,0,40,,13970,72,,,0,80,,13958,72,,,0,75,,13978,72,,,0,40,,13972,72,,,0,75,,13960,72,,,0,35,,13974,72,,,0,75,,13963,72,,,0,75,,13979,74,,,0
