6000,'294e58fc-bc13-4a33-bb1d-a337996c2e9c',635,,12231,61,,,0,75,,12244,61,,,0,35,,12234,61,,,0,80,,12241,61,,,0,80,,12236,61,,,0,40,,12247,61,,,0,80,,12251,61,,,0,80,,12246,61,,,0,40,,12230,61,,,0,80,,12235,61,,,0,80,,12240,61,,,0,40,,12232,61,,,0,80,,12229,61,,,0,80,,12227,61,,,0,40,,12243,61,,,0,80,,12250,61,,,0,80,,12249,61,,,0,40,,12239,61,,,0,80,,12228,61,,,0,80,,12242,61,,,0,35,,12226,61,,,0,75,,12238,61,,,0,35,,12245,61,,,0,75,,12237,61,,,0,75,,12248,61,,,0
6000,'8ab1f009-ab59-4a8c-9771-20e344a37dba',635,,12265,61,,,0,75,,12274,61,,,0,35,,12258,61,,,0,80,,12256,61,,,0,80,,12254,61,,,0,40,,12266,61,,,0,80,,12255,61,,,0,80,,12275,61,,,0,40,,12260,61,,,0,80,,12257,61,,,0,80,,12264,61,,,0,40,,12276,61,,,0,80,,12259,61,,,0,80,,12268,61,,,0,40,,12252,61,,,0,80,,12271,61,,,0,80,,12262,61,,,0,40,,12263,61,,,0,80,,12261,61,,,0,80,,12269,61,,,0,35,,12270,61,,,0,75,,12267,61,,,0,35,,12253,61,,,0,75,,12273,61,,,0,75,,12272,61,,,0
6000,'8e972226-8e68-4b6a-9fd3-2e7f449277f5',635,,12283,61,,,0,75,,12296,61,,,0,35,,12286,61,,,0,80,,12302,61,,,0,80,,12292,61,,,0,40,,12281,61,,,0,80,,12300,61,,,0,80,,12303,61,,,0,40,,12297,61,,,0,80,,12282,61,,,0,80,,12279,61,,,0,40,,12287,61,,,0,80,,12294,61,,,0,80,,12280,61,,,0,40,,12278,61,,,0,80,,12295,61,,,0,80,,12298,61,,,0,40,,12285,61,,,0,80,,12291,61,,,0,80,,12290,61,,,0,35,,12288,61,,,0,75,,12301,61,,,0,35,,12299,61,,,0,75,,12289,61,,,0,75,,12293,61,,,0
6000,'9493548d-afad-4b26-be65-c3aa23941f37',635,,12326,61,,,0,75,,12325,61,,,0,35,,12318,61,,,0,80,,12304,61,,,0,80,,12306,61,,,0,40,,12320,61,,,0,80,,12311,61,,,0,80,,12329,61,,,0,40,,12315,61,,,0,80,,12314,61,,,0,80,,12307,61,,,0,40,,12309,61,,,0,80,,12305,61,,,0,80,,12322,61,,,0,40,,12324,61,,,0,80,,12312,61,,,0,80,,12327,61,,,0,40,,12319,61,,,0,80,,12308,61,,,0,80,,12313,61,,,0,35,,12317,61,,,0,75,,12310,61,,,0,35,,12328,61,,,0,75,,12323,61,,,0,75,,12316,61,,,0
6000,'9577949b-c1b9-4893-a4cc-d601db41a1fc',635,,12347,61,,,0,75,,12336,61,,,0,35,,12333,61,,,0,80,,12331,61,,,0,80,,12348,61,,,0,40,,12337,61,,,0,80,,12344,61,,,0,80,,12354,61,,,0,40,,12352,61,,,0,80,,12350,61,,,0,80,,12355,61,,,0,40,,12338,61,,,0,80,,12345,61,,,0,80,,12334,61,,,0,40,,12349,61,,,0,80,,12342,61,,,0,80,,12346,61,,,0,40,,12330,61,,,0,80,,12332,61,,,0,80,,12341,61,,,0,35,,12343,61,,,0,75,,12351,61,,,0,35,,12353,61,,,0,75,,12339,61,,,0,75,,12335,61,,,0
6000,'991a1488-6339-4798-a1ff-4cc199131854',635,,12361,61,,,0,75,,12372,61,,,0,35,,12378,61,,,0,80,,12366,61,,,0,80,,12371,61,,,0,40,,12375,61,,,0,80,,12380,61,,,0,80,,12368,61,,,0,40,,12362,61,,,0,80,,12376,61,,,0,80,,12363,61,,,0,40,,12373,61,,,0,80,,12358,61,,,0,80,,12370,61,,,0,40,,12379,61,,,0,80,,12365,61,,,0,80,,12367,61,,,0,40,,12359,61,,,0,80,,12381,61,,,0,80,,12360,61,,,0,35,,12364,61,,,0,75,,12374,61,,,0,35,,12356,61,,,0,75,,12369,61,,,0,75,,12357,61,,,0
6000,'bec99aa0-a127-4e27-ae17-e4c7db42f9ba',930,,12385,61,,,0,75,,12388,61,,,0,35,,12383,61,,,0,75,,12396,61,,,0,35,,12393,61,,,0,75,,12387,61,,,0,75,,12390,61,,,0,35,,12391,61,,,0,75,,12389,61,,,0,35,,12382,61,,,0,75,,12386,61,,,0,35,,12392,61,,,0,75,,12394,61,,,0,75,,12395,61,,,0,35,,12384,61,,,0
6000,'c38342c9-8898-48ff-bb56-4ee52481c507',1010,,12406,61,,,0,35,,12407,61,,,0,75,,12412,61,,,0,35,,12397,61,,,0,75,,12400,61,,,0,75,,12398,61,,,0,35,,12411,61,,,0,75,,12408,61,,,0,35,,12410,61,,,0,75,,12402,61,,,0,75,,12401,61,,,0,35,,12409,61,,,0,75,,12405,61,,,0,35,,12403,61,,,0,75,,12399,61,,,0,35,,12404,61,,,0
6700,'294e58fc-bc13-4a33-bb1d-a337996c2e9c',652,,13559,86,,,0,70,,13561,86,,,0,35,,13563,86,,,0,75,,13565,86,,,0,72,,13562,86,,,0,30,,13557,86,,,0,100,,13569,86,,,0,521,,13566,86,,,0,75,,13567,86,,,0,75,,13571,86,,,0,35,,13558,86,,,0,72,,13568,86,,,0,100,,13560,86,,,0,100,,13564,86,,,0
6700,'8ab1f009-ab59-4a8c-9771-20e344a37dba',650,,13576,86,,,0,100,,13577,86,,,0,100,,13579,86,,,0,100,,13578,86,,,0,100,,13581,86,,,0,500,,13580,86,,,0,100,,13572,86,,,0,100,,13573,86,,,0,100,,13574,86,,,0,100,,13575,86,,,0
6700,'8e972226-8e68-4b6a-9fd3-2e7f449277f5',652,,13582,86,,,0,70,,13588,86,,,0,35,,13591,86,,,0,75,,13586,86,,,0,72,,13592,86,,,0,30,,13589,86,,,0,100,,13590,86,,,0,521,,13587,86,,,0,75,,13596,86,,,0,75,,13584,86,,,0,35,,13594,86,,,0,72,,13585,86,,,0,100,,13583,86,,,0,100,,13593,86,,,0
6700,'9493548d-afad-4b26-be65-c3aa23941f37',652,,13600,86,,,0,70,,13607,86,,,0,35,,13608,86,,,0,75,,13599,86,,,0,72,,13605,86,,,0,30,,13601,86,,,0,100,,13602,86,,,0,521,,13598,86,,,0,75,,13603,86,,,0,75,,13610,86,,,0,35,,13604,86,,,0,72,,13597,86,,,0,100,,13606,86,,,0,100,,13609,86,,,0
6700,'9577949b-c1b9-4893-a4cc-d601db41a1fc',652,,13615,86,,,0,70,,13612,86,,,0,35,,13619,86,,,0,75,,13621,86,,,0,72,,13614,86,,,0,30,,13616,86,,,0,100,,13623,86,,,0,521,,13620,86,,,0,75,,13625,86,,,0,75,,13622,86,,,0,35,,13624,86,,,0,72,,13626,86,,,0,100,,13618,86,,,0,100,,13617,86,,,0
6700,'991a1488-6339-4798-a1ff-4cc199131854',652,,13629,86,,,0,70,,13630,86,,,0,35,,13637,86,,,0,75,,13631,86,,,0,72,,13639,86,,,0,30,,13627,86,,,0,100,,13635,86,,,0,521,,13638,86,,,0,75,,13640,86,,,0,75,,13636,86,,,0,35,,13633,86,,,0,72,,13628,86,,,0,100,,13641,86,,,0,100,,13634,86,,,0
6700,'bec99aa0-a127-4e27-ae17-e4c7db42f9ba',950,,13643,86,,,0,200,,13642,86,,,0,200,,13646,86,,,0,200,,13645,86,,,0,200,,13644,86,,,0
