1600,'294e58fc-bc13-4a33-bb1d-a337996c2e9c',651,,10826,38,,,0,70,,10821,38,,,0,35,,10843,38,,,0,75,,10820,38,,,0,70,,10829,38,,,0,30,,10819,38,,,0,70,,10840,38,,,0,30,,10838,38,,,0,70,,10839,38,,,0,30,,10832,38,,,0,70,,10833,38,,,0,40,,10822,38,,,0,75,,10842,38,,,0,35,,10828,38,,,0,75,,10836,38,,,0,75,,10823,38,,,0,35,,10818,38,,,0,75,,10824,38,,,0,40,,10825,38,,,0,80,,10841,38,,,0,80,,10834,38,,,0,30,,10835,38,,,0,70,,10830,38,,,0,30,,10817,38,,,0,70,,10827,38,,,0,30,,10837,38,,,0,70,,10831,45,,,0
1600,'8ab1f009-ab59-4a8c-9771-20e344a37dba',1136,,10856,38,,,0,75,,10846,38,,,0,35,,10845,38,,,0,75,,10855,38,,,0,35,,10844,38,,,0,75,,10853,38,,,0,75,,10851,38,,,0,35,,10852,38,,,0,75,,10849,38,,,0,35,,10854,38,,,0,75,,10848,38,,,0,75,,10847,38,,,0,35,,10850,45,,,0
1600,'8e972226-8e68-4b6a-9fd3-2e7f449277f5',651,,10880,38,,,0,70,,10877,38,,,0,35,,10859,38,,,0,75,,10860,38,,,0,70,,10868,38,,,0,30,,10861,38,,,0,70,,10874,38,,,0,30,,10879,38,,,0,70,,10870,38,,,0,30,,10857,38,,,0,70,,10863,38,,,0,40,,10866,38,,,0,75,,10883,38,,,0,35,,10867,38,,,0,75,,10873,38,,,0,75,,10858,38,,,0,35,,10878,38,,,0,75,,10882,38,,,0,40,,10875,38,,,0,80,,10872,38,,,0,80,,10871,38,,,0,30,,10862,38,,,0,70,,10881,38,,,0,30,,10864,38,,,0,70,,10876,38,,,0,30,,10865,38,,,0,70,,10869,45,,,0
1600,'9493548d-afad-4b26-be65-c3aa23941f37',651,,10904,38,,,0,70,,10903,38,,,0,35,,10896,38,,,0,75,,10894,38,,,0,70,,10899,38,,,0,30,,10884,38,,,0,70,,10889,38,,,0,30,,10895,38,,,0,70,,10908,38,,,0,30,,10905,38,,,0,70,,10906,38,,,0,40,,10891,38,,,0,75,,10907,38,,,0,35,,10892,38,,,0,75,,10910,38,,,0,75,,10900,38,,,0,35,,10902,38,,,0,75,,10898,38,,,0,40,,10893,38,,,0,80,,10888,38,,,0,80,,10890,38,,,0,30,,10885,38,,,0,70,,10886,38,,,0,30,,10897,38,,,0,70,,10901,38,,,0,30,,10887,38,,,0,70,,10909,45,,,0
1600,'9577949b-c1b9-4893-a4cc-d601db41a1fc',651,,10929,38,,,0,70,,10913,38,,,0,35,,10925,38,,,0,75,,10937,38,,,0,70,,10922,38,,,0,30,,10930,38,,,0,70,,10933,38,,,0,30,,10912,38,,,0,70,,10931,38,,,0,30,,10914,38,,,0,70,,10932,38,,,0,40,,10921,38,,,0,75,,10927,38,,,0,35,,10915,38,,,0,75,,10916,38,,,0,75,,10917,38,,,0,35,,10935,38,,,0,75,,10936,38,,,0,40,,10926,38,,,0,80,,10934,38,,,0,80,,10923,38,,,0,30,,10918,38,,,0,70,,10924,38,,,0,30,,10911,38,,,0,70,,10928,38,,,0,30,,10919,38,,,0,70,,10920,45,,,0
1600,'991a1488-6339-4798-a1ff-4cc199131854',651,,10959,38,,,0,70,,10957,38,,,0,35,,10941,38,,,0,75,,10951,38,,,0,70,,10945,38,,,0,30,,10948,38,,,0,70,,10952,38,,,0,30,,10943,38,,,0,70,,10950,38,,,0,30,,10955,38,,,0,70,,10944,38,,,0,40,,10963,38,,,0,75,,10960,38,,,0,35,,10954,38,,,0,75,,10947,38,,,0,75,,10939,38,,,0,35,,10946,38,,,0,75,,10949,38,,,0,40,,10956,38,,,0,80,,10953,38,,,0,80,,10962,38,,,0,30,,10942,38,,,0,70,,10961,38,,,0,30,,10964,38,,,0,70,,10958,38,,,0,30,,10938,38,,,0,70,,10940,45,,,0
1600,'bec99aa0-a127-4e27-ae17-e4c7db42f9ba',1026,,10969,38,,,0,75,,10977,38,,,0,35,,10972,38,,,0,75,,10967,38,,,0,35,,10966,38,,,0,75,,10975,38,,,0,35,,10973,38,,,0,75,,10971,38,,,0,75,,10974,38,,,0,35,,10968,38,,,0,75,,10965,38,,,0,35,,10970,38,,,0,75,,10976,45,,,0
6600,'294e58fc-bc13-4a33-bb1d-a337996c2e9c',626,,13494,40,,,0,110,,13489,40,,,0,170,,13496,40,,,0,110,,13493,40,,,0,110,,13491,40,,,0,110,,13490,38,0,8,0,115,,13488,40,,,0,150,,13498,40,,,0,110,,13499,40,,,0,110,,13497,40,,,0,110,,13495,38,0,8,0,115,,13492,40,,,0
6600,'8ab1f009-ab59-4a8c-9771-20e344a37dba',635,,13500,40,,,0,100,,13503,40,,,0,800,,13504,40,,,0,100,,13501,40,,,0,100,,13502,40,,,0
6600,'8e972226-8e68-4b6a-9fd3-2e7f449277f5',626,,13506,40,,,0,110,,13507,40,,,0,170,,13505,40,,,0,110,,13510,40,,,0,110,,13508,40,,,0,110,,13514,38,0,8,0,115,,13512,40,,,0,150,,13513,40,,,0,110,,13511,40,,,0,110,,13515,40,,,0,110,,13516,38,0,8,0,115,,13509,40,,,0
6600,'9493548d-afad-4b26-be65-c3aa23941f37',626,,13525,40,,,0,110,,13519,40,,,0,170,,13527,40,,,0,110,,13518,40,,,0,110,,13524,40,,,0,110,,13517,38,0,8,0,115,,13523,40,,,0,150,,13521,40,,,0,110,,13528,40,,,0,110,,13522,40,,,0,110,,13526,38,0,8,0,115,,13520,40,,,0
6600,'9577949b-c1b9-4893-a4cc-d601db41a1fc',626,,13529,40,,,0,110,,13539,40,,,0,170,,13536,40,,,0,110,,13537,40,,,0,110,,13538,40,,,0,110,,13533,38,0,8,0,115,,13531,40,,,0,150,,13534,40,,,0,110,,13540,40,,,0,110,,13530,40,,,0,110,,13535,38,0,8,0,115,,13532,40,,,0
6600,'991a1488-6339-4798-a1ff-4cc199131854',626,,13541,40,,,0,110,,13551,40,,,0,170,,13543,40,,,0,110,,13550,40,,,0,110,,13549,40,,,0,110,,13548,38,0,8,0,115,,13542,40,,,0,150,,13547,40,,,0,110,,13546,40,,,0,110,,13545,40,,,0,110,,13544,38,0,8,0,115,,13552,40,,,0
6600,'bec99aa0-a127-4e27-ae17-e4c7db42f9ba',1035,,13554,40,,,0,200,,13556,40,,,0,200,,13553,40,,,0,200,,13555,40,,,0
