1600,'294e58fc-bc13-4a33-bb1d-a337996c2e9c',653,,10826,47,,,0,70,,10821,47,,,0,35,,10843,47,,,0,75,,10820,47,,,0,70,,10829,47,,,0,30,,10819,47,,,0,70,,10840,47,,,0,30,,10838,47,,,0,70,,10839,47,,,0,30,,10832,47,,,0,70,,10833,47,,,0,40,,10822,47,,,0,75,,10842,47,,,0,35,,10828,47,,,0,75,,10836,47,,,0,75,,10823,47,,,0,35,,10818,47,,,0,75,,10824,47,,,0,40,,10825,47,,,0,80,,10841,47,,,0,80,,10834,47,,,0,30,,10835,47,,,0,70,,10830,47,,,0,30,,10817,47,,,0,70,,10827,47,,,0,30,,10837,47,,,0,70,,10831,55,,,0
1600,'8ab1f009-ab59-4a8c-9771-20e344a37dba',1138,,10856,47,,,0,75,,10846,47,,,0,35,,10845,47,,,0,75,,10855,47,,,0,35,,10844,47,,,0,75,,10853,47,,,0,75,,10851,47,,,0,35,,10852,47,,,0,75,,10849,47,,,0,35,,10854,47,,,0,75,,10848,47,,,0,75,,10847,47,,,0,35,,10850,55,,,0
1600,'8e972226-8e68-4b6a-9fd3-2e7f449277f5',653,,10880,47,,,0,70,,10877,47,,,0,35,,10859,47,,,0,75,,10860,47,,,0,70,,10868,47,,,0,30,,10861,47,,,0,70,,10874,47,,,0,30,,10879,47,,,0,70,,10870,47,,,0,30,,10857,47,,,0,70,,10863,47,,,0,40,,10866,47,,,0,75,,10883,47,,,0,35,,10867,47,,,0,75,,10873,47,,,0,75,,10858,47,,,0,35,,10878,47,,,0,75,,10882,47,,,0,40,,10875,47,,,0,80,,10872,47,,,0,80,,10871,47,,,0,30,,10862,47,,,0,70,,10881,47,,,0,30,,10864,47,,,0,70,,10876,47,,,0,30,,10865,47,,,0,70,,10869,55,,,0
1600,'9493548d-afad-4b26-be65-c3aa23941f37',653,,10904,47,,,0,70,,10903,47,,,0,35,,10896,47,,,0,75,,10894,47,,,0,70,,10899,47,,,0,30,,10884,47,,,0,70,,10889,47,,,0,30,,10895,47,,,0,70,,10908,47,,,0,30,,10905,47,,,0,70,,10906,47,,,0,40,,10891,47,,,0,75,,10907,47,,,0,35,,10892,47,,,0,75,,10910,47,,,0,75,,10900,47,,,0,35,,10902,47,,,0,75,,10898,47,,,0,40,,10893,47,,,0,80,,10888,47,,,0,80,,10890,47,,,0,30,,10885,47,,,0,70,,10886,47,,,0,30,,10897,47,,,0,70,,10901,47,,,0,30,,10887,47,,,0,70,,10909,55,,,0
1600,'9577949b-c1b9-4893-a4cc-d601db41a1fc',653,,10929,47,,,0,70,,10913,47,,,0,35,,10925,47,,,0,75,,10937,47,,,0,70,,10922,47,,,0,30,,10930,47,,,0,70,,10933,47,,,0,30,,10912,47,,,0,70,,10931,47,,,0,30,,10914,47,,,0,70,,10932,47,,,0,40,,10921,47,,,0,75,,10927,47,,,0,35,,10915,47,,,0,75,,10916,47,,,0,75,,10917,47,,,0,35,,10935,47,,,0,75,,10936,47,,,0,40,,10926,47,,,0,80,,10934,47,,,0,80,,10923,47,,,0,30,,10918,47,,,0,70,,10924,47,,,0,30,,10911,47,,,0,70,,10928,47,,,0,30,,10919,47,,,0,70,,10920,55,,,0
1600,'991a1488-6339-4798-a1ff-4cc199131854',653,,10959,47,,,0,70,,10957,47,,,0,35,,10941,47,,,0,75,,10951,47,,,0,70,,10945,47,,,0,30,,10948,47,,,0,70,,10952,47,,,0,30,,10943,47,,,0,70,,10950,47,,,0,30,,10955,47,,,0,70,,10944,47,,,0,40,,10963,47,,,0,75,,10960,47,,,0,35,,10954,47,,,0,75,,10947,47,,,0,75,,10939,47,,,0,35,,10946,47,,,0,75,,10949,47,,,0,40,,10956,47,,,0,80,,10953,47,,,0,80,,10962,47,,,0,30,,10942,47,,,0,70,,10961,47,,,0,30,,10964,47,,,0,70,,10958,47,,,0,30,,10938,47,,,0,70,,10940,55,,,0
1600,'bec99aa0-a127-4e27-ae17-e4c7db42f9ba',1028,,10969,47,,,0,75,,10977,47,,,0,35,,10972,47,,,0,75,,10967,47,,,0,35,,10966,47,,,0,75,,10975,47,,,0,35,,10973,47,,,0,75,,10971,47,,,0,75,,10974,47,,,0,35,,10968,47,,,0,75,,10965,47,,,0,35,,10970,47,,,0,75,,10976,55,,,0
6600,'294e58fc-bc13-4a33-bb1d-a337996c2e9c',628,,13494,49,,,0,110,,13489,49,,,0,170,,13496,49,,,0,110,,13493,49,,,0,110,,13491,49,,,0,110,,13490,47,0,8,0,115,,13488,49,,,0,150,,13498,49,,,0,110,,13499,49,,,0,110,,13497,49,,,0,110,,13495,47,0,8,0,115,,13492,49,,,0
6600,'8ab1f009-ab59-4a8c-9771-20e344a37dba',637,,13500,49,,,0,100,,13503,49,,,0,800,,13504,49,,,0,100,,13501,49,,,0,100,,13502,49,,,0
6600,'8e972226-8e68-4b6a-9fd3-2e7f449277f5',628,,13506,49,,,0,110,,13507,49,,,0,170,,13505,49,,,0,110,,13510,49,,,0,110,,13508,49,,,0,110,,13514,47,0,8,0,115,,13512,49,,,0,150,,13513,49,,,0,110,,13511,49,,,0,110,,13515,49,,,0,110,,13516,47,0,8,0,115,,13509,49,,,0
6600,'9493548d-afad-4b26-be65-c3aa23941f37',628,,13525,49,,,0,110,,13519,49,,,0,170,,13527,49,,,0,110,,13518,49,,,0,110,,13524,49,,,0,110,,13517,47,0,8,0,115,,13523,49,,,0,150,,13521,49,,,0,110,,13528,49,,,0,110,,13522,49,,,0,110,,13526,47,0,8,0,115,,13520,49,,,0
6600,'9577949b-c1b9-4893-a4cc-d601db41a1fc',628,,13529,49,,,0,110,,13539,49,,,0,170,,13536,49,,,0,110,,13537,49,,,0,110,,13538,49,,,0,110,,13533,47,0,8,0,115,,13531,49,,,0,150,,13534,49,,,0,110,,13540,49,,,0,110,,13530,49,,,0,110,,13535,47,0,8,0,115,,13532,49,,,0
6600,'991a1488-6339-4798-a1ff-4cc199131854',628,,13541,49,,,0,110,,13551,49,,,0,170,,13543,49,,,0,110,,13550,49,,,0,110,,13549,49,,,0,110,,13548,47,0,8,0,115,,13542,49,,,0,150,,13547,49,,,0,110,,13546,49,,,0,110,,13545,49,,,0,110,,13544,47,0,8,0,115,,13552,49,,,0
6600,'bec99aa0-a127-4e27-ae17-e4c7db42f9ba',1037,,13554,49,,,0,200,,13556,49,,,0,200,,13553,49,,,0,200,,13555,49,,,0
