6100,'3b7f0ccc-4b86-44f9-804c-3016d4439aa6',558,,8756,123,,,0,75,,8769,123,,,0,75,,8761,123,,,0,16,,8764,123,,,0,21,,8776,123,,,0,62,,8782,123,,,0,20,,8747,123,,,0,20,,8768,123,,,0,60,,8774,123,,,0,18,,8765,123,,,0,22,,8749,123,,,0,80,,8778,123,,,0,80,,8762,123,,,0,40,,8754,123,,,0,80,,8777,123,,,0,80,,8741,123,,,0,20,,8763,123,,,0,25,,8757,123,,,0,60,,8745,123,,,0,23,,8743,123,,,0,20,,8760,123,,,0,65,,8780,123,,,0,21,,8779,123,,,0,65,,8772,123,,,0,20,,8748,123,,,0,25,,8773,123,,,0,60,,8781,123,,,0,24,,8767,123,,,0,20,,8759,123,,,0,63,,8752,123,,,0,20,,8758,123,,,0,20,,8771,123,,,0,60,,8753,123,,,0,16,,8744,123,,,0,20,,8775,123,,,0,55,,8750,123,,,0,35,,8742,123,,,0,78,,8751,123,,,0,32,,8770,123,,,0,75,,8766,123,,,0,75,,8746,123,,,0,31,,8755,123,,,0
6100,'545fdaed-298a-4873-ae9e-185363247123',955,,8788,123,,,0,81,,8791,123,,,0,80,,8786,123,,,0,40,,8793,123,,,0,80,,8795,123,,,0,80,,8785,123,,,0,40,,8794,123,,,0,80,,8790,123,,,0,80,,8789,123,,,0,40,,8792,123,,,0,80,,8784,123,,,0,80,,8783,123,,,0,38,,8787,126,,,0
6100,'72a07536-7ac5-462d-91fd-4adacd8d70a1',558,,8816,123,,,0,75,,8833,123,,,0,75,,8836,123,,,0,16,,8807,123,,,0,21,,8797,123,,,0,62,,8824,123,,,0,20,,8808,123,,,0,20,,8801,123,,,0,60,,8828,123,,,0,18,,8812,123,,,0,22,,8815,123,,,0,80,,8820,123,,,0,80,,8817,123,,,0,40,,8811,123,,,0,80,,8823,123,,,0,80,,8803,123,,,0,20,,8810,123,,,0,25,,8825,123,,,0,60,,8806,123,,,0,23,,8796,123,,,0,20,,8809,123,,,0,65,,8814,123,,,0,21,,8829,123,,,0,65,,8834,123,,,0,20,,8822,123,,,0,25,,8800,123,,,0,60,,8835,123,,,0,24,,8819,123,,,0,20,,8805,123,,,0,63,,8830,123,,,0,20,,8827,123,,,0,20,,8813,123,,,0,60,,8804,123,,,0,16,,8826,123,,,0,20,,8818,123,,,0,55,,8831,123,,,0,35,,8802,123,,,0,78,,8798,123,,,0,32,,8832,123,,,0,75,,8837,123,,,0,75,,8821,123,,,0,31,,8799,123,,,0
6100,'b5be936f-506a-42fd-8fe9-aa394bb7d40c',558,,8878,123,,,0,75,,8851,123,,,0,75,,8855,123,,,0,16,,8846,123,,,0,21,,8859,123,,,0,62,,8840,123,,,0,20,,8866,123,,,0,20,,8875,123,,,0,60,,8843,123,,,0,18,,8870,123,,,0,22,,8864,123,,,0,80,,8863,123,,,0,80,,8850,123,,,0,40,,8865,123,,,0,80,,8852,123,,,0,80,,8838,123,,,0,20,,8841,123,,,0,25,,8872,123,,,0,60,,8871,123,,,0,23,,8849,123,,,0,20,,8839,123,,,0,65,,8856,123,,,0,21,,8857,123,,,0,65,,8868,123,,,0,20,,8861,123,,,0,25,,8854,123,,,0,60,,8847,123,,,0,24,,8874,123,,,0,20,,8869,123,,,0,63,,8877,123,,,0,20,,8858,123,,,0,20,,8876,123,,,0,60,,8842,123,,,0,16,,8873,123,,,0,20,,8867,123,,,0,55,,8879,123,,,0,35,,8848,123,,,0,78,,8845,123,,,0,32,,8844,123,,,0,75,,8862,123,,,0,75,,8860,123,,,0,31,,8853,123,,,0
6100,'c0258e04-8c49-4a98-8bc9-d3680145007e',558,,8912,123,,,0,75,,8921,123,,,0,75,,8883,123,,,0,16,,8897,123,,,0,21,,8889,123,,,0,62,,8916,123,,,0,20,,8899,123,,,0,20,,8911,123,,,0,60,,8880,123,,,0,18,,8913,123,,,0,22,,8885,123,,,0,80,,8891,123,,,0,80,,8902,123,,,0,40,,8896,123,,,0,80,,8888,123,,,0,80,,8892,123,,,0,20,,8920,123,,,0,25,,8895,123,,,0,60,,8893,123,,,0,23,,8881,123,,,0,20,,8917,123,,,0,65,,8894,123,,,0,21,,8903,123,,,0,65,,8900,123,,,0,20,,8906,123,,,0,25,,8918,123,,,0,60,,8898,123,,,0,24,,8886,123,,,0,20,,8904,123,,,0,63,,8909,123,,,0,20,,8919,123,,,0,20,,8884,123,,,0,60,,8882,123,,,0,16,,8907,123,,,0,20,,8908,123,,,0,55,,8915,123,,,0,35,,8914,123,,,0,78,,8901,123,,,0,32,,8910,123,,,0,75,,8905,123,,,0,75,,8890,123,,,0,31,,8887,123,,,0
6100,'db4ab86b-f5f5-4d9a-8c75-2988ac0b1af4',634,,8934,123,,,0,92,,8936,123,,,0,80,,8923,123,,,0,40,,8945,123,,,0,80,,8926,123,,,0,80,,8930,123,,,0,40,,8928,123,,,0,83,,8932,123,,,0,85,,8929,123,,,0,45,,8925,123,,,0,85,,8924,123,,,0,85,,8927,123,,,0,85,,8937,123,,,0,45,,8943,123,,,0,85,,8944,123,,,0,85,,8940,123,,,0,85,,8933,123,,,0,40,,8941,123,,,0,75,,8942,123,,,0,75,,8935,123,,,0,35,,8931,123,,,0,75,,8939,123,,,0,35,,8938,123,,,0,72,,8922,126,,,0
6100,'fbc81037-9cf3-4a4d-b4aa-43897a8ca294',558,,8948,123,,,0,75,,8971,123,,,0,75,,8982,123,,,0,16,,8965,123,,,0,21,,8958,123,,,0,62,,8964,123,,,0,20,,8980,123,,,0,20,,8970,123,,,0,60,,8959,123,,,0,18,,8954,123,,,0,22,,8977,123,,,0,80,,8955,123,,,0,80,,8981,123,,,0,40,,8946,123,,,0,80,,8974,123,,,0,80,,8957,123,,,0,20,,8967,123,,,0,25,,8949,123,,,0,60,,8975,123,,,0,23,,8978,123,,,0,20,,8950,123,,,0,65,,8983,123,,,0,21,,8984,123,,,0,65,,8986,123,,,0,20,,8962,123,,,0,25,,8985,123,,,0,60,,8972,123,,,0,24,,8953,123,,,0,20,,8960,123,,,0,63,,8947,123,,,0,20,,8969,123,,,0,20,,8979,123,,,0,60,,8952,123,,,0,16,,8963,123,,,0,20,,8987,123,,,0,55,,8956,123,,,0,35,,8968,123,,,0,78,,8961,123,,,0,32,,8973,123,,,0,75,,8966,123,,,0,75,,8976,123,,,0,31,,8951,123,,,0
6600,'3b7f0ccc-4b86-44f9-804c-3016d4439aa6',716,,9778,222,,,0,110,,9776,222,,,0,130,,9770,222,,,0,149,,9777,222,,,0,111,,9771,222,,,0,115,,9780,277,0,8,0,110,,9781,222,,,0,110,,9774,222,,,0,150,,9775,222,,,0,110,,9779,222,,,0,115,,9773,277,0,8,0,104,,9772,222,,,0
6600,'545fdaed-298a-4873-ae9e-185363247123',1116,,9785,222,,,0,200,,9782,222,,,0,200,,9784,222,,,0,200,,9783,222,,,0
6600,'72a07536-7ac5-462d-91fd-4adacd8d70a1',716,,9795,222,,,0,110,,9786,222,,,0,130,,9790,222,,,0,149,,9792,222,,,0,111,,9787,222,,,0,115,,9796,277,0,8,0,110,,9797,222,,,0,110,,9791,222,,,0,150,,9789,222,,,0,110,,9794,222,,,0,115,,9788,277,0,8,0,104,,9793,222,,,0
6600,'b5be936f-506a-42fd-8fe9-aa394bb7d40c',716,,9803,222,,,0,110,,9799,222,,,0,130,,9805,222,,,0,149,,9804,222,,,0,111,,9809,222,,,0,115,,9800,277,0,8,0,110,,9801,222,,,0,110,,9802,222,,,0,150,,9807,222,,,0,110,,9798,222,,,0,115,,9806,277,0,8,0,104,,9808,222,,,0
6600,'c0258e04-8c49-4a98-8bc9-d3680145007e',716,,9814,222,,,0,110,,9813,222,,,0,130,,9818,222,,,0,149,,9810,222,,,0,111,,9821,222,,,0,115,,9820,277,0,8,0,110,,9816,222,,,0,110,,9811,222,,,0,150,,9815,222,,,0,110,,9817,222,,,0,115,,9812,277,0,8,0,104,,9819,222,,,0
6600,'db4ab86b-f5f5-4d9a-8c75-2988ac0b1af4',716,,9822,222,,,0,100,,9825,222,,,0,800,,9826,222,,,0,100,,9824,222,,,0,100,,9823,222,,,0
6600,'fbc81037-9cf3-4a4d-b4aa-43897a8ca294',716,,9835,222,,,0,110,,9832,222,,,0,130,,9834,222,,,0,149,,9830,222,,,0,111,,9838,222,,,0,115,,9828,277,0,8,0,110,,9829,222,,,0,110,,9836,222,,,0,150,,9827,222,,,0,110,,9831,222,,,0,115,,9833,277,0,8,0,104,,9837,222,,,0
