6100,'3b7f0ccc-4b86-44f9-804c-3016d4439aa6',554,,8756,116,,,0,75,,8769,116,,,0,75,,8761,116,,,0,16,,8764,116,,,0,21,,8776,116,,,0,62,,8782,116,,,0,20,,8747,116,,,0,20,,8768,116,,,0,60,,8774,116,,,0,18,,8765,116,,,0,21,,8749,116,,,0,80,,8778,116,,,0,80,,8762,116,,,0,40,,8754,116,,,0,80,,8777,116,,,0,80,,8741,116,,,0,20,,8763,116,,,0,25,,8757,116,,,0,60,,8745,116,,,0,23,,8743,116,,,0,20,,8760,116,,,0,65,,8780,116,,,0,21,,8779,116,,,0,65,,8772,116,,,0,20,,8748,116,,,0,25,,8773,116,,,0,60,,8781,116,,,0,24,,8767,116,,,0,20,,8759,116,,,0,64,,8752,116,,,0,20,,8758,116,,,0,20,,8771,116,,,0,60,,8753,116,,,0,16,,8744,116,,,0,20,,8775,116,,,0,55,,8750,116,,,0,35,,8742,116,,,0,79,,8751,116,,,0,31,,8770,116,,,0,75,,8766,116,,,0,75,,8746,116,,,0,32,,8755,116,,,0
6100,'545fdaed-298a-4873-ae9e-185363247123',949,,8788,116,,,0,83,,8791,116,,,0,80,,8786,116,,,0,40,,8793,116,,,0,80,,8795,116,,,0,80,,8785,116,,,0,40,,8794,116,,,0,80,,8790,116,,,0,80,,8789,116,,,0,40,,8792,116,,,0,80,,8784,116,,,0,80,,8783,116,,,0,38,,8787,120,,,0
6100,'72a07536-7ac5-462d-91fd-4adacd8d70a1',554,,8816,116,,,0,75,,8833,116,,,0,75,,8836,116,,,0,16,,8807,116,,,0,21,,8797,116,,,0,62,,8824,116,,,0,20,,8808,116,,,0,20,,8801,116,,,0,60,,8828,116,,,0,18,,8812,116,,,0,21,,8815,116,,,0,80,,8820,116,,,0,80,,8817,116,,,0,40,,8811,116,,,0,80,,8823,116,,,0,80,,8803,116,,,0,20,,8810,116,,,0,25,,8825,116,,,0,60,,8806,116,,,0,23,,8796,116,,,0,20,,8809,116,,,0,65,,8814,116,,,0,21,,8829,116,,,0,65,,8834,116,,,0,20,,8822,116,,,0,25,,8800,116,,,0,60,,8835,116,,,0,24,,8819,116,,,0,20,,8805,116,,,0,64,,8830,116,,,0,20,,8827,116,,,0,20,,8813,116,,,0,60,,8804,116,,,0,16,,8826,116,,,0,20,,8818,116,,,0,55,,8831,116,,,0,35,,8802,116,,,0,79,,8798,116,,,0,31,,8832,116,,,0,75,,8837,116,,,0,75,,8821,116,,,0,32,,8799,116,,,0
6100,'b5be936f-506a-42fd-8fe9-aa394bb7d40c',554,,8878,116,,,0,75,,8851,116,,,0,75,,8855,116,,,0,16,,8846,116,,,0,21,,8859,116,,,0,62,,8840,116,,,0,20,,8866,116,,,0,20,,8875,116,,,0,60,,8843,116,,,0,18,,8870,116,,,0,21,,8864,116,,,0,80,,8863,116,,,0,80,,8850,116,,,0,40,,8865,116,,,0,80,,8852,116,,,0,80,,8838,116,,,0,20,,8841,116,,,0,25,,8872,116,,,0,60,,8871,116,,,0,23,,8849,116,,,0,20,,8839,116,,,0,65,,8856,116,,,0,21,,8857,116,,,0,65,,8868,116,,,0,20,,8861,116,,,0,25,,8854,116,,,0,60,,8847,116,,,0,24,,8874,116,,,0,20,,8869,116,,,0,64,,8877,116,,,0,20,,8858,116,,,0,20,,8876,116,,,0,60,,8842,116,,,0,16,,8873,116,,,0,20,,8867,116,,,0,55,,8879,116,,,0,35,,8848,116,,,0,79,,8845,116,,,0,31,,8844,116,,,0,75,,8862,116,,,0,75,,8860,116,,,0,32,,8853,116,,,0
6100,'c0258e04-8c49-4a98-8bc9-d3680145007e',554,,8912,116,,,0,75,,8921,116,,,0,75,,8883,116,,,0,16,,8897,116,,,0,21,,8889,116,,,0,62,,8916,116,,,0,20,,8899,116,,,0,20,,8911,116,,,0,60,,8880,116,,,0,18,,8913,116,,,0,21,,8885,116,,,0,80,,8891,116,,,0,80,,8902,116,,,0,40,,8896,116,,,0,80,,8888,116,,,0,80,,8892,116,,,0,20,,8920,116,,,0,25,,8895,116,,,0,60,,8893,116,,,0,23,,8881,116,,,0,20,,8917,116,,,0,65,,8894,116,,,0,21,,8903,116,,,0,65,,8900,116,,,0,20,,8906,116,,,0,25,,8918,116,,,0,60,,8898,116,,,0,24,,8886,116,,,0,20,,8904,116,,,0,64,,8909,116,,,0,20,,8919,116,,,0,20,,8884,116,,,0,60,,8882,116,,,0,16,,8907,116,,,0,20,,8908,116,,,0,55,,8915,116,,,0,35,,8914,116,,,0,79,,8901,116,,,0,31,,8910,116,,,0,75,,8905,116,,,0,75,,8890,116,,,0,32,,8887,116,,,0
6100,'db4ab86b-f5f5-4d9a-8c75-2988ac0b1af4',630,,8934,116,,,0,92,,8936,116,,,0,80,,8923,116,,,0,40,,8945,116,,,0,80,,8926,116,,,0,80,,8930,116,,,0,40,,8928,116,,,0,81,,8932,116,,,0,85,,8929,116,,,0,45,,8925,116,,,0,85,,8924,116,,,0,85,,8927,116,,,0,85,,8937,116,,,0,45,,8943,116,,,0,85,,8944,116,,,0,85,,8940,116,,,0,85,,8933,116,,,0,42,,8941,116,,,0,75,,8942,116,,,0,75,,8935,116,,,0,35,,8931,116,,,0,75,,8939,116,,,0,35,,8938,116,,,0,74,,8922,120,,,0
6100,'fbc81037-9cf3-4a4d-b4aa-43897a8ca294',554,,8948,116,,,0,75,,8971,116,,,0,75,,8982,116,,,0,16,,8965,116,,,0,21,,8958,116,,,0,62,,8964,116,,,0,20,,8980,116,,,0,20,,8970,116,,,0,60,,8959,116,,,0,18,,8954,116,,,0,21,,8977,116,,,0,80,,8955,116,,,0,80,,8981,116,,,0,40,,8946,116,,,0,80,,8974,116,,,0,80,,8957,116,,,0,20,,8967,116,,,0,25,,8949,116,,,0,60,,8975,116,,,0,23,,8978,116,,,0,20,,8950,116,,,0,65,,8983,116,,,0,21,,8984,116,,,0,65,,8986,116,,,0,20,,8962,116,,,0,25,,8985,116,,,0,60,,8972,116,,,0,24,,8953,116,,,0,20,,8960,116,,,0,64,,8947,116,,,0,20,,8969,116,,,0,20,,8979,116,,,0,60,,8952,116,,,0,16,,8963,116,,,0,20,,8987,116,,,0,55,,8956,116,,,0,35,,8968,116,,,0,79,,8961,116,,,0,31,,8973,116,,,0,75,,8966,116,,,0,75,,8976,116,,,0,32,,8951,116,,,0
6600,'3b7f0ccc-4b86-44f9-804c-3016d4439aa6',714,,9778,214,,,0,110,,9776,214,,,0,130,,9770,214,,,0,148,,9777,214,,,0,112,,9771,214,,,0,114,,9780,271,0,8,0,111,,9781,214,,,0,110,,9774,214,,,0,110,,9775,214,,,0,150,,9779,214,,,0,114,,9773,271,0,8,0,105,,9772,214,,,0
6600,'545fdaed-298a-4873-ae9e-185363247123',1114,,9785,214,,,0,200,,9782,214,,,0,200,,9784,214,,,0,200,,9783,214,,,0
6600,'72a07536-7ac5-462d-91fd-4adacd8d70a1',714,,9795,214,,,0,110,,9786,214,,,0,130,,9790,214,,,0,148,,9792,214,,,0,112,,9787,214,,,0,114,,9796,271,0,8,0,111,,9797,214,,,0,110,,9791,214,,,0,110,,9789,214,,,0,150,,9794,214,,,0,114,,9788,271,0,8,0,105,,9793,214,,,0
6600,'b5be936f-506a-42fd-8fe9-aa394bb7d40c',714,,9803,214,,,0,110,,9799,214,,,0,130,,9805,214,,,0,148,,9804,214,,,0,112,,9809,214,,,0,114,,9800,271,0,8,0,111,,9801,214,,,0,110,,9802,214,,,0,110,,9807,214,,,0,150,,9798,214,,,0,114,,9806,271,0,8,0,105,,9808,214,,,0
6600,'c0258e04-8c49-4a98-8bc9-d3680145007e',714,,9814,214,,,0,110,,9813,214,,,0,130,,9818,214,,,0,148,,9810,214,,,0,112,,9821,214,,,0,114,,9820,271,0,8,0,111,,9816,214,,,0,110,,9811,214,,,0,110,,9815,214,,,0,150,,9817,214,,,0,114,,9812,271,0,8,0,105,,9819,214,,,0
6600,'db4ab86b-f5f5-4d9a-8c75-2988ac0b1af4',714,,9822,214,,,0,100,,9825,214,,,0,800,,9826,214,,,0,100,,9824,214,,,0,100,,9823,214,,,0
6600,'fbc81037-9cf3-4a4d-b4aa-43897a8ca294',714,,9835,214,,,0,110,,9832,214,,,0,130,,9834,214,,,0,148,,9830,214,,,0,112,,9838,214,,,0,114,,9828,271,0,8,0,111,,9829,214,,,0,110,,9836,214,,,0,110,,9827,214,,,0,150,,9831,214,,,0,114,,9833,271,0,8,0,105,,9837,214,,,0
