8100,'294e58fc-bc13-4a33-bb1d-a337996c2e9c',2139,,13736,62,,,0
8100,'8ab1f009-ab59-4a8c-9771-20e344a37dba',2139,,13748,62,,,0
8100,'8e972226-8e68-4b6a-9fd3-2e7f449277f5',2139,,13751,62,,,0
8100,'9493548d-afad-4b26-be65-c3aa23941f37',2139,,13752,62,,,0
8100,'9577949b-c1b9-4893-a4cc-d601db41a1fc',2139,,13753,62,,,0
8100,'991a1488-6339-4798-a1ff-4cc199131854',2139,,13754,62,,,0
8100,'bec99aa0-a127-4e27-ae17-e4c7db42f9ba',1819,,13757,283,,,0
8100,'c38342c9-8898-48ff-bb56-4ee52481c507',1024,,13763,62,,,0,100,,13762,62,,,0,100,,13769,62,,,0,100,,13764,62,,,0,100,,13770,62,,,0,100,,13767,62,,,0,100,,13766,62,,,0,100,,13765,62,,,0,100,,13768,62,,,0
8200,'8ab1f009-ab59-4a8c-9771-20e344a37dba',953,,13771,214,,,0,400,,13772,214,,,0
8200,'bec99aa0-a127-4e27-ae17-e4c7db42f9ba',1253,,13773,214,,,0
8500,'294e58fc-bc13-4a33-bb1d-a337996c2e9c',725,,13774,105,,,0,100,,13789,105,,,0,100,,13787,105,,,0,100,,13775,105,,,0,100,,13776,105,,,0,100,,13778,105,,,0,100,,13780,105,,,0,100,,13788,105,,,0,100,,13782,105,,,0,100,,13785,105,,,0,100,,13784,105,,,0,100,,13779,105,,,0,100,,13777,105,,,0,100,,13781,105,,,0,100,,13786,105,,,0
8500,'8e972226-8e68-4b6a-9fd3-2e7f449277f5',725,,13796,105,,,0,100,,13801,105,,,0,100,,13804,105,,,0,100,,13792,105,,,0,100,,13791,105,,,0,100,,13794,105,,,0,100,,13800,105,,,0,100,,13798,105,,,0,100,,13790,105,,,0,100,,13793,105,,,0,100,,13805,105,,,0,100,,13795,105,,,0,100,,13797,105,,,0,100,,13803,105,,,0,100,,13799,105,,,0
8500,'9493548d-afad-4b26-be65-c3aa23941f37',725,,13812,105,,,0,100,,13809,105,,,0,100,,13816,105,,,0,100,,13807,105,,,0,100,,13810,105,,,0,100,,13815,105,,,0,100,,13811,105,,,0,100,,13814,105,,,0,100,,13813,105,,,0,100,,13821,105,,,0,100,,13806,105,,,0,100,,13817,105,,,0,100,,13820,105,,,0,100,,13808,105,,,0,100,,13819,105,,,0
8500,'9577949b-c1b9-4893-a4cc-d601db41a1fc',725,,13826,105,,,0,100,,13836,105,,,0,100,,13830,105,,,0,100,,13832,105,,,0,100,,13833,105,,,0,100,,13834,105,,,0,100,,13837,105,,,0,100,,13824,105,,,0,100,,13827,105,,,0,100,,13825,105,,,0,100,,13823,105,,,0,100,,13831,105,,,0,100,,13828,105,,,0,100,,13822,105,,,0,100,,13829,105,,,0
8500,'991a1488-6339-4798-a1ff-4cc199131854',725,,13839,105,,,0,100,,13838,105,,,0,100,,13843,105,,,0,100,,13844,105,,,0,100,,13849,105,,,0,100,,13846,105,,,0,100,,13845,105,,,0,100,,13847,105,,,0,100,,13848,105,,,0,100,,13841,105,,,0,100,,13853,105,,,0,100,,13851,105,,,0,100,,13840,105,,,0,100,,13842,105,,,0,100,,13850,105,,,0
