8100,'3b7f0ccc-4b86-44f9-804c-3016d4439aa6',2152,,10018,165,,,0
8100,'545fdaed-298a-4873-ae9e-185363247123',1101,,10024,192,,,0,100,,10022,192,,,0,200,,10023,192,,,0,100,,10020,192,,,0,100,,10021,192,,,0,100,,10025,192,,,0,100,,10019,180,,,0
8100,'72a07536-7ac5-462d-91fd-4adacd8d70a1',2152,,10026,165,,,0
8100,'b5be936f-506a-42fd-8fe9-aa394bb7d40c',2152,,10027,165,,,0
8100,'c0258e04-8c49-4a98-8bc9-d3680145007e',2152,,10028,165,,,0
8100,'db4ab86b-f5f5-4d9a-8c75-2988ac0b1af4',701,,10038,192,,,0,100,,10041,192,,,0,100,,10031,192,,,0,200,,10033,192,,,0,100,,10029,192,,,0,100,,10034,192,,,0,200,,10037,192,,,0,100,,10032,192,,,0,100,,10039,192,,,0,100,,10035,192,,,0,100,,10042,192,,,0,100,,10040,192,,,0,100,,10036,192,,,0,51,,10030,165,,,0
8100,'fbc81037-9cf3-4a4d-b4aa-43897a8ca294',2152,,10043,165,,,0
8500,'3b7f0ccc-4b86-44f9-804c-3016d4439aa6',655,,10047,108,,,0,100,,10049,215,,,0,100,,10048,215,,,0,100,,10056,215,,,0,100,,10053,215,,,0,100,,10055,215,,,0,100,,10062,215,,,0,100,,10054,215,,,0,100,,10051,215,,,0,100,,10050,215,,,0,100,,10052,215,,,0,100,,10059,215,,,0,100,,10060,215,,,0,100,,10061,215,,,0,100,,10058,215,,,0,100,,10057,215,,,0
8500,'72a07536-7ac5-462d-91fd-4adacd8d70a1',655,,10076,108,,,0,100,,10073,215,,,0,100,,10063,215,,,0,100,,10066,215,,,0,100,,10072,215,,,0,100,,10077,215,,,0,100,,10071,215,,,0,100,,10070,215,,,0,100,,10064,215,,,0,100,,10068,215,,,0,100,,10069,215,,,0,100,,10078,215,,,0,100,,10075,215,,,0,100,,10074,215,,,0,100,,10067,215,,,0,100,,10065,215,,,0
8500,'b5be936f-506a-42fd-8fe9-aa394bb7d40c',655,,10090,108,,,0,100,,10080,215,,,0,100,,10094,215,,,0,100,,10093,215,,,0,100,,10091,215,,,0,100,,10079,215,,,0,100,,10085,215,,,0,100,,10083,215,,,0,100,,10089,215,,,0,100,,10088,215,,,0,100,,10082,215,,,0,100,,10081,215,,,0,100,,10092,215,,,0,100,,10087,215,,,0,100,,10084,215,,,0,100,,10086,215,,,0
8500,'c0258e04-8c49-4a98-8bc9-d3680145007e',655,,10099,108,,,0,100,,10107,215,,,0,100,,10110,215,,,0,100,,10101,215,,,0,100,,10108,215,,,0,100,,10095,215,,,0,100,,10098,215,,,0,100,,10104,215,,,0,100,,10106,215,,,0,100,,10102,215,,,0,100,,10105,215,,,0,100,,10100,215,,,0,100,,10103,215,,,0,100,,10096,215,,,0,100,,10109,215,,,0,100,,10097,215,,,0
8500,'fbc81037-9cf3-4a4d-b4aa-43897a8ca294',655,,10113,108,,,0,100,,10119,215,,,0,100,,10124,215,,,0,100,,10111,215,,,0,100,,10123,215,,,0,100,,10112,215,,,0,100,,10115,215,,,0,100,,10117,215,,,0,100,,10125,215,,,0,100,,10118,215,,,0,100,,10114,215,,,0,100,,10121,215,,,0,100,,10116,215,,,0,100,,10122,215,,,0,100,,10126,215,,,0,100,,10120,215,,,0
