9300,'294e58fc-bc13-4a33-bb1d-a337996c2e9c',647,,14000,74,,,0,70,,14007,74,,,0,38,,13984,74,,,0,75,,13992,74,,,0,75,,13986,74,,,0,35,,14002,74,,,0,75,,13993,74,,,0,35,,13996,74,,,0,75,,13994,74,,,0,75,,13991,74,,,0,35,,13990,74,,,0,75,,14006,74,,,0,35,,14003,74,,,0,75,,14005,74,,,0,35,,14009,74,,,0,75,,13987,74,,,0,75,,13989,74,,,0,50,,14010,74,,,0,80,,13998,74,,,0,80,,13995,74,,,0,36,,13985,74,,,0,70,,13997,74,,,0,30,,14004,74,,,0,70,,14001,74,,,0,30,,13999,74,,,0,70,,13988,74,,,0,30,,14008,74,,,0
9300,'8ab1f009-ab59-4a8c-9771-20e344a37dba',647,,14014,74,,,0,70,,14019,74,,,0,30,,14025,74,,,0,70,,14022,74,,,0,30,,14038,74,,,0,70,,14033,74,,,0,30,,14026,74,,,0,70,,14012,74,,,0,30,,14034,74,,,0,75,,14028,74,,,0,35,,14023,74,,,0,75,,14018,74,,,0,75,,14017,74,,,0,35,,14015,74,,,0,75,,14016,74,,,0,35,,14020,74,,,0,75,,14039,74,,,0,75,,14029,74,,,0,35,,14035,74,,,0,75,,14031,74,,,0,35,,14021,74,,,0,70,,14024,74,,,0,30,,14032,74,,,0,70,,14036,74,,,0,30,,14037,74,,,0,70,,14011,74,,,0,30,,14013,74,,,0,70,,14030,74,,,0,30,,14027,74,,,0
9300,'8e972226-8e68-4b6a-9fd3-2e7f449277f5',647,,14042,74,,,0,70,,14058,74,,,0,38,,14050,74,,,0,75,,14047,74,,,0,75,,14041,74,,,0,35,,14051,74,,,0,75,,14062,74,,,0,35,,14052,74,,,0,75,,14048,74,,,0,75,,14065,74,,,0,35,,14053,74,,,0,75,,14061,74,,,0,35,,14063,74,,,0,75,,14066,74,,,0,35,,14059,74,,,0,75,,14057,74,,,0,75,,14056,74,,,0,50,,14045,74,,,0,80,,14046,74,,,0,80,,14060,74,,,0,36,,14049,74,,,0,70,,14040,74,,,0,30,,14055,74,,,0,70,,14044,74,,,0,30,,14064,74,,,0,70,,14043,74,,,0,30,,14054,74,,,0
9300,'9493548d-afad-4b26-be65-c3aa23941f37',647,,14078,74,,,0,70,,14092,74,,,0,38,,14087,74,,,0,75,,14079,74,,,0,75,,14074,74,,,0,35,,14084,74,,,0,75,,14089,74,,,0,35,,14081,74,,,0,75,,14082,74,,,0,75,,14075,74,,,0,35,,14091,74,,,0,75,,14072,74,,,0,35,,14070,74,,,0,75,,14083,74,,,0,35,,14068,74,,,0,75,,14076,74,,,0,75,,14080,74,,,0,50,,14093,74,,,0,80,,14088,74,,,0,80,,14086,74,,,0,36,,14067,74,,,0,70,,14077,74,,,0,30,,14069,74,,,0,70,,14071,74,,,0,30,,14090,74,,,0,70,,14085,74,,,0,30,,14073,74,,,0
9300,'9577949b-c1b9-4893-a4cc-d601db41a1fc',647,,14118,74,,,0,70,,14111,74,,,0,38,,14102,74,,,0,75,,14094,74,,,0,75,,14117,74,,,0,35,,14107,74,,,0,75,,14105,74,,,0,35,,14108,74,,,0,75,,14101,74,,,0,75,,14099,74,,,0,35,,14115,74,,,0,75,,14104,74,,,0,35,,14112,74,,,0,75,,14113,74,,,0,35,,14100,74,,,0,75,,14116,74,,,0,75,,14114,74,,,0,50,,14109,74,,,0,80,,14096,74,,,0,80,,14097,74,,,0,36,,14110,74,,,0,70,,14119,74,,,0,30,,14095,74,,,0,70,,14106,74,,,0,30,,14098,74,,,0,70,,14103,74,,,0,30,,14120,74,,,0
9300,'991a1488-6339-4798-a1ff-4cc199131854',647,,14139,74,,,0,70,,14137,74,,,0,38,,14146,74,,,0,75,,14142,74,,,0,75,,14135,74,,,0,35,,14141,74,,,0,75,,14124,74,,,0,35,,14127,74,,,0,75,,14147,74,,,0,75,,14128,74,,,0,35,,14121,74,,,0,75,,14140,74,,,0,35,,14122,74,,,0,75,,14126,74,,,0,35,,14123,74,,,0,75,,14129,74,,,0,75,,14134,74,,,0,50,,14132,74,,,0,80,,14125,74,,,0,80,,14130,74,,,0,36,,14138,74,,,0,70,,14145,74,,,0,30,,14144,74,,,0,70,,14143,74,,,0,30,,14136,74,,,0,70,,14133,74,,,0,30,,14131,74,,,0
9300,'bec99aa0-a127-4e27-ae17-e4c7db42f9ba',947,,14163,74,,,0,70,,14159,74,,,0,30,,14157,74,,,0,70,,14153,74,,,0,30,,14151,74,,,0,70,,14154,74,,,0,35,,14148,74,,,0,75,,14158,74,,,0,75,,14156,74,,,0,35,,14155,74,,,0,75,,14161,74,,,0,35,,14152,74,,,0,75,,14160,74,,,0,35,,14150,74,,,0,75,,14162,74,,,0,75,,14149,74,,,0
9300,'c38342c9-8898-48ff-bb56-4ee52481c507',1017,,14165,74,,,0,85,,14167,74,,,0,50,,14169,74,,,0,85,,14170,74,,,0,90,,14172,74,,,0,85,,14166,74,,,0,90,,14171,74,,,0,45,,14173,74,,,0,90,,14164,74,,,0,85,,14168,74,,,0,90,,14174,74,,,0
9400,'294e58fc-bc13-4a33-bb1d-a337996c2e9c',644,,14194,82,,,0,75,,14205,82,,,0,20,,14195,82,,,0,20,,14199,82,,,0,60,,14204,82,,,0,20,,14184,82,,,0,20,,14187,82,,,0,60,,14193,82,,,0,20,,14175,90,,,0,75,,14203,82,,,0,40,,14198,82,,,0,80,,14183,82,,,0,80,,14185,82,,,0,40,,14177,82,,,0,80,,14206,82,,,0,85,,14189,82,,,0,40,,14202,82,,,0,60,,14188,82,,,0,20,,14186,82,,,0,20,,14201,82,,,0,60,,14197,82,,,0,20,,14176,82,,,0,20,,14192,82,,,0,60,,14179,90,,,0,20,,14181,82,,,0,80,,14178,82,,,0,35,,14182,82,,,0,75,,14196,82,,,0,75,,14180,82,,,0,35,,14191,82,,,0,80,,14190,82,,,0,35,,14200,90,,,0
9400,'8ab1f009-ab59-4a8c-9771-20e344a37dba',649,,14223,82,,,0,75,,14220,82,,,0,35,,14212,82,,,0,75,,14215,82,,,0,75,,14213,82,,,0,35,,14231,82,,,0,75,,14225,82,,,0,35,,14227,82,,,0,75,,14218,82,,,0,80,,14207,82,,,0,40,,14214,82,,,0,80,,14216,82,,,0,90,,14226,82,,,0,40,,14228,82,,,0,80,,14209,82,,,0,80,,14221,82,,,0,40,,14219,82,,,0,80,,14217,82,,,0,80,,14222,82,,,0,35,,14224,82,,,0,75,,14208,82,,,0,75,,14210,82,,,0,35,,14211,82,,,0,80,,14229,82,,,0,35,,14230,90,,,0
9400,'8e972226-8e68-4b6a-9fd3-2e7f449277f5',644,,14260,82,,,0,75,,14239,82,,,0,20,,14257,82,,,0,20,,14245,82,,,0,60,,14236,82,,,0,20,,14250,82,,,0,20,,14240,82,,,0,60,,14249,82,,,0,20,,14254,90,,,0,75,,14251,82,,,0,40,,14244,82,,,0,80,,14248,82,,,0,80,,14246,82,,,0,40,,14262,82,,,0,80,,14259,82,,,0,85,,14256,82,,,0,40,,14233,82,,,0,60,,14234,82,,,0,20,,14242,82,,,0,20,,14243,82,,,0,60,,14235,82,,,0,20,,14253,82,,,0,20,,14263,82,,,0,60,,14252,90,,,0,20,,14261,82,,,0,80,,14247,82,,,0,35,,14237,82,,,0,75,,14241,82,,,0,75,,14255,82,,,0,35,,14238,82,,,0,80,,14258,82,,,0,35,,14232,90,,,0
9400,'9493548d-afad-4b26-be65-c3aa23941f37',644,,14269,82,,,0,75,,14289,82,,,0,20,,14266,82,,,0,20,,14286,82,,,0,60,,14277,82,,,0,20,,14278,82,,,0,20,,14275,82,,,0,60,,14270,82,,,0,20,,14290,90,,,0,75,,14293,82,,,0,40,,14285,82,,,0,80,,14265,82,,,0,80,,14295,82,,,0,40,,14274,82,,,0,80,,14288,82,,,0,85,,14292,82,,,0,40,,14279,82,,,0,60,,14267,82,,,0,20,,14280,82,,,0,20,,14273,82,,,0,60,,14287,82,,,0,20,,14268,82,,,0,20,,14272,82,,,0,60,,14276,90,,,0,20,,14283,82,,,0,80,,14294,82,,,0,35,,14282,82,,,0,75,,14284,82,,,0,75,,14291,82,,,0,35,,14271,82,,,0,80,,14281,82,,,0,35,,14264,90,,,0
9400,'9577949b-c1b9-4893-a4cc-d601db41a1fc',644,,14317,82,,,0,75,,14322,82,,,0,20,,14326,82,,,0,20,,14310,82,,,0,60,,14308,82,,,0,20,,14303,82,,,0,20,,14304,82,,,0,60,,14297,82,,,0,20,,14315,90,,,0,75,,14323,82,,,0,40,,14298,82,,,0,80,,14306,82,,,0,80,,14309,82,,,0,40,,14319,82,,,0,80,,14321,82,,,0,85,,14307,82,,,0,40,,14299,82,,,0,60,,14314,82,,,0,20,,14324,82,,,0,20,,14296,82,,,0,60,,14320,82,,,0,20,,14301,82,,,0,20,,14311,82,,,0,60,,14300,90,,,0,20,,14327,82,,,0,80,,14325,82,,,0,35,,14302,82,,,0,75,,14316,82,,,0,75,,14318,82,,,0,35,,14312,82,,,0,80,,14305,82,,,0,35,,14313,90,,,0
9400,'991a1488-6339-4798-a1ff-4cc199131854',644,,14329,82,,,0,75,,14335,82,,,0,20,,14331,82,,,0,20,,14337,82,,,0,60,,14358,82,,,0,20,,14347,82,,,0,20,,14334,82,,,0,60,,14348,82,,,0,20,,14345,90,,,0,75,,14333,82,,,0,40,,14343,82,,,0,80,,14355,82,,,0,80,,14332,82,,,0,40,,14339,82,,,0,80,,14359,82,,,0,85,,14349,82,,,0,40,,14354,82,,,0,60,,14342,82,,,0,20,,14340,82,,,0,20,,14330,82,,,0,60,,14357,82,,,0,20,,14350,82,,,0,20,,14351,82,,,0,60,,14346,90,,,0,20,,14344,82,,,0,80,,14353,82,,,0,35,,14328,82,,,0,75,,14341,82,,,0,75,,14356,82,,,0,35,,14336,82,,,0,80,,14338,82,,,0,35,,14352,90,,,0
9400,'bec99aa0-a127-4e27-ae17-e4c7db42f9ba',949,,14365,82,,,0,75,,14363,82,,,0,35,,14361,82,,,0,75,,14364,82,,,0,75,,14374,82,,,0,35,,14372,82,,,0,75,,14360,82,,,0,35,,14368,82,,,0,75,,14367,82,,,0,75,,14369,82,,,0,35,,14362,82,,,0,75,,14371,82,,,0,35,,14370,82,,,0,75,,14366,82,,,0,35,,14373,90,,,0
9400,'c38342c9-8898-48ff-bb56-4ee52481c507',1049,,14383,82,,,0,85,,14381,82,,,0,90,,14382,82,,,0,85,,14375,82,,,0,50,,14377,82,,,0,85,,14378,82,,,0,90,,14384,82,,,0,85,,14376,82,,,0,90,,14379,82,,,0,45,,14380,82,,,0
