6000,'294e58fc-bc13-4a33-bb1d-a337996c2e9c',636,,12231,62,,,0,75,,12244,62,,,0,35,,12234,62,,,0,80,,12241,62,,,0,80,,12236,62,,,0,40,,12247,62,,,0,80,,12251,62,,,0,80,,12246,62,,,0,40,,12230,62,,,0,80,,12235,62,,,0,80,,12240,62,,,0,40,,12232,62,,,0,80,,12229,62,,,0,80,,12227,62,,,0,40,,12243,62,,,0,80,,12250,62,,,0,80,,12249,62,,,0,40,,12239,62,,,0,80,,12228,62,,,0,80,,12242,62,,,0,35,,12226,62,,,0,75,,12238,62,,,0,35,,12245,62,,,0,75,,12237,62,,,0,75,,12248,62,,,0
6000,'8ab1f009-ab59-4a8c-9771-20e344a37dba',636,,12265,62,,,0,75,,12274,62,,,0,35,,12258,62,,,0,80,,12256,62,,,0,80,,12254,62,,,0,40,,12266,62,,,0,80,,12255,62,,,0,80,,12275,62,,,0,40,,12260,62,,,0,80,,12257,62,,,0,80,,12264,62,,,0,40,,12276,62,,,0,80,,12259,62,,,0,80,,12268,62,,,0,40,,12252,62,,,0,80,,12271,62,,,0,80,,12262,62,,,0,40,,12263,62,,,0,80,,12261,62,,,0,80,,12269,62,,,0,35,,12270,62,,,0,75,,12267,62,,,0,35,,12253,62,,,0,75,,12273,62,,,0,75,,12272,62,,,0
6000,'8e972226-8e68-4b6a-9fd3-2e7f449277f5',636,,12283,62,,,0,75,,12296,62,,,0,35,,12286,62,,,0,80,,12302,62,,,0,80,,12292,62,,,0,40,,12281,62,,,0,80,,12300,62,,,0,80,,12303,62,,,0,40,,12297,62,,,0,80,,12282,62,,,0,80,,12279,62,,,0,40,,12287,62,,,0,80,,12294,62,,,0,80,,12280,62,,,0,40,,12278,62,,,0,80,,12295,62,,,0,80,,12298,62,,,0,40,,12285,62,,,0,80,,12291,62,,,0,80,,12290,62,,,0,35,,12288,62,,,0,75,,12301,62,,,0,35,,12299,62,,,0,75,,12289,62,,,0,75,,12293,62,,,0
6000,'9493548d-afad-4b26-be65-c3aa23941f37',636,,12326,62,,,0,75,,12325,62,,,0,35,,12318,62,,,0,80,,12304,62,,,0,80,,12306,62,,,0,40,,12320,62,,,0,80,,12311,62,,,0,80,,12329,62,,,0,40,,12315,62,,,0,80,,12314,62,,,0,80,,12307,62,,,0,40,,12309,62,,,0,80,,12305,62,,,0,80,,12322,62,,,0,40,,12324,62,,,0,80,,12312,62,,,0,80,,12327,62,,,0,40,,12319,62,,,0,80,,12308,62,,,0,80,,12313,62,,,0,35,,12317,62,,,0,75,,12310,62,,,0,35,,12328,62,,,0,75,,12323,62,,,0,75,,12316,62,,,0
6000,'9577949b-c1b9-4893-a4cc-d601db41a1fc',636,,12347,62,,,0,75,,12336,62,,,0,35,,12333,62,,,0,80,,12331,62,,,0,80,,12348,62,,,0,40,,12337,62,,,0,80,,12344,62,,,0,80,,12354,62,,,0,40,,12352,62,,,0,80,,12350,62,,,0,80,,12355,62,,,0,40,,12338,62,,,0,80,,12345,62,,,0,80,,12334,62,,,0,40,,12349,62,,,0,80,,12342,62,,,0,80,,12346,62,,,0,40,,12330,62,,,0,80,,12332,62,,,0,80,,12341,62,,,0,35,,12343,62,,,0,75,,12351,62,,,0,35,,12353,62,,,0,75,,12339,62,,,0,75,,12335,62,,,0
6000,'991a1488-6339-4798-a1ff-4cc199131854',636,,12361,62,,,0,75,,12372,62,,,0,35,,12378,62,,,0,80,,12366,62,,,0,80,,12371,62,,,0,40,,12375,62,,,0,80,,12380,62,,,0,80,,12368,62,,,0,40,,12362,62,,,0,80,,12376,62,,,0,80,,12363,62,,,0,40,,12373,62,,,0,80,,12358,62,,,0,80,,12370,62,,,0,40,,12379,62,,,0,80,,12365,62,,,0,80,,12367,62,,,0,40,,12359,62,,,0,80,,12381,62,,,0,80,,12360,62,,,0,35,,12364,62,,,0,75,,12374,62,,,0,35,,12356,62,,,0,75,,12369,62,,,0,75,,12357,62,,,0
6000,'bec99aa0-a127-4e27-ae17-e4c7db42f9ba',931,,12385,62,,,0,75,,12388,62,,,0,35,,12383,62,,,0,75,,12396,62,,,0,35,,12393,62,,,0,75,,12387,62,,,0,75,,12390,62,,,0,35,,12391,62,,,0,75,,12389,62,,,0,35,,12382,62,,,0,75,,12386,62,,,0,35,,12392,62,,,0,75,,12394,62,,,0,75,,12395,62,,,0,35,,12384,62,,,0
6000,'c38342c9-8898-48ff-bb56-4ee52481c507',1011,,12406,62,,,0,35,,12407,62,,,0,75,,12412,62,,,0,35,,12397,62,,,0,75,,12400,62,,,0,75,,12398,62,,,0,35,,12411,62,,,0,75,,12408,62,,,0,35,,12410,62,,,0,75,,12402,62,,,0,75,,12401,62,,,0,35,,12409,62,,,0,75,,12405,62,,,0,35,,12403,62,,,0,75,,12399,62,,,0,35,,12404,62,,,0
6700,'294e58fc-bc13-4a33-bb1d-a337996c2e9c',653,,13559,87,,,0,70,,13561,87,,,0,35,,13563,87,,,0,75,,13565,87,,,0,72,,13562,87,,,0,30,,13557,87,,,0,100,,13569,87,,,0,521,,13566,87,,,0,75,,13567,87,,,0,75,,13571,87,,,0,35,,13558,87,,,0,72,,13568,87,,,0,100,,13560,87,,,0,100,,13564,87,,,0
6700,'8ab1f009-ab59-4a8c-9771-20e344a37dba',652,,13576,87,,,0,100,,13577,87,,,0,100,,13579,87,,,0,100,,13578,87,,,0,100,,13581,87,,,0,500,,13580,87,,,0,100,,13572,87,,,0,100,,13573,87,,,0,100,,13574,87,,,0,100,,13575,87,,,0
6700,'8e972226-8e68-4b6a-9fd3-2e7f449277f5',653,,13582,87,,,0,70,,13588,87,,,0,35,,13591,87,,,0,75,,13586,87,,,0,72,,13592,87,,,0,30,,13589,87,,,0,100,,13590,87,,,0,521,,13587,87,,,0,75,,13596,87,,,0,75,,13584,87,,,0,35,,13594,87,,,0,72,,13585,87,,,0,100,,13583,87,,,0,100,,13593,87,,,0
6700,'9493548d-afad-4b26-be65-c3aa23941f37',653,,13600,87,,,0,70,,13607,87,,,0,35,,13608,87,,,0,75,,13599,87,,,0,72,,13605,87,,,0,30,,13601,87,,,0,100,,13602,87,,,0,521,,13598,87,,,0,75,,13603,87,,,0,75,,13610,87,,,0,35,,13604,87,,,0,72,,13597,87,,,0,100,,13606,87,,,0,100,,13609,87,,,0
6700,'9577949b-c1b9-4893-a4cc-d601db41a1fc',653,,13615,87,,,0,70,,13612,87,,,0,35,,13619,87,,,0,75,,13621,87,,,0,72,,13614,87,,,0,30,,13616,87,,,0,100,,13623,87,,,0,521,,13620,87,,,0,75,,13625,87,,,0,75,,13622,87,,,0,35,,13624,87,,,0,72,,13626,87,,,0,100,,13618,87,,,0,100,,13617,87,,,0
6700,'991a1488-6339-4798-a1ff-4cc199131854',653,,13629,87,,,0,70,,13630,87,,,0,35,,13637,87,,,0,75,,13631,87,,,0,72,,13639,87,,,0,30,,13627,87,,,0,100,,13635,87,,,0,521,,13638,87,,,0,75,,13640,87,,,0,75,,13636,87,,,0,35,,13633,87,,,0,72,,13628,87,,,0,100,,13641,87,,,0,100,,13634,87,,,0
6700,'bec99aa0-a127-4e27-ae17-e4c7db42f9ba',952,,13643,87,,,0,200,,13642,87,,,0,200,,13646,87,,,0,200,,13645,87,,,0,200,,13644,87,,,0
