8100,'294e58fc-bc13-4a33-bb1d-a337996c2e9c',2147,,13736,140,,,0
8100,'8ab1f009-ab59-4a8c-9771-20e344a37dba',654,,13746,161,,,0,100,,13737,161,,,0,100,,13743,161,,,0,200,,13744,161,,,0,100,,13745,161,,,0,100,,13738,161,,,0,200,,13739,161,,,0,100,,13750,161,,,0,100,,13742,161,,,0,100,,13741,161,,,0,100,,13747,161,,,0,100,,13749,161,,,0,100,,13740,161,,,0,93,,13748,140,,,0
8100,'8e972226-8e68-4b6a-9fd3-2e7f449277f5',2147,,13751,140,,,0
8100,'9493548d-afad-4b26-be65-c3aa23941f37',2147,,13752,140,,,0
8100,'9577949b-c1b9-4893-a4cc-d601db41a1fc',2147,,13753,140,,,0
8100,'991a1488-6339-4798-a1ff-4cc199131854',2147,,13754,140,,,0
8100,'bec99aa0-a127-4e27-ae17-e4c7db42f9ba',1054,,13755,161,,,0,100,,13756,161,,,0,200,,13760,161,,,0,100,,13759,161,,,0,100,,13758,161,,,0,100,,13761,161,,,0,100,,13757,155,,,0
8100,'c38342c9-8898-48ff-bb56-4ee52481c507',1032,,13763,140,,,0,100,,13762,140,,,0,100,,13769,140,,,0,100,,13764,140,,,0,100,,13770,140,,,0,100,,13767,140,,,0,100,,13766,140,,,0,100,,13765,140,,,0,100,,13768,140,,,0
8500,'294e58fc-bc13-4a33-bb1d-a337996c2e9c',650,,13783,84,,,0,100,,13774,191,,,0,100,,13789,191,,,0,100,,13787,191,,,0,100,,13775,191,,,0,100,,13776,191,,,0,100,,13778,191,,,0,100,,13780,191,,,0,100,,13788,191,,,0,100,,13782,191,,,0,100,,13785,191,,,0,100,,13784,191,,,0,100,,13779,191,,,0,100,,13777,191,,,0,100,,13781,191,,,0,100,,13786,191,,,0
8500,'8e972226-8e68-4b6a-9fd3-2e7f449277f5',650,,13802,84,,,0,100,,13796,191,,,0,100,,13801,191,,,0,100,,13804,191,,,0,100,,13792,191,,,0,100,,13791,191,,,0,100,,13794,191,,,0,100,,13800,191,,,0,100,,13798,191,,,0,100,,13790,191,,,0,100,,13793,191,,,0,100,,13805,191,,,0,100,,13795,191,,,0,100,,13797,191,,,0,100,,13803,191,,,0,100,,13799,191,,,0
8500,'9493548d-afad-4b26-be65-c3aa23941f37',650,,13818,84,,,0,100,,13812,191,,,0,100,,13809,191,,,0,100,,13816,191,,,0,100,,13807,191,,,0,100,,13810,191,,,0,100,,13815,191,,,0,100,,13811,191,,,0,100,,13814,191,,,0,100,,13813,191,,,0,100,,13821,191,,,0,100,,13806,191,,,0,100,,13817,191,,,0,100,,13820,191,,,0,100,,13808,191,,,0,100,,13819,191,,,0
8500,'9577949b-c1b9-4893-a4cc-d601db41a1fc',650,,13835,84,,,0,100,,13826,191,,,0,100,,13836,191,,,0,100,,13830,191,,,0,100,,13832,191,,,0,100,,13833,191,,,0,100,,13834,191,,,0,100,,13837,191,,,0,100,,13824,191,,,0,100,,13827,191,,,0,100,,13825,191,,,0,100,,13823,191,,,0,100,,13831,191,,,0,100,,13828,191,,,0,100,,13822,191,,,0,100,,13829,191,,,0
8500,'991a1488-6339-4798-a1ff-4cc199131854',650,,13852,84,,,0,100,,13839,191,,,0,100,,13838,191,,,0,100,,13843,191,,,0,100,,13844,191,,,0,100,,13849,191,,,0,100,,13846,191,,,0,100,,13845,191,,,0,100,,13847,191,,,0,100,,13848,191,,,0,100,,13841,191,,,0,100,,13853,191,,,0,100,,13851,191,,,0,100,,13840,191,,,0,100,,13842,191,,,0,100,,13850,191,,,0
