8100,'294e58fc-bc13-4a33-bb1d-a337996c2e9c',2143,,13736,91,,,0
8100,'8ab1f009-ab59-4a8c-9771-20e344a37dba',637,,13746,41,,,0,100,,13737,41,,,0,100,,13743,41,,,0,200,,13744,41,,,0,100,,13745,41,,,0,100,,13738,41,,,0,200,,13739,41,,,0,100,,13750,41,,,0,100,,13742,41,,,0,100,,13741,41,,,0,100,,13747,41,,,0,100,,13749,41,,,0,100,,13740,41,,,0,106,,13748,91,,,0
8100,'8e972226-8e68-4b6a-9fd3-2e7f449277f5',2143,,13751,91,,,0
8100,'9493548d-afad-4b26-be65-c3aa23941f37',2143,,13752,91,,,0
8100,'9577949b-c1b9-4893-a4cc-d601db41a1fc',2143,,13753,91,,,0
8100,'991a1488-6339-4798-a1ff-4cc199131854',2143,,13754,91,,,0
8100,'bec99aa0-a127-4e27-ae17-e4c7db42f9ba',1037,,13755,41,,,0,100,,13756,41,,,0,200,,13760,41,,,0,100,,13759,41,,,0,100,,13758,41,,,0,100,,13761,41,,,0,100,,13757,40,,,0
8100,'c38342c9-8898-48ff-bb56-4ee52481c507',1028,,13763,91,,,0,100,,13762,91,,,0,100,,13769,91,,,0,100,,13764,91,,,0,100,,13770,91,,,0,100,,13767,91,,,0,100,,13766,91,,,0,100,,13765,91,,,0,100,,13768,91,,,0
8200,'8ab1f009-ab59-4a8c-9771-20e344a37dba',937,,13771,42,,,0,68,,13771,278,,,0,332,,13772,42,,,0,68,,13772,278,,,0
8200,'bec99aa0-a127-4e27-ae17-e4c7db42f9ba',1237,,13773,42,,,0,68,,13773,278,,,0
8600,'294e58fc-bc13-4a33-bb1d-a337996c2e9c',552,,13878,37,,,0,75,,13875,37,,,0,75,,13860,37,,,0,35,,13863,37,,,0,80,,13869,37,,,0,40,,13872,37,,,0,80,,13876,37,,,0,75,,13866,37,,,0,35,,13870,37,,,0,75,,13865,37,,,0,35,,13862,37,,,0,75,,13871,37,,,0,75,,13867,37,,,0,35,,13873,37,,,0,75,,13856,37,,,0,35,,13861,37,,,0,75,,13855,37,,,0,75,,13854,37,,,0,35,,13877,37,,,0,80,,13857,37,,,0,40,,13858,37,,,0,80,,13879,37,,,0,75,,13859,37,,,0,35,,13868,37,,,0,75,,13864,37,,,0,35,,13874,37,,,0
8600,'8e972226-8e68-4b6a-9fd3-2e7f449277f5',552,,13900,37,,,0,75,,13904,37,,,0,75,,13894,37,,,0,35,,13888,37,,,0,80,,13883,37,,,0,40,,13903,37,,,0,80,,13895,37,,,0,75,,13885,37,,,0,35,,13899,37,,,0,75,,13896,37,,,0,35,,13892,37,,,0,75,,13897,37,,,0,75,,13893,37,,,0,35,,13889,37,,,0,75,,13882,37,,,0,35,,13884,37,,,0,75,,13902,37,,,0,75,,13881,37,,,0,35,,13887,37,,,0,80,,13898,37,,,0,40,,13905,37,,,0,80,,13890,37,,,0,75,,13880,37,,,0,35,,13891,37,,,0,75,,13901,37,,,0,35,,13886,37,,,0
8600,'9493548d-afad-4b26-be65-c3aa23941f37',552,,13925,37,,,0,75,,13922,37,,,0,75,,13919,37,,,0,35,,13920,37,,,0,80,,13921,37,,,0,40,,13910,37,,,0,80,,13911,37,,,0,75,,13918,37,,,0,35,,13913,37,,,0,75,,13916,37,,,0,35,,13907,37,,,0,75,,13906,37,,,0,75,,13915,37,,,0,35,,13923,37,,,0,75,,13926,37,,,0,35,,13914,37,,,0,75,,13909,37,,,0,75,,13924,37,,,0,35,,13927,37,,,0,80,,13912,37,,,0,40,,13929,37,,,0,80,,13928,37,,,0,75,,13917,37,,,0,35,,13930,37,,,0,75,,13931,37,,,0,35,,13908,37,,,0
8600,'9577949b-c1b9-4893-a4cc-d601db41a1fc',552,,13948,37,,,0,75,,13951,37,,,0,75,,13940,37,,,0,35,,13943,37,,,0,80,,13946,37,,,0,40,,13941,37,,,0,80,,13939,37,,,0,75,,13950,37,,,0,35,,13949,37,,,0,75,,13942,37,,,0,35,,13936,37,,,0,75,,13947,37,,,0,75,,13937,37,,,0,35,,13955,37,,,0,75,,13938,37,,,0,35,,13956,37,,,0,75,,13953,37,,,0,75,,13945,37,,,0,35,,13933,37,,,0,80,,13954,37,,,0,40,,13944,37,,,0,80,,13935,37,,,0,75,,13934,37,,,0,35,,13957,37,,,0,75,,13932,37,,,0,35,,13952,37,,,0
8600,'991a1488-6339-4798-a1ff-4cc199131854',552,,13983,37,,,0,75,,13975,37,,,0,75,,13967,37,,,0,35,,13966,37,,,0,80,,13982,37,,,0,40,,13976,37,,,0,80,,13969,37,,,0,75,,13981,37,,,0,35,,13977,37,,,0,75,,13964,37,,,0,35,,13961,37,,,0,75,,13973,37,,,0,75,,13971,37,,,0,35,,13962,37,,,0,75,,13980,37,,,0,35,,13959,37,,,0,75,,13968,37,,,0,75,,13965,37,,,0,35,,13970,37,,,0,80,,13958,37,,,0,40,,13978,37,,,0,80,,13972,37,,,0,75,,13960,37,,,0,35,,13974,37,,,0,75,,13963,37,,,0,35,,13979,37,,,0
