8100,'294e58fc-bc13-4a33-bb1d-a337996c2e9c',2139,,13736,56,,,0
8100,'8ab1f009-ab59-4a8c-9771-20e344a37dba',2139,,13748,56,,,0
8100,'8e972226-8e68-4b6a-9fd3-2e7f449277f5',2139,,13751,56,,,0
8100,'9493548d-afad-4b26-be65-c3aa23941f37',2139,,13752,56,,,0
8100,'9577949b-c1b9-4893-a4cc-d601db41a1fc',2139,,13753,56,,,0
8100,'991a1488-6339-4798-a1ff-4cc199131854',2139,,13754,56,,,0
8100,'bec99aa0-a127-4e27-ae17-e4c7db42f9ba',1819,,13757,278,,,0
8100,'c38342c9-8898-48ff-bb56-4ee52481c507',1024,,13763,56,,,0,100,,13762,56,,,0,100,,13769,56,,,0,100,,13764,56,,,0,100,,13770,56,,,0,100,,13767,56,,,0,100,,13766,56,,,0,100,,13765,56,,,0,100,,13768,56,,,0
8200,'8ab1f009-ab59-4a8c-9771-20e344a37dba',952,,13771,205,,,0,400,,13772,205,,,0
8200,'bec99aa0-a127-4e27-ae17-e4c7db42f9ba',1252,,13773,205,,,0
8500,'294e58fc-bc13-4a33-bb1d-a337996c2e9c',724,,13774,99,,,0,100,,13789,99,,,0,100,,13787,99,,,0,100,,13775,99,,,0,100,,13776,99,,,0,100,,13778,99,,,0,100,,13780,99,,,0,100,,13788,99,,,0,100,,13782,99,,,0,100,,13785,99,,,0,100,,13784,99,,,0,100,,13779,99,,,0,100,,13777,99,,,0,100,,13781,99,,,0,100,,13786,99,,,0
8500,'8e972226-8e68-4b6a-9fd3-2e7f449277f5',724,,13796,99,,,0,100,,13801,99,,,0,100,,13804,99,,,0,100,,13792,99,,,0,100,,13791,99,,,0,100,,13794,99,,,0,100,,13800,99,,,0,100,,13798,99,,,0,100,,13790,99,,,0,100,,13793,99,,,0,100,,13805,99,,,0,100,,13795,99,,,0,100,,13797,99,,,0,100,,13803,99,,,0,100,,13799,99,,,0
8500,'9493548d-afad-4b26-be65-c3aa23941f37',724,,13812,99,,,0,100,,13809,99,,,0,100,,13816,99,,,0,100,,13807,99,,,0,100,,13810,99,,,0,100,,13815,99,,,0,100,,13811,99,,,0,100,,13814,99,,,0,100,,13813,99,,,0,100,,13821,99,,,0,100,,13806,99,,,0,100,,13817,99,,,0,100,,13820,99,,,0,100,,13808,99,,,0,100,,13819,99,,,0
8500,'9577949b-c1b9-4893-a4cc-d601db41a1fc',724,,13826,99,,,0,100,,13836,99,,,0,100,,13830,99,,,0,100,,13832,99,,,0,100,,13833,99,,,0,100,,13834,99,,,0,100,,13837,99,,,0,100,,13824,99,,,0,100,,13827,99,,,0,100,,13825,99,,,0,100,,13823,99,,,0,100,,13831,99,,,0,100,,13828,99,,,0,100,,13822,99,,,0,100,,13829,99,,,0
8500,'991a1488-6339-4798-a1ff-4cc199131854',724,,13839,99,,,0,100,,13838,99,,,0,100,,13843,99,,,0,100,,13844,99,,,0,100,,13849,99,,,0,100,,13846,99,,,0,100,,13845,99,,,0,100,,13847,99,,,0,100,,13848,99,,,0,100,,13841,99,,,0,100,,13853,99,,,0,100,,13851,99,,,0,100,,13840,99,,,0,100,,13842,99,,,0,100,,13850,99,,,0
