9300,'294e58fc-bc13-4a33-bb1d-a337996c2e9c',657,,14000,100,,,0,74,,14007,100,,,0,76,,13984,100,,,0,35,,13992,100,,,0,75,,13986,100,,,0,35,,14002,100,,,0,75,,13993,100,,,0,75,,13996,100,,,0,35,,13994,100,,,0,75,,13991,100,,,0,35,,13990,100,,,0,75,,14006,100,,,0,35,,14003,100,,,0,75,,14005,100,,,0,75,,14009,100,,,0,35,,13987,100,,,0,75,,13989,100,,,0,92,,14010,100,,,0,42,,13998,100,,,0,80,,13995,100,,,0,71,,13985,100,,,0,30,,13997,100,,,0,70,,14004,100,,,0,30,,14001,100,,,0,70,,13999,100,,,0,30,,13988,100,,,0,70,,14008,100,,,0
9300,'8ab1f009-ab59-4a8c-9771-20e344a37dba',657,,14014,100,,,0,70,,14019,100,,,0,30,,14025,100,,,0,70,,14022,100,,,0,30,,14038,100,,,0,70,,14033,100,,,0,30,,14026,100,,,0,70,,14012,100,,,0,30,,14034,100,,,0,79,,14028,100,,,0,75,,14023,100,,,0,35,,14018,100,,,0,75,,14017,100,,,0,35,,14015,100,,,0,75,,14016,100,,,0,75,,14020,100,,,0,35,,14039,100,,,0,75,,14029,100,,,0,35,,14035,100,,,0,75,,14031,100,,,0,31,,14021,100,,,0,70,,14024,100,,,0,30,,14032,100,,,0,70,,14036,100,,,0,30,,14037,100,,,0,70,,14011,100,,,0,30,,14013,100,,,0,70,,14030,100,,,0,30,,14027,100,,,0
9300,'8e972226-8e68-4b6a-9fd3-2e7f449277f5',657,,14042,100,,,0,74,,14058,100,,,0,76,,14050,100,,,0,35,,14047,100,,,0,75,,14041,100,,,0,35,,14051,100,,,0,75,,14062,100,,,0,75,,14052,100,,,0,35,,14048,100,,,0,75,,14065,100,,,0,35,,14053,100,,,0,75,,14061,100,,,0,35,,14063,100,,,0,75,,14066,100,,,0,75,,14059,100,,,0,35,,14057,100,,,0,75,,14056,100,,,0,92,,14045,100,,,0,42,,14046,100,,,0,80,,14060,100,,,0,71,,14049,100,,,0,30,,14040,100,,,0,70,,14055,100,,,0,30,,14044,100,,,0,70,,14064,100,,,0,30,,14043,100,,,0,70,,14054,100,,,0
9300,'9493548d-afad-4b26-be65-c3aa23941f37',657,,14078,100,,,0,74,,14092,100,,,0,76,,14087,100,,,0,35,,14079,100,,,0,75,,14074,100,,,0,35,,14084,100,,,0,75,,14089,100,,,0,75,,14081,100,,,0,35,,14082,100,,,0,75,,14075,100,,,0,35,,14091,100,,,0,75,,14072,100,,,0,35,,14070,100,,,0,75,,14083,100,,,0,75,,14068,100,,,0,35,,14076,100,,,0,75,,14080,100,,,0,92,,14093,100,,,0,42,,14088,100,,,0,80,,14086,100,,,0,71,,14067,100,,,0,30,,14077,100,,,0,70,,14069,100,,,0,30,,14071,100,,,0,70,,14090,100,,,0,30,,14085,100,,,0,70,,14073,100,,,0
9300,'9577949b-c1b9-4893-a4cc-d601db41a1fc',657,,14118,100,,,0,74,,14111,100,,,0,76,,14102,100,,,0,35,,14094,100,,,0,75,,14117,100,,,0,35,,14107,100,,,0,75,,14105,100,,,0,75,,14108,100,,,0,35,,14101,100,,,0,75,,14099,100,,,0,35,,14115,100,,,0,75,,14104,100,,,0,35,,14112,100,,,0,75,,14113,100,,,0,75,,14100,100,,,0,35,,14116,100,,,0,75,,14114,100,,,0,92,,14109,100,,,0,42,,14096,100,,,0,80,,14097,100,,,0,71,,14110,100,,,0,30,,14119,100,,,0,70,,14095,100,,,0,30,,14106,100,,,0,70,,14098,100,,,0,30,,14103,100,,,0,70,,14120,100,,,0
9300,'991a1488-6339-4798-a1ff-4cc199131854',657,,14139,100,,,0,74,,14137,100,,,0,76,,14146,100,,,0,35,,14142,100,,,0,75,,14135,100,,,0,35,,14141,100,,,0,75,,14124,100,,,0,75,,14127,100,,,0,35,,14147,100,,,0,75,,14128,100,,,0,35,,14121,100,,,0,75,,14140,100,,,0,35,,14122,100,,,0,75,,14126,100,,,0,75,,14123,100,,,0,35,,14129,100,,,0,75,,14134,100,,,0,92,,14132,100,,,0,42,,14125,100,,,0,80,,14130,100,,,0,71,,14138,100,,,0,30,,14145,100,,,0,70,,14144,100,,,0,30,,14143,100,,,0,70,,14136,100,,,0,30,,14133,100,,,0,70,,14131,100,,,0
9300,'bec99aa0-a127-4e27-ae17-e4c7db42f9ba',957,,14163,100,,,0,70,,14159,100,,,0,30,,14157,100,,,0,70,,14153,100,,,0,30,,14151,100,,,0,74,,14154,100,,,0,75,,14148,100,,,0,35,,14158,100,,,0,75,,14156,100,,,0,35,,14155,100,,,0,75,,14161,100,,,0,75,,14152,100,,,0,35,,14160,100,,,0,75,,14150,100,,,0,35,,14162,100,,,0,75,,14149,100,,,0
9300,'c38342c9-8898-48ff-bb56-4ee52481c507',1027,,14165,100,,,0,85,,14167,100,,,0,90,,14169,100,,,0,45,,14170,100,,,0,90,,14172,100,,,0,85,,14166,100,,,0,90,,14171,100,,,0,45,,14173,100,,,0,90,,14164,100,,,0,85,,14168,100,,,0,90,,14174,100,,,0
9400,'294e58fc-bc13-4a33-bb1d-a337996c2e9c',657,,14194,109,,,0,75,,14205,109,,,0,23,,14195,109,,,0,60,,14199,109,,,0,20,,14204,109,,,0,20,,14184,109,,,0,60,,14187,109,,,0,20,,14193,109,,,0,16,,14175,119,,,0,79,,14203,109,,,0,80,,14198,109,,,0,40,,14183,109,,,0,80,,14185,109,,,0,80,,14177,109,,,0,40,,14206,109,,,0,85,,14189,109,,,0,80,,14202,109,,,0,20,,14188,109,,,0,20,,14186,109,,,0,60,,14201,109,,,0,20,,14197,109,,,0,20,,14176,109,,,0,60,,14192,109,,,0,16,,14179,119,,,0,24,,14181,109,,,0,77,,14178,109,,,0,75,,14182,109,,,0,35,,14196,109,,,0,75,,14180,109,,,0,35,,14191,109,,,0,80,,14190,109,,,0,74,,14200,119,,,0
9400,'8ab1f009-ab59-4a8c-9771-20e344a37dba',702,,14223,109,,,0,35,,14220,109,,,0,75,,14212,109,,,0,35,,14215,109,,,0,75,,14213,109,,,0,35,,14231,109,,,0,75,,14225,109,,,0,75,,14227,109,,,0,35,,14218,109,,,0,83,,14207,109,,,0,80,,14214,109,,,0,40,,14216,109,,,0,90,,14226,109,,,0,80,,14228,109,,,0,40,,14209,109,,,0,80,,14221,109,,,0,80,,14219,109,,,0,40,,14217,109,,,0,77,,14222,109,,,0,75,,14224,109,,,0,35,,14208,109,,,0,75,,14210,109,,,0,35,,14211,109,,,0,80,,14229,109,,,0,74,,14230,119,,,0
9400,'8e972226-8e68-4b6a-9fd3-2e7f449277f5',657,,14260,109,,,0,75,,14239,109,,,0,23,,14257,109,,,0,60,,14245,109,,,0,20,,14236,109,,,0,20,,14250,109,,,0,60,,14240,109,,,0,20,,14249,109,,,0,16,,14254,119,,,0,79,,14251,109,,,0,80,,14244,109,,,0,40,,14248,109,,,0,80,,14246,109,,,0,80,,14262,109,,,0,40,,14259,109,,,0,85,,14256,109,,,0,80,,14233,109,,,0,20,,14234,109,,,0,20,,14242,109,,,0,60,,14243,109,,,0,20,,14235,109,,,0,20,,14253,109,,,0,60,,14263,109,,,0,16,,14252,119,,,0,24,,14261,109,,,0,77,,14247,109,,,0,75,,14237,109,,,0,35,,14241,109,,,0,75,,14255,109,,,0,35,,14238,109,,,0,80,,14258,109,,,0,74,,14232,119,,,0
9400,'9493548d-afad-4b26-be65-c3aa23941f37',657,,14269,109,,,0,75,,14289,109,,,0,23,,14266,109,,,0,60,,14286,109,,,0,20,,14277,109,,,0,20,,14278,109,,,0,60,,14275,109,,,0,20,,14270,109,,,0,16,,14290,119,,,0,79,,14293,109,,,0,80,,14285,109,,,0,40,,14265,109,,,0,80,,14295,109,,,0,80,,14274,109,,,0,40,,14288,109,,,0,85,,14292,109,,,0,80,,14279,109,,,0,20,,14267,109,,,0,20,,14280,109,,,0,60,,14273,109,,,0,20,,14287,109,,,0,20,,14268,109,,,0,60,,14272,109,,,0,16,,14276,119,,,0,24,,14283,109,,,0,77,,14294,109,,,0,75,,14282,109,,,0,35,,14284,109,,,0,75,,14291,109,,,0,35,,14271,109,,,0,80,,14281,109,,,0,74,,14264,119,,,0
9400,'9577949b-c1b9-4893-a4cc-d601db41a1fc',657,,14317,109,,,0,75,,14322,109,,,0,23,,14326,109,,,0,60,,14310,109,,,0,20,,14308,109,,,0,20,,14303,109,,,0,60,,14304,109,,,0,20,,14297,109,,,0,16,,14315,119,,,0,79,,14323,109,,,0,80,,14298,109,,,0,40,,14306,109,,,0,80,,14309,109,,,0,80,,14319,109,,,0,40,,14321,109,,,0,85,,14307,109,,,0,80,,14299,109,,,0,20,,14314,109,,,0,20,,14324,109,,,0,60,,14296,109,,,0,20,,14320,109,,,0,20,,14301,109,,,0,60,,14311,109,,,0,16,,14300,119,,,0,24,,14327,109,,,0,77,,14325,109,,,0,75,,14302,109,,,0,35,,14316,109,,,0,75,,14318,109,,,0,35,,14312,109,,,0,80,,14305,109,,,0,74,,14313,119,,,0
9400,'991a1488-6339-4798-a1ff-4cc199131854',657,,14329,109,,,0,75,,14335,109,,,0,23,,14331,109,,,0,60,,14337,109,,,0,20,,14358,109,,,0,20,,14347,109,,,0,60,,14334,109,,,0,20,,14348,109,,,0,16,,14345,119,,,0,79,,14333,109,,,0,80,,14343,109,,,0,40,,14355,109,,,0,80,,14332,109,,,0,80,,14339,109,,,0,40,,14359,109,,,0,85,,14349,109,,,0,80,,14354,109,,,0,20,,14342,109,,,0,20,,14340,109,,,0,60,,14330,109,,,0,20,,14357,109,,,0,20,,14350,109,,,0,60,,14351,109,,,0,16,,14346,119,,,0,24,,14344,109,,,0,77,,14353,109,,,0,75,,14328,109,,,0,35,,14341,109,,,0,75,,14356,109,,,0,35,,14336,109,,,0,80,,14338,109,,,0,74,,14352,119,,,0
9400,'bec99aa0-a127-4e27-ae17-e4c7db42f9ba',1002,,14365,109,,,0,35,,14363,109,,,0,75,,14361,109,,,0,35,,14364,109,,,0,75,,14374,109,,,0,35,,14372,109,,,0,75,,14360,109,,,0,75,,14368,109,,,0,35,,14367,109,,,0,75,,14369,109,,,0,35,,14362,109,,,0,75,,14371,109,,,0,75,,14370,109,,,0,35,,14366,109,,,0,74,,14373,119,,,0
9400,'c38342c9-8898-48ff-bb56-4ee52481c507',1102,,14383,109,,,0,45,,14381,109,,,0,90,,14382,109,,,0,85,,14375,109,,,0,90,,14377,109,,,0,45,,14378,109,,,0,90,,14384,109,,,0,85,,14376,109,,,0,90,,14379,109,,,0,85,,14380,109,,,0
9500,'294e58fc-bc13-4a33-bb1d-a337996c2e9c',658,,14394,140,,,0,75,,14400,140,,,0,75,,14388,140,,,0,35,,14395,140,,,0,75,,14402,140,,,0,35,,14404,140,,,0,75,,14385,140,,,0,75,,14391,140,,,0,35,,14408,140,,,0,75,,14397,140,,,0,35,,14401,140,,,0,75,,14389,140,,,0,35,,14393,140,,,0,75,,14411,140,,,0,75,,14386,140,,,0,35,,14403,140,,,0,75,,14390,140,,,0,92,,14392,140,,,0,42,,14387,140,,,0,80,,14405,140,,,0,71,,14398,140,,,0,30,,14407,140,,,0,70,,14410,140,,,0,30,,14406,140,,,0,70,,14409,140,,,0,30,,14396,140,,,0,70,,14399,144,,,0
9500,'8ab1f009-ab59-4a8c-9771-20e344a37dba',658,,14436,140,,,0,70,,14422,140,,,0,30,,14418,140,,,0,70,,14420,140,,,0,30,,14417,140,,,0,70,,14427,140,,,0,30,,14433,140,,,0,70,,14432,140,,,0,30,,14435,140,,,0,80,,14428,140,,,0,75,,14412,140,,,0,35,,14437,140,,,0,75,,14413,140,,,0,35,,14431,140,,,0,75,,14430,140,,,0,75,,14425,140,,,0,35,,14434,140,,,0,75,,14424,140,,,0,35,,14429,140,,,0,75,,14419,140,,,0,30,,14426,140,,,0,70,,14414,140,,,0,30,,14415,140,,,0,70,,14421,140,,,0,30,,14440,140,,,0,70,,14416,140,,,0,30,,14438,140,,,0,70,,14439,140,,,0,30,,14423,144,,,0
9500,'8e972226-8e68-4b6a-9fd3-2e7f449277f5',658,,14444,140,,,0,75,,14464,140,,,0,75,,14446,140,,,0,35,,14460,140,,,0,75,,14455,140,,,0,35,,14443,140,,,0,75,,14457,140,,,0,75,,14462,140,,,0,35,,14447,140,,,0,75,,14461,140,,,0,35,,14456,140,,,0,75,,14448,140,,,0,35,,14458,140,,,0,75,,14454,140,,,0,75,,14467,140,,,0,35,,14445,140,,,0,75,,14441,140,,,0,92,,14452,140,,,0,42,,14459,140,,,0,80,,14449,140,,,0,71,,14451,140,,,0,30,,14463,140,,,0,70,,14465,140,,,0,30,,14453,140,,,0,70,,14466,140,,,0,30,,14442,140,,,0,70,,14450,144,,,0
9500,'9493548d-afad-4b26-be65-c3aa23941f37',658,,14490,140,,,0,75,,14471,140,,,0,75,,14475,140,,,0,35,,14469,140,,,0,75,,14480,140,,,0,35,,14487,140,,,0,75,,14481,140,,,0,75,,14482,140,,,0,35,,14491,140,,,0,75,,14477,140,,,0,35,,14476,140,,,0,75,,14468,140,,,0,35,,14486,140,,,0,75,,14472,140,,,0,75,,14474,140,,,0,35,,14488,140,,,0,75,,14479,140,,,0,92,,14492,140,,,0,42,,14478,140,,,0,80,,14483,140,,,0,71,,14470,140,,,0,30,,14485,140,,,0,70,,14494,140,,,0,30,,14493,140,,,0,70,,14484,140,,,0,30,,14489,140,,,0,70,,14473,144,,,0
9500,'9577949b-c1b9-4893-a4cc-d601db41a1fc',658,,14514,140,,,0,75,,14495,140,,,0,75,,14520,140,,,0,35,,14517,140,,,0,75,,14518,140,,,0,35,,14499,140,,,0,75,,14496,140,,,0,75,,14519,140,,,0,35,,14498,140,,,0,75,,14501,140,,,0,35,,14521,140,,,0,75,,14506,140,,,0,35,,14507,140,,,0,75,,14512,140,,,0,75,,14502,140,,,0,35,,14504,140,,,0,75,,14500,140,,,0,92,,14505,140,,,0,42,,14513,140,,,0,80,,14508,140,,,0,71,,14509,140,,,0,30,,14511,140,,,0,70,,14503,140,,,0,30,,14497,140,,,0,70,,14510,140,,,0,30,,14516,140,,,0,70,,14515,144,,,0
9500,'991a1488-6339-4798-a1ff-4cc199131854',658,,14548,140,,,0,75,,14543,140,,,0,75,,14547,140,,,0,35,,14531,140,,,0,75,,14527,140,,,0,35,,14526,140,,,0,75,,14534,140,,,0,75,,14529,140,,,0,35,,14545,140,,,0,75,,14530,140,,,0,35,,14539,140,,,0,75,,14546,140,,,0,35,,14541,140,,,0,75,,14522,140,,,0,75,,14540,140,,,0,35,,14535,140,,,0,75,,14528,140,,,0,92,,14533,140,,,0,42,,14523,140,,,0,80,,14532,140,,,0,71,,14538,140,,,0,30,,14544,140,,,0,70,,14536,140,,,0,30,,14525,140,,,0,70,,14524,140,,,0,30,,14537,140,,,0,70,,14542,144,,,0
9500,'bec99aa0-a127-4e27-ae17-e4c7db42f9ba',958,,14556,140,,,0,70,,14558,140,,,0,30,,14552,140,,,0,70,,14560,140,,,0,30,,14555,140,,,0,75,,14561,140,,,0,75,,14557,140,,,0,35,,14551,140,,,0,75,,14559,140,,,0,35,,14564,140,,,0,75,,14549,140,,,0,75,,14553,140,,,0,35,,14550,140,,,0,75,,14562,140,,,0,35,,14563,140,,,0,75,,14554,144,,,0
9500,'c38342c9-8898-48ff-bb56-4ee52481c507',1133,,14573,140,,,0,85,,14567,140,,,0,90,,14566,140,,,0,45,,14565,140,,,0,90,,14572,140,,,0,85,,14570,140,,,0,90,,14569,140,,,0,85,,14574,140,,,0,50,,14571,140,,,0,85,,14568,140,,,0
