6800,'294e58fc-bc13-4a33-bb1d-a337996c2e9c',630,,13659,7,,,0,70,,13660,7,,,0,30,,13655,7,,,0,70,,13654,7,,,0,30,,13658,7,,,0,112,,13661,7,,,0,100,,13649,7,,,0,488,,13652,7,,,0,70,,13656,7,,,0,30,,13657,7,,,0,70,,13651,7,,,0,30,,13648,7,,,0,90,,13650,7,,,0,100,,13653,7,,,0,100,,13647,7,,,0
6800,'8ab1f009-ab59-4a8c-9771-20e344a37dba',700,,13666,7,,,0,100,,13667,7,,,0,100,,13668,7,,,0,100,,13665,7,,,0,600,,13669,7,,,0,100,,13662,7,,,0,100,,13664,7,,,0,100,,13663,7,,,0,100,,13670,7,,,0
6800,'8e972226-8e68-4b6a-9fd3-2e7f449277f5',630,,13683,7,,,0,70,,13685,7,,,0,30,,13684,7,,,0,70,,13671,7,,,0,30,,13672,7,,,0,112,,13673,7,,,0,100,,13674,7,,,0,488,,13678,7,,,0,70,,13682,7,,,0,30,,13676,7,,,0,70,,13677,7,,,0,30,,13680,7,,,0,90,,13679,7,,,0,100,,13681,7,,,0,100,,13675,7,,,0
6800,'9493548d-afad-4b26-be65-c3aa23941f37',630,,13691,7,,,0,70,,13688,7,,,0,30,,13693,7,,,0,70,,13695,7,,,0,30,,13698,7,,,0,112,,13686,7,,,0,100,,13697,7,,,0,488,,13699,7,,,0,70,,13690,7,,,0,30,,13700,7,,,0,70,,13694,7,,,0,30,,13696,7,,,0,90,,13687,7,,,0,100,,13692,7,,,0,100,,13689,7,,,0
6800,'9577949b-c1b9-4893-a4cc-d601db41a1fc',630,,13702,7,,,0,70,,13706,7,,,0,30,,13711,7,,,0,70,,13704,7,,,0,30,,13710,7,,,0,112,,13705,7,,,0,100,,13713,7,,,0,488,,13708,7,,,0,70,,13707,7,,,0,30,,13714,7,,,0,70,,13712,7,,,0,30,,13715,7,,,0,90,,13703,7,,,0,100,,13709,7,,,0,100,,13701,7,,,0
6800,'991a1488-6339-4798-a1ff-4cc199131854',630,,13727,7,,,0,70,,13716,7,,,0,30,,13719,7,,,0,70,,13726,7,,,0,30,,13718,7,,,0,112,,13721,7,,,0,100,,13725,7,,,0,488,,13730,7,,,0,70,,13717,7,,,0,30,,13722,7,,,0,70,,13720,7,,,0,30,,13723,7,,,0,90,,13729,7,,,0,100,,13724,7,,,0,100,,13728,7,,,0
6800,'bec99aa0-a127-4e27-ae17-e4c7db42f9ba',1000,,13731,7,,,0,200,,13732,7,,,0,200,,13734,7,,,0,200,,13735,7,,,0,200,,13733,7,,,0
8100,'294e58fc-bc13-4a33-bb1d-a337996c2e9c',2131,,13736,6,,,0
8100,'8ab1f009-ab59-4a8c-9771-20e344a37dba',631,,13746,6,,,0,100,,13737,6,,,0,100,,13743,6,,,0,200,,13744,6,,,0,100,,13745,6,,,0,100,,13738,6,,,0,200,,13739,6,,,0,100,,13750,6,,,0,100,,13742,6,,,0,100,,13741,6,,,0,100,,13747,6,,,0,100,,13749,6,,,0,100,,13740,6,,,0,100,,13748,6,,,0
8100,'8e972226-8e68-4b6a-9fd3-2e7f449277f5',2131,,13751,6,,,0
8100,'9493548d-afad-4b26-be65-c3aa23941f37',2131,,13752,6,,,0
8100,'9577949b-c1b9-4893-a4cc-d601db41a1fc',2131,,13753,6,,,0
8100,'991a1488-6339-4798-a1ff-4cc199131854',2131,,13754,6,,,0
8100,'bec99aa0-a127-4e27-ae17-e4c7db42f9ba',1031,,13755,6,,,0,100,,13756,6,,,0,200,,13760,6,,,0,100,,13759,6,,,0,100,,13758,6,,,0,100,,13761,6,,,0,100,,13757,6,,,0
8100,'c38342c9-8898-48ff-bb56-4ee52481c507',1016,,13763,6,,,0,100,,13762,6,,,0,100,,13769,6,,,0,100,,13764,6,,,0,100,,13770,6,,,0,100,,13767,6,,,0,100,,13766,6,,,0,100,,13765,6,,,0,100,,13768,6,,,0
8200,'8ab1f009-ab59-4a8c-9771-20e344a37dba',931,,13771,6,,,0,400,,13772,6,,,0
8200,'bec99aa0-a127-4e27-ae17-e4c7db42f9ba',1231,,13773,6,,,0
8600,'294e58fc-bc13-4a33-bb1d-a337996c2e9c',546,,13878,7,,,0,75,,13875,7,,,0,35,,13860,7,,,0,75,,13863,7,,,0,80,,13869,7,,,0,40,,13872,7,,,0,80,,13876,7,,,0,75,,13866,7,,,0,35,,13870,7,,,0,75,,13865,7,,,0,35,,13862,7,,,0,75,,13871,7,,,0,75,,13867,7,,,0,35,,13873,7,,,0,75,,13856,7,,,0,35,,13861,7,,,0,75,,13855,7,,,0,35,,13854,7,,,0,75,,13877,7,,,0,80,,13857,7,,,0,40,,13858,7,,,0,80,,13879,7,,,0,75,,13859,7,,,0,35,,13868,7,,,0,75,,13864,7,,,0,35,,13874,7,,,0
8600,'8e972226-8e68-4b6a-9fd3-2e7f449277f5',546,,13900,7,,,0,75,,13904,7,,,0,35,,13894,7,,,0,75,,13888,7,,,0,80,,13883,7,,,0,40,,13903,7,,,0,80,,13895,7,,,0,75,,13885,7,,,0,35,,13899,7,,,0,75,,13896,7,,,0,35,,13892,7,,,0,75,,13897,7,,,0,75,,13893,7,,,0,35,,13889,7,,,0,75,,13882,7,,,0,35,,13884,7,,,0,75,,13902,7,,,0,35,,13881,7,,,0,75,,13887,7,,,0,80,,13898,7,,,0,40,,13905,7,,,0,80,,13890,7,,,0,75,,13880,7,,,0,35,,13891,7,,,0,75,,13901,7,,,0,35,,13886,7,,,0
8600,'9493548d-afad-4b26-be65-c3aa23941f37',546,,13925,7,,,0,75,,13922,7,,,0,35,,13919,7,,,0,75,,13920,7,,,0,80,,13921,7,,,0,40,,13910,7,,,0,80,,13911,7,,,0,75,,13918,7,,,0,35,,13913,7,,,0,75,,13916,7,,,0,35,,13907,7,,,0,75,,13906,7,,,0,75,,13915,7,,,0,35,,13923,7,,,0,75,,13926,7,,,0,35,,13914,7,,,0,75,,13909,7,,,0,35,,13924,7,,,0,75,,13927,7,,,0,80,,13912,7,,,0,40,,13929,7,,,0,80,,13928,7,,,0,75,,13917,7,,,0,35,,13930,7,,,0,75,,13931,7,,,0,35,,13908,7,,,0
8600,'9577949b-c1b9-4893-a4cc-d601db41a1fc',546,,13948,7,,,0,75,,13951,7,,,0,35,,13940,7,,,0,75,,13943,7,,,0,80,,13946,7,,,0,40,,13941,7,,,0,80,,13939,7,,,0,75,,13950,7,,,0,35,,13949,7,,,0,75,,13942,7,,,0,35,,13936,7,,,0,75,,13947,7,,,0,75,,13937,7,,,0,35,,13955,7,,,0,75,,13938,7,,,0,35,,13956,7,,,0,75,,13953,7,,,0,35,,13945,7,,,0,75,,13933,7,,,0,80,,13954,7,,,0,40,,13944,7,,,0,80,,13935,7,,,0,75,,13934,7,,,0,35,,13957,7,,,0,75,,13932,7,,,0,35,,13952,7,,,0
8600,'991a1488-6339-4798-a1ff-4cc199131854',546,,13983,7,,,0,75,,13975,7,,,0,35,,13967,7,,,0,75,,13966,7,,,0,80,,13982,7,,,0,40,,13976,7,,,0,80,,13969,7,,,0,75,,13981,7,,,0,35,,13977,7,,,0,75,,13964,7,,,0,35,,13961,7,,,0,75,,13973,7,,,0,75,,13971,7,,,0,35,,13962,7,,,0,75,,13980,7,,,0,35,,13959,7,,,0,75,,13968,7,,,0,35,,13965,7,,,0,75,,13970,7,,,0,80,,13958,7,,,0,40,,13978,7,,,0,80,,13972,7,,,0,75,,13960,7,,,0,35,,13974,7,,,0,75,,13963,7,,,0,35,,13979,7,,,0
