6700,'294e58fc-bc13-4a33-bb1d-a337996c2e9c',630,,13559,3,,,0,70,,13561,3,,,0,20,,13570,3,,,0,12,,13563,3,,,0,75,,13565,3,,,0,35,,13562,3,,,0,70,,13557,3,,,0,100,,13569,3,,,0,518,,13566,3,,,0,75,,13567,3,,,0,35,,13571,3,,,0,75,,13558,3,,,0,35,,13568,3,,,0,100,,13560,3,,,0,100,,13564,3,,,0
6700,'8ab1f009-ab59-4a8c-9771-20e344a37dba',630,,13576,3,,,0,100,,13577,3,,,0,100,,13579,3,,,0,100,,13578,3,,,0,100,,13581,3,,,0,500,,13580,3,,,0,100,,13572,3,,,0,100,,13573,3,,,0,100,,13574,3,,,0,100,,13575,3,,,0
6700,'8e972226-8e68-4b6a-9fd3-2e7f449277f5',630,,13582,3,,,0,70,,13588,3,,,0,20,,13595,3,,,0,12,,13591,3,,,0,75,,13586,3,,,0,35,,13592,3,,,0,70,,13589,3,,,0,100,,13590,3,,,0,518,,13587,3,,,0,75,,13596,3,,,0,35,,13584,3,,,0,75,,13594,3,,,0,35,,13585,3,,,0,100,,13583,3,,,0,100,,13593,3,,,0
6700,'9493548d-afad-4b26-be65-c3aa23941f37',630,,13600,3,,,0,70,,13607,3,,,0,20,,13611,3,,,0,12,,13608,3,,,0,75,,13599,3,,,0,35,,13605,3,,,0,70,,13601,3,,,0,100,,13602,3,,,0,518,,13598,3,,,0,75,,13603,3,,,0,35,,13610,3,,,0,75,,13604,3,,,0,35,,13597,3,,,0,100,,13606,3,,,0,100,,13609,3,,,0
6700,'9577949b-c1b9-4893-a4cc-d601db41a1fc',630,,13615,3,,,0,70,,13612,3,,,0,20,,13613,3,,,0,12,,13619,3,,,0,75,,13621,3,,,0,35,,13614,3,,,0,70,,13616,3,,,0,100,,13623,3,,,0,518,,13620,3,,,0,75,,13625,3,,,0,35,,13622,3,,,0,75,,13624,3,,,0,35,,13626,3,,,0,100,,13618,3,,,0,100,,13617,3,,,0
6700,'991a1488-6339-4798-a1ff-4cc199131854',630,,13629,3,,,0,70,,13630,3,,,0,20,,13632,3,,,0,12,,13637,3,,,0,75,,13631,3,,,0,35,,13639,3,,,0,70,,13627,3,,,0,100,,13635,3,,,0,518,,13638,3,,,0,75,,13640,3,,,0,35,,13636,3,,,0,75,,13633,3,,,0,35,,13628,3,,,0,100,,13641,3,,,0,100,,13634,3,,,0
6700,'bec99aa0-a127-4e27-ae17-e4c7db42f9ba',930,,13643,3,,,0,200,,13642,3,,,0,200,,13646,3,,,0,200,,13645,3,,,0,200,,13644,3,,,0
6800,'294e58fc-bc13-4a33-bb1d-a337996c2e9c',630,,13659,3,,,0,70,,13660,3,,,0,30,,13655,3,,,0,70,,13654,3,,,0,30,,13658,3,,,0,112,,13661,3,,,0,100,,13649,3,,,0,488,,13652,3,,,0,70,,13656,3,,,0,30,,13657,3,,,0,70,,13651,3,,,0,30,,13648,3,,,0,90,,13650,3,,,0,100,,13653,3,,,0,100,,13647,3,,,0
6800,'8ab1f009-ab59-4a8c-9771-20e344a37dba',700,,13666,3,,,0,100,,13667,3,,,0,100,,13668,3,,,0,100,,13665,3,,,0,600,,13669,3,,,0,100,,13662,3,,,0,100,,13664,3,,,0,100,,13663,3,,,0,100,,13670,3,,,0
6800,'8e972226-8e68-4b6a-9fd3-2e7f449277f5',630,,13683,3,,,0,70,,13685,3,,,0,30,,13684,3,,,0,70,,13671,3,,,0,30,,13672,3,,,0,112,,13673,3,,,0,100,,13674,3,,,0,488,,13678,3,,,0,70,,13682,3,,,0,30,,13676,3,,,0,70,,13677,3,,,0,30,,13680,3,,,0,90,,13679,3,,,0,100,,13681,3,,,0,100,,13675,3,,,0
6800,'9493548d-afad-4b26-be65-c3aa23941f37',630,,13691,3,,,0,70,,13688,3,,,0,30,,13693,3,,,0,70,,13695,3,,,0,30,,13698,3,,,0,112,,13686,3,,,0,100,,13697,3,,,0,488,,13699,3,,,0,70,,13690,3,,,0,30,,13700,3,,,0,70,,13694,3,,,0,30,,13696,3,,,0,90,,13687,3,,,0,100,,13692,3,,,0,100,,13689,3,,,0
6800,'9577949b-c1b9-4893-a4cc-d601db41a1fc',630,,13702,3,,,0,70,,13706,3,,,0,30,,13711,3,,,0,70,,13704,3,,,0,30,,13710,3,,,0,112,,13705,3,,,0,100,,13713,3,,,0,488,,13708,3,,,0,70,,13707,3,,,0,30,,13714,3,,,0,70,,13712,3,,,0,30,,13715,3,,,0,90,,13703,3,,,0,100,,13709,3,,,0,100,,13701,3,,,0
6800,'991a1488-6339-4798-a1ff-4cc199131854',630,,13727,3,,,0,70,,13716,3,,,0,30,,13719,3,,,0,70,,13726,3,,,0,30,,13718,3,,,0,112,,13721,3,,,0,100,,13725,3,,,0,488,,13730,3,,,0,70,,13717,3,,,0,30,,13722,3,,,0,70,,13720,3,,,0,30,,13723,3,,,0,90,,13729,3,,,0,100,,13724,3,,,0,100,,13728,3,,,0
6800,'bec99aa0-a127-4e27-ae17-e4c7db42f9ba',1000,,13731,3,,,0,200,,13732,3,,,0,200,,13734,3,,,0,200,,13735,3,,,0,200,,13733,3,,,0
8100,'294e58fc-bc13-4a33-bb1d-a337996c2e9c',2130,,13736,2,,,0
8100,'8ab1f009-ab59-4a8c-9771-20e344a37dba',630,,13746,2,,,0,100,,13737,2,,,0,100,,13743,2,,,0,200,,13744,2,,,0,100,,13745,2,,,0,100,,13738,2,,,0,200,,13739,2,,,0,100,,13750,2,,,0,100,,13742,2,,,0,100,,13741,2,,,0,100,,13747,2,,,0,100,,13749,2,,,0,100,,13740,2,,,0,100,,13748,2,,,0
8100,'8e972226-8e68-4b6a-9fd3-2e7f449277f5',2130,,13751,2,,,0
8100,'9493548d-afad-4b26-be65-c3aa23941f37',2130,,13752,2,,,0
8100,'9577949b-c1b9-4893-a4cc-d601db41a1fc',2130,,13753,2,,,0
8100,'991a1488-6339-4798-a1ff-4cc199131854',2130,,13754,2,,,0
8100,'bec99aa0-a127-4e27-ae17-e4c7db42f9ba',1030,,13755,2,,,0,100,,13756,2,,,0,200,,13760,2,,,0,100,,13759,2,,,0,100,,13758,2,,,0,100,,13761,2,,,0,100,,13757,2,,,0
8100,'c38342c9-8898-48ff-bb56-4ee52481c507',1015,,13763,2,,,0,100,,13762,2,,,0,100,,13769,2,,,0,100,,13764,2,,,0,100,,13770,2,,,0,100,,13767,2,,,0,100,,13766,2,,,0,100,,13765,2,,,0,100,,13768,2,,,0
8200,'8ab1f009-ab59-4a8c-9771-20e344a37dba',930,,13771,2,,,0,400,,13772,2,,,0
8200,'bec99aa0-a127-4e27-ae17-e4c7db42f9ba',1230,,13773,2,,,0
8600,'294e58fc-bc13-4a33-bb1d-a337996c2e9c',545,,13878,3,,,0,75,,13875,3,,,0,35,,13860,3,,,0,75,,13863,3,,,0,80,,13869,3,,,0,40,,13872,3,,,0,80,,13876,3,,,0,75,,13866,3,,,0,35,,13870,3,,,0,75,,13865,3,,,0,35,,13862,3,,,0,75,,13871,3,,,0,75,,13867,3,,,0,35,,13873,3,,,0,75,,13856,3,,,0,35,,13861,3,,,0,75,,13855,3,,,0,35,,13854,3,,,0,75,,13877,3,,,0,80,,13857,3,,,0,40,,13858,3,,,0,80,,13879,3,,,0,75,,13859,3,,,0,35,,13868,3,,,0,75,,13864,3,,,0,35,,13874,3,,,0
8600,'8e972226-8e68-4b6a-9fd3-2e7f449277f5',545,,13900,3,,,0,75,,13904,3,,,0,35,,13894,3,,,0,75,,13888,3,,,0,80,,13883,3,,,0,40,,13903,3,,,0,80,,13895,3,,,0,75,,13885,3,,,0,35,,13899,3,,,0,75,,13896,3,,,0,35,,13892,3,,,0,75,,13897,3,,,0,75,,13893,3,,,0,35,,13889,3,,,0,75,,13882,3,,,0,35,,13884,3,,,0,75,,13902,3,,,0,35,,13881,3,,,0,75,,13887,3,,,0,80,,13898,3,,,0,40,,13905,3,,,0,80,,13890,3,,,0,75,,13880,3,,,0,35,,13891,3,,,0,75,,13901,3,,,0,35,,13886,3,,,0
8600,'9493548d-afad-4b26-be65-c3aa23941f37',545,,13925,3,,,0,75,,13922,3,,,0,35,,13919,3,,,0,75,,13920,3,,,0,80,,13921,3,,,0,40,,13910,3,,,0,80,,13911,3,,,0,75,,13918,3,,,0,35,,13913,3,,,0,75,,13916,3,,,0,35,,13907,3,,,0,75,,13906,3,,,0,75,,13915,3,,,0,35,,13923,3,,,0,75,,13926,3,,,0,35,,13914,3,,,0,75,,13909,3,,,0,35,,13924,3,,,0,75,,13927,3,,,0,80,,13912,3,,,0,40,,13929,3,,,0,80,,13928,3,,,0,75,,13917,3,,,0,35,,13930,3,,,0,75,,13931,3,,,0,35,,13908,3,,,0
8600,'9577949b-c1b9-4893-a4cc-d601db41a1fc',545,,13948,3,,,0,75,,13951,3,,,0,35,,13940,3,,,0,75,,13943,3,,,0,80,,13946,3,,,0,40,,13941,3,,,0,80,,13939,3,,,0,75,,13950,3,,,0,35,,13949,3,,,0,75,,13942,3,,,0,35,,13936,3,,,0,75,,13947,3,,,0,75,,13937,3,,,0,35,,13955,3,,,0,75,,13938,3,,,0,35,,13956,3,,,0,75,,13953,3,,,0,35,,13945,3,,,0,75,,13933,3,,,0,80,,13954,3,,,0,40,,13944,3,,,0,80,,13935,3,,,0,75,,13934,3,,,0,35,,13957,3,,,0,75,,13932,3,,,0,35,,13952,3,,,0
8600,'991a1488-6339-4798-a1ff-4cc199131854',545,,13983,3,,,0,75,,13975,3,,,0,35,,13967,3,,,0,75,,13966,3,,,0,80,,13982,3,,,0,40,,13976,3,,,0,80,,13969,3,,,0,75,,13981,3,,,0,35,,13977,3,,,0,75,,13964,3,,,0,35,,13961,3,,,0,75,,13973,3,,,0,75,,13971,3,,,0,35,,13962,3,,,0,75,,13980,3,,,0,35,,13959,3,,,0,75,,13968,3,,,0,35,,13965,3,,,0,75,,13970,3,,,0,80,,13958,3,,,0,40,,13978,3,,,0,80,,13972,3,,,0,75,,13960,3,,,0,35,,13974,3,,,0,75,,13963,3,,,0,35,,13979,3,,,0
