8100,'294e58fc-bc13-4a33-bb1d-a337996c2e9c',2221,,13736,222,,,0
8100,'8ab1f009-ab59-4a8c-9771-20e344a37dba',646,,13746,107,,,0,75,,13746,255,,,0,25,,13737,107,,,0,75,,13737,255,,,0,25,,13743,107,,,0,75,,13743,255,,,0,125,,13744,107,,,0,75,,13744,255,,,0,25,,13745,107,,,0,75,,13745,255,,,0,25,,13738,107,,,0,75,,13738,255,,,0,125,,13739,107,,,0,75,,13739,255,,,0,25,,13750,107,,,0,75,,13750,255,,,0,25,,13742,107,,,0,75,,13742,255,,,0,25,,13741,107,,,0,75,,13741,255,,,0,25,,13747,107,,,0,75,,13747,255,,,0,25,,13749,107,,,0,75,,13749,255,,,0,25,,13740,107,,,0,75,,13740,255,,,0,100,,13748,222,,,0
8100,'8e972226-8e68-4b6a-9fd3-2e7f449277f5',2221,,13751,222,,,0
8100,'9493548d-afad-4b26-be65-c3aa23941f37',2221,,13752,222,,,0
8100,'9577949b-c1b9-4893-a4cc-d601db41a1fc',2221,,13753,222,,,0
8100,'991a1488-6339-4798-a1ff-4cc199131854',2221,,13754,222,,,0
8100,'bec99aa0-a127-4e27-ae17-e4c7db42f9ba',1046,,13755,107,,,0,75,,13755,255,,,0,25,,13756,107,,,0,75,,13756,255,,,0,125,,13760,107,,,0,75,,13760,255,,,0,25,,13759,107,,,0,75,,13759,255,,,0,25,,13758,107,,,0,75,,13758,255,,,0,25,,13761,107,,,0,75,,13761,255,,,0,25,,13757,108,,,0,67,,13757,239,,,0
8100,'c38342c9-8898-48ff-bb56-4ee52481c507',1106,,13763,222,,,0,100,,13762,222,,,0,100,,13769,222,,,0,100,,13764,222,,,0,100,,13770,222,,,0,100,,13767,222,,,0,100,,13766,222,,,0,100,,13765,222,,,0,100,,13768,222,,,0
8200,'8ab1f009-ab59-4a8c-9771-20e344a37dba',946,,13771,118,,,0,75,,13771,332,,,0,325,,13772,118,,,0,75,,13772,332,,,0
8200,'bec99aa0-a127-4e27-ae17-e4c7db42f9ba',1246,,13773,118,,,0,75,,13773,332,,,0
8500,'294e58fc-bc13-4a33-bb1d-a337996c2e9c',712,,13774,42,,,0,100,,13789,42,,,0,100,,13787,42,,,0,100,,13775,42,,,0,100,,13776,42,,,0,100,,13778,42,,,0,100,,13780,42,,,0,100,,13788,42,,,0,100,,13782,42,,,0,100,,13785,42,,,0,100,,13784,42,,,0,100,,13779,42,,,0,100,,13777,42,,,0,100,,13781,42,,,0,100,,13786,42,,,0
8500,'8e972226-8e68-4b6a-9fd3-2e7f449277f5',712,,13796,42,,,0,100,,13801,42,,,0,100,,13804,42,,,0,100,,13792,42,,,0,100,,13791,42,,,0,100,,13794,42,,,0,100,,13800,42,,,0,100,,13798,42,,,0,100,,13790,42,,,0,100,,13793,42,,,0,100,,13805,42,,,0,100,,13795,42,,,0,100,,13797,42,,,0,100,,13803,42,,,0,100,,13799,42,,,0
8500,'9493548d-afad-4b26-be65-c3aa23941f37',712,,13812,42,,,0,100,,13809,42,,,0,100,,13816,42,,,0,100,,13807,42,,,0,100,,13810,42,,,0,100,,13815,42,,,0,100,,13811,42,,,0,100,,13814,42,,,0,100,,13813,42,,,0,100,,13821,42,,,0,100,,13806,42,,,0,100,,13817,42,,,0,100,,13820,42,,,0,100,,13808,42,,,0,100,,13819,42,,,0
8500,'9577949b-c1b9-4893-a4cc-d601db41a1fc',712,,13826,42,,,0,100,,13836,42,,,0,100,,13830,42,,,0,100,,13832,42,,,0,100,,13833,42,,,0,100,,13834,42,,,0,100,,13837,42,,,0,100,,13824,42,,,0,100,,13827,42,,,0,100,,13825,42,,,0,100,,13823,42,,,0,100,,13831,42,,,0,100,,13828,42,,,0,100,,13822,42,,,0,100,,13829,42,,,0
8500,'991a1488-6339-4798-a1ff-4cc199131854',712,,13839,42,,,0,100,,13838,42,,,0,100,,13843,42,,,0,100,,13844,42,,,0,100,,13849,42,,,0,100,,13846,42,,,0,100,,13845,42,,,0,100,,13847,42,,,0,100,,13848,42,,,0,100,,13841,42,,,0,100,,13853,42,,,0,100,,13851,42,,,0,100,,13840,42,,,0,100,,13842,42,,,0,100,,13850,42,,,0
