8100,'294e58fc-bc13-4a33-bb1d-a337996c2e9c',2211,,13736,196,,,0
8100,'8ab1f009-ab59-4a8c-9771-20e344a37dba',713,,13746,234,,,0,100,,13737,234,,,0,100,,13743,234,,,0,200,,13744,234,,,0,100,,13745,234,,,0,100,,13738,234,,,0,200,,13739,234,,,0,100,,13750,234,,,0,100,,13742,234,,,0,100,,13741,234,,,0,100,,13747,234,,,0,100,,13749,234,,,0,100,,13740,234,,,0,98,,13748,196,,,0
8100,'8e972226-8e68-4b6a-9fd3-2e7f449277f5',2211,,13751,196,,,0
8100,'9493548d-afad-4b26-be65-c3aa23941f37',2211,,13752,196,,,0
8100,'9577949b-c1b9-4893-a4cc-d601db41a1fc',2211,,13753,196,,,0
8100,'991a1488-6339-4798-a1ff-4cc199131854',2211,,13754,196,,,0
8100,'bec99aa0-a127-4e27-ae17-e4c7db42f9ba',1113,,13755,234,,,0,100,,13756,234,,,0,200,,13760,234,,,0,100,,13759,234,,,0,100,,13758,234,,,0,100,,13761,234,,,0,96,,13757,214,,,0
8100,'c38342c9-8898-48ff-bb56-4ee52481c507',1056,,13763,196,,,0,100,,13762,196,,,0,100,,13769,196,,,0,100,,13764,196,,,0,100,,13770,196,,,0,100,,13767,196,,,0,100,,13766,196,,,0,100,,13765,196,,,0,100,,13768,196,,,0
8500,'294e58fc-bc13-4a33-bb1d-a337996c2e9c',706,,13783,142,,,0,100,,13774,249,,,0,100,,13789,249,,,0,100,,13787,249,,,0,100,,13775,249,,,0,100,,13776,249,,,0,100,,13778,249,,,0,100,,13780,249,,,0,100,,13788,249,,,0,100,,13782,249,,,0,100,,13785,249,,,0,100,,13784,249,,,0,100,,13779,249,,,0,100,,13777,249,,,0,100,,13781,249,,,0,100,,13786,249,,,0
8500,'8e972226-8e68-4b6a-9fd3-2e7f449277f5',706,,13802,142,,,0,100,,13796,249,,,0,100,,13801,249,,,0,100,,13804,249,,,0,100,,13792,249,,,0,100,,13791,249,,,0,100,,13794,249,,,0,100,,13800,249,,,0,100,,13798,249,,,0,100,,13790,249,,,0,100,,13793,249,,,0,100,,13805,249,,,0,100,,13795,249,,,0,100,,13797,249,,,0,100,,13803,249,,,0,100,,13799,249,,,0
8500,'9493548d-afad-4b26-be65-c3aa23941f37',706,,13818,142,,,0,100,,13812,249,,,0,100,,13809,249,,,0,100,,13816,249,,,0,100,,13807,249,,,0,100,,13810,249,,,0,100,,13815,249,,,0,100,,13811,249,,,0,100,,13814,249,,,0,100,,13813,249,,,0,100,,13821,249,,,0,100,,13806,249,,,0,100,,13817,249,,,0,100,,13820,249,,,0,100,,13808,249,,,0,100,,13819,249,,,0
8500,'9577949b-c1b9-4893-a4cc-d601db41a1fc',706,,13835,142,,,0,100,,13826,249,,,0,100,,13836,249,,,0,100,,13830,249,,,0,100,,13832,249,,,0,100,,13833,249,,,0,100,,13834,249,,,0,100,,13837,249,,,0,100,,13824,249,,,0,100,,13827,249,,,0,100,,13825,249,,,0,100,,13823,249,,,0,100,,13831,249,,,0,100,,13828,249,,,0,100,,13822,249,,,0,100,,13829,249,,,0
8500,'991a1488-6339-4798-a1ff-4cc199131854',706,,13852,142,,,0,100,,13839,249,,,0,100,,13838,249,,,0,100,,13843,249,,,0,100,,13844,249,,,0,100,,13849,249,,,0,100,,13846,249,,,0,100,,13845,249,,,0,100,,13847,249,,,0,100,,13848,249,,,0,100,,13841,249,,,0,100,,13853,249,,,0,100,,13851,249,,,0,100,,13840,249,,,0,100,,13842,249,,,0,100,,13850,249,,,0
