1600,'294e58fc-bc13-4a33-bb1d-a337996c2e9c',645,,10826,0,,,0,70,,10821,0,,,0,35,,10843,0,,,0,75,,10843,159,4,,0,30,,10829,0,,,0,70,,10819,0,,,0,30,,10819,159,4,,0,70,,10840,159,4,,0,30,,10839,0,,,0,70,,10839,159,4,,0,30,,10833,0,,,0,80,,10833,159,4,,0,75,,10842,0,,,0,35,,10842,159,4,,0,75,,10828,159,4,,0,35,,10823,0,,,0,75,,10818,0,,,0,75,,10818,159,4,,0,40,,10824,159,4,,0,80,,10841,0,,,0,80,,10834,0,,,0,30,,10834,159,4,,0,70,,10835,159,4,,0,30,,10817,0,,,0,70,,10827,0,,,0,30,,10837,0,,,0,70,,10837,159,4,,0,30,,10831,170,4,,0
1600,'8ab1f009-ab59-4a8c-9771-20e344a37dba',1130,,10856,0,,,0,75,,10846,0,,,0,35,,10845,0,,,0,75,,10845,159,4,,0,35,,10844,0,,,0,75,,10844,159,4,,0,75,,10853,159,4,,0,35,,10852,0,,,0,75,,10849,0,,,0,35,,10854,0,,,0,75,,10848,0,,,0,35,,10848,159,4,,0,75,,10847,159,4,,0,75,,10850,170,4,,0
1600,'8e972226-8e68-4b6a-9fd3-2e7f449277f5',645,,10880,0,,,0,70,,10877,0,,,0,35,,10877,159,4,,0,75,,10860,0,,,0,30,,10860,159,4,,0,70,,10861,0,,,0,30,,10861,159,4,,0,70,,10879,0,,,0,30,,10879,159,4,,0,70,,10857,0,,,0,30,,10863,0,,,0,80,,10863,159,4,,0,75,,10883,0,,,0,35,,10867,0,,,0,75,,10867,159,4,,0,35,,10858,0,,,0,75,,10858,159,4,,0,75,,10878,159,4,,0,40,,10882,159,4,,0,80,,10875,159,4,,0,80,,10871,0,,,0,30,,10862,0,,,0,70,,10862,159,4,,0,30,,10881,159,4,,0,70,,10876,0,,,0,30,,10876,159,4,,0,70,,10869,0,,,0,30,,10869,170,4,,0
1600,'9493548d-afad-4b26-be65-c3aa23941f37',645,,10904,0,,,0,70,,10903,0,,,0,35,,10896,0,,,0,75,,10894,0,,,0,30,,10894,159,4,,0,70,,10884,0,,,0,30,,10884,159,4,,0,70,,10889,159,4,,0,30,,10908,0,,,0,70,,10908,159,4,,0,30,,10906,0,,,0,80,,10891,0,,,0,75,,10907,0,,,0,35,,10907,159,4,,0,75,,10910,0,,,0,35,,10910,159,4,,0,75,,10902,0,,,0,75,,10902,159,4,,0,40,,10893,0,,,0,80,,10893,159,4,,0,80,,10888,159,4,,0,30,,10885,0,,,0,70,,10885,159,4,,0,30,,10886,159,4,,0,70,,10901,0,,,0,30,,10887,0,,,0,70,,10887,159,4,,0,30,,10909,170,4,,0
1600,'9577949b-c1b9-4893-a4cc-d601db41a1fc',645,,10929,0,,,0,70,,10929,159,4,,0,35,,10925,0,,,0,75,,10937,0,,,0,30,,10937,159,4,,0,70,,10922,159,4,,0,30,,10933,0,,,0,70,,10933,159,4,,0,30,,10912,159,4,,0,70,,10914,0,,,0,30,,10932,0,,,0,80,,10932,159,4,,0,75,,10927,0,,,0,35,,10927,159,4,,0,75,,10916,0,,,0,35,,10916,159,4,,0,75,,10935,0,,,0,75,,10936,0,,,0,40,,10936,159,4,,0,80,,10926,159,4,,0,80,,10923,0,,,0,30,,10923,159,4,,0,70,,10924,0,,,0,30,,10911,0,,,0,70,,10928,0,,,0,30,,10919,0,,,0,70,,10919,159,4,,0,30,,10920,170,4,,0
1600,'991a1488-6339-4798-a1ff-4cc199131854',645,,10959,0,,,0,70,,10957,0,,,0,35,,10957,159,4,,0,75,,10951,0,,,0,30,,10945,0,,,0,70,,10945,159,4,,0,30,,10952,0,,,0,70,,10943,0,,,0,30,,10943,159,4,,0,70,,10950,159,4,,0,30,,10955,159,4,,0,80,,10944,159,4,,0,75,,10960,0,,,0,35,,10954,0,,,0,75,,10954,159,4,,0,35,,10939,0,,,0,75,,10946,0,,,0,75,,10949,0,,,0,40,,10949,159,4,,0,80,,10956,159,4,,0,80,,10962,0,,,0,30,,10962,159,4,,0,70,,10961,0,,,0,30,,10961,159,4,,0,70,,10964,159,4,,0,30,,10938,0,,,0,70,,10940,0,,,0,30,,10940,170,4,,0
1600,'bec99aa0-a127-4e27-ae17-e4c7db42f9ba',1020,,10969,0,,,0,35,,10969,159,4,,0,75,,10972,0,,,0,75,,10972,159,4,,0,35,,10966,0,,,0,75,,10966,159,4,,0,35,,10975,159,4,,0,75,,10971,0,,,0,75,,10974,0,,,0,35,,10974,159,4,,0,75,,10968,159,4,,0,35,,10970,0,,,0,75,,10970,159,4,,0,35,,10976,170,4,,0
5000,'294e58fc-bc13-4a33-bb1d-a337996c2e9c',638,,11010,0,,,0,62,,10983,448,4,,0,2,,10981,0,,,0,22,,11001,448,4,,0,4,,11003,0,,,0,20,,11010,448,4,,0,6,,10988,0,,,0,63,,10981,448,4,,0,3,,11006,0,,,0,23,,11003,448,4,,0,3,,10992,0,,,0,63,,10988,448,4,,0,3,,10980,0,,,0,23,,11006,448,4,,0,3,,10978,0,,,0,20,,10992,448,4,,0,46,,10993,0,,,0,22,,10980,448,4,,0,4,,10990,0,,,0,20,,10978,448,4,,0,8,,11011,0,,,0,56,,10993,401,4,,0,31,,11002,0,,,0,70,,11011,448,4,,0,3,,11009,0,,,0,84,,10994,0,,,0,32,,11009,448,4,,0,2,,11007,0,,,0,68,,10995,0,,,0,15,,10994,448,4,,0,10,,10987,0,,,0,24,,10985,448,4,,0,5,,10996,0,,,0,62,,10995,448,4,,0,5,,11005,0,,,0,23,,10987,448,4,,0,4,,11012,0,,,0,65,,10996,448,4,,0,2,,10999,0,,,0,34,,11005,448,4,,0,72,,10997,0,,,0,27,,10999,448,4,,0,74,,11008,0,,,0,24,,10997,448,4,,0,64,,10998,0,,,0,26,,11000,0,,,0,64,,10989,448,4,,0,3,,10986,0,,,0,20,,10998,448,4,,0,3,,10982,0,,,0,90,,11004,0,,,0,23,,10991,0,,,0,90,,10979,0,,,0
5000,'8ab1f009-ab59-4a8c-9771-20e344a37dba',700,,11020,448,4,,0,5,,11031,0,,,0,35,,11021,448,4,,0,75,,11041,0,,,0,35,,11037,448,4,,0,75,,11015,0,,,0,75,,11034,448,4,,0,35,,11015,448,4,,0,75,,11023,0,,,0,35,,11022,448,4,,0,77,,11023,448,4,,0,80,,11028,0,,,0,37,,11032,0,,,0,80,,11028,448,4,,0,37,,11039,448,4,,0,80,,11026,448,4,,0,77,,11029,0,,,0,40,,11019,0,,,0,77,,11029,448,4,,0,78,,11019,448,4,,0,37,,11033,448,4,,0,73,,11024,448,4,,0,2,,11030,0,,,0,35,,11040,448,4,,0,75,,11016,0,,,0,75,,11014,0,,,0,35,,11025,0,,,0
5000,'8e972226-8e68-4b6a-9fd3-2e7f449277f5',638,,11074,0,,,0,62,,11067,448,4,,0,2,,11049,0,,,0,22,,11051,448,4,,0,4,,11059,0,,,0,20,,11074,448,4,,0,6,,11045,0,,,0,63,,11049,448,4,,0,3,,11057,0,,,0,23,,11059,448,4,,0,3,,11054,0,,,0,63,,11045,448,4,,0,3,,11043,0,,,0,23,,11057,448,4,,0,3,,11064,0,,,0,20,,11054,448,4,,0,46,,11071,0,,,0,22,,11043,448,4,,0,4,,11070,0,,,0,20,,11064,448,4,,0,8,,11077,0,,,0,56,,11071,401,4,,0,31,,11070,448,4,,0,70,,11077,448,4,,0,3,,11063,0,,,0,84,,11053,0,,,0,32,,11063,448,4,,0,2,,11062,0,,,0,68,,11052,0,,,0,15,,11053,448,4,,0,10,,11046,0,,,0,24,,11044,448,4,,0,5,,11042,0,,,0,62,,11052,448,4,,0,5,,11060,0,,,0,23,,11046,448,4,,0,4,,11066,0,,,0,65,,11042,448,4,,0,2,,11076,0,,,0,34,,11056,0,,,0,72,,11066,448,4,,0,27,,11055,0,,,0,74,,11056,448,4,,0,24,,11075,0,,,0,64,,11072,0,,,0,26,,11048,0,,,0,64,,11075,448,4,,0,3,,11058,0,,,0,20,,11072,448,4,,0,3,,11065,0,,,0,90,,11047,0,,,0,23,,11073,0,,,0,90,,11061,0,,,0
5000,'9493548d-afad-4b26-be65-c3aa23941f37',638,,11091,0,,,0,62,,11107,448,4,,0,2,,11097,0,,,0,22,,11106,448,4,,0,4,,11102,0,,,0,20,,11091,448,4,,0,6,,11079,0,,,0,63,,11097,448,4,,0,3,,11090,0,,,0,23,,11102,448,4,,0,3,,11082,0,,,0,63,,11079,448,4,,0,3,,11085,0,,,0,23,,11090,448,4,,0,3,,11093,0,,,0,20,,11082,448,4,,0,46,,11078,0,,,0,22,,11085,448,4,,0,4,,11111,0,,,0,20,,11093,448,4,,0,8,,11099,0,,,0,56,,11078,401,4,,0,31,,11111,448,4,,0,70,,11099,448,4,,0,3,,11086,0,,,0,84,,11084,0,,,0,32,,11086,448,4,,0,2,,11103,0,,,0,68,,11087,0,,,0,15,,11084,448,4,,0,10,,11104,0,,,0,24,,11108,448,4,,0,5,,11105,0,,,0,62,,11087,448,4,,0,5,,11096,0,,,0,23,,11104,448,4,,0,4,,11109,0,,,0,65,,11105,448,4,,0,2,,11101,0,,,0,34,,11096,448,4,,0,72,,11109,448,4,,0,27,,11088,0,,,0,74,,11094,0,,,0,24,,11100,448,4,,0,64,,11088,448,4,,0,26,,11113,0,,,0,64,,11081,448,4,,0,3,,11080,0,,,0,20,,11095,448,4,,0,3,,11083,0,,,0,90,,11080,448,4,,0,23,,11110,0,,,0,90,,11089,0,,,0
5000,'9577949b-c1b9-4893-a4cc-d601db41a1fc',638,,11131,0,,,0,62,,11126,448,4,,0,2,,11137,0,,,0,22,,11125,448,4,,0,4,,11127,0,,,0,20,,11131,448,4,,0,6,,11141,0,,,0,63,,11137,448,4,,0,3,,11120,0,,,0,23,,11127,448,4,,0,3,,11129,0,,,0,63,,11141,448,4,,0,3,,11123,0,,,0,23,,11120,448,4,,0,3,,11114,0,,,0,20,,11129,448,4,,0,46,,11128,0,,,0,22,,11123,448,4,,0,4,,11145,0,,,0,20,,11114,448,4,,0,8,,11140,0,,,0,56,,11128,401,4,,0,31,,11145,448,4,,0,70,,11140,448,4,,0,3,,11135,0,,,0,84,,11132,448,4,,0,32,,11135,448,4,,0,2,,11134,0,,,0,68,,11142,0,,,0,15,,11149,448,4,,0,10,,11117,0,,,0,24,,11144,448,4,,0,5,,11143,0,,,0,62,,11142,448,4,,0,5,,11138,0,,,0,23,,11117,448,4,,0,4,,11121,0,,,0,65,,11143,448,4,,0,2,,11119,0,,,0,34,,11116,0,,,0,72,,11118,0,,,0,27,,11133,0,,,0,74,,11116,448,4,,0,24,,11118,448,4,,0,64,,11133,448,4,,0,26,,11147,0,,,0,64,,11136,448,4,,0,3,,11124,0,,,0,20,,11146,448,4,,0,3,,11115,0,,,0,90,,11130,0,,,0,23,,11122,0,,,0,90,,11139,0,,,0
5000,'991a1488-6339-4798-a1ff-4cc199131854',638,,11177,0,,,0,62,,11160,448,4,,0,2,,11163,0,,,0,22,,11185,448,4,,0,4,,11172,0,,,0,20,,11177,448,4,,0,6,,11171,0,,,0,63,,11163,448,4,,0,3,,11175,0,,,0,23,,11172,448,4,,0,3,,11180,0,,,0,63,,11171,448,4,,0,3,,11157,0,,,0,23,,11175,448,4,,0,3,,11182,0,,,0,20,,11180,448,4,,0,46,,11162,0,,,0,22,,11157,448,4,,0,4,,11155,0,,,0,20,,11182,448,4,,0,8,,11165,0,,,0,56,,11162,401,4,,0,31,,11155,448,4,,0,70,,11165,448,4,,0,3,,11154,0,,,0,84,,11178,448,4,,0,32,,11154,448,4,,0,2,,11181,0,,,0,68,,11176,0,,,0,15,,11168,448,4,,0,10,,11167,0,,,0,24,,11169,448,4,,0,5,,11164,0,,,0,62,,11176,448,4,,0,5,,11153,0,,,0,23,,11167,448,4,,0,4,,11156,0,,,0,65,,11164,448,4,,0,2,,11150,0,,,0,34,,11184,0,,,0,72,,11170,0,,,0,27,,11174,0,,,0,74,,11159,0,,,0,24,,11158,0,,,0,64,,11174,448,4,,0,26,,11179,0,,,0,64,,11158,448,4,,0,3,,11152,0,,,0,20,,11151,448,4,,0,3,,11173,0,,,0,90,,11152,448,4,,0,23,,11161,0,,,0,90,,11166,0,,,0
5000,'bec99aa0-a127-4e27-ae17-e4c7db42f9ba',1000,,11198,448,4,,0,35,,11186,448,4,,0,75,,11202,448,4,,0,35,,11191,0,,,0,75,,11188,0,,,0,35,,11191,448,4,,0,75,,11188,448,4,,0,75,,11190,0,,,0,35,,11193,0,,,0,75,,11190,448,4,,0,35,,11193,448,4,,0,75,,11194,0,,,0,75,,11199,448,4,,0,35,,11197,0,,,0,70,,11203,0,,,0,5,,11201,0,,,0
5000,'c38342c9-8898-48ff-bb56-4ee52481c507',1000,,11204,0,,,0,35,,11214,409,4,,0,75,,11204,448,4,,0,35,,11209,0,,,0,75,,11206,0,,,0,35,,11209,448,4,,0,75,,11206,448,4,,0,75,,11219,448,4,,0,35,,11216,0,,,0,75,,11221,448,4,,0,35,,11216,448,4,,0,75,,11220,0,,,0,75,,11211,0,,,0,35,,11205,0,,,0,75,,11217,0,,,0,35,,11208,0,,,0,10,,11207,0,,,0
5103,'294e58fc-bc13-4a33-bb1d-a337996c2e9c',613,,11235,0,0,6 1 7,0,15,,11276,0,0,6 1 7,0,15,,11232,0,0,6 1 7,0,15,,11225,0,0,6 1 7,0,55,,11238,0,0,6 1 7,0,15,,11291,0,0,6 1 7,0,15,,11296,0,0,6 1 7,0,15,,11275,0,0,6 1 7,0,53,,11255,0,0,6 1 7,0,13,,11231,0,0,6 1 7,0,17,,11289,0,0,6 1 7,0,17,,11266,0,0,6 1 7,0,57,,11278,0,0,6 1 7,0,17,,11295,0,0,6 1 7,0,16,,11247,0,0,6 1 7,0,55,,11297,0,0,6 1 7,0,15,,11241,0,0,6 1 7,0,15,,11269,0,0,6 1 7,0,16,,11242,0,0,6 1 7,0,57,,11259,0,0,6 1 7,0,15,,11223,0,0,6 1 7,0,15,,11222,0,0,6 1 7,0,15,,11279,0,0,6 1 7,0,56,,11261,0,0,6 1 7,0,15,,11226,0,0,6 1 7,0,16,,11262,0,0,6 1 7,0,16,,11286,0,0,6 1 7,0,53,,11254,0,0,6 1 7,0,14,,11267,0,0,6 1 7,0,15,,11244,0,0,6 1 7,0,14,,11229,0,0,6 1 7,0,54,,11253,0,0,6 1 7,0,14,,11277,0,0,6 1 7,0,14,,11243,0,0,6 1 7,0,14,,11249,0,0,6 1 7,0,56,,11240,0,0,6 1 7,0,16,,11233,0,0,6 1 7,0,16,,11273,0,0,6 1 7,0,14,,11252,0,0,6 1 7,0,54,,11263,0,0,6 1 7,0,14,,11236,0,0,6 1 7,0,14,,11256,0,0,6 1 7,0,16,,11268,0,0,6 1 7,0,54,,11224,0,0,6 1 7,0,16,,11270,0,0,6 1 7,0,15,,11292,0,0,6 1 7,0,15,,11250,0,0,6 1 7,0,54,,11248,0,0,6 1 7,0,14,,11265,0,0,6 1 7,0,14,,11287,0,0,6 1 7,0,15,,11283,0,0,6 1 7,0,12,,11257,0,0,6 1 7,0,54,,11274,0,0,6 1 7,0,14,,11290,0,0,6 1 7,0,14,,11293,0,0,6 1 7,0,14,,11245,0,0,6 1 7,0,54,,11282,0,0,6 1 7,0,14,,11294,0,0,6 1 7,0,16,,11260,0,0,6 1 7,0,16,,11271,0,0,6 1 7,0,58,,11246,0,0,6 1 7,0,14,,11237,0,0,6 1 7,0,14,,11285,0,0,6 1 7,0,14,,11280,0,0,6 1 7,0,54,,11281,0,0,6 1 7,0,10,,11251,0,0,6 1 7,0,16,,11288,0,0,6 1 7,0,17,,11230,0,0,6 1 7,0,66,,11284,0,0,6 1 7,0
5103,'8ab1f009-ab59-4a8c-9771-20e344a37dba',617,,11298,0,0,6 1 7,0,15,,11346,0,0,6 1 7,0,15,,11366,0,0,6 1 7,0,55,,11320,0,0,6 1 7,0,15,,11341,0,0,6 1 7,0,15,,11348,0,0,6 1 7,0,15,,11337,0,0,6 1 7,0,58,,11338,0,0,6 1 7,0,18,,11361,0,0,6 1 7,0,18,,11359,0,0,6 1 7,0,16,,11340,0,0,6 1 7,0,55,,11335,0,0,6 1 7,0,15,,11309,0,0,6 1 7,0,17,,11367,0,0,6 1 7,0,58,,11350,0,0,6 1 7,0,17,,11304,0,0,6 1 7,0,16,,11324,0,0,6 1 7,0,16,,11312,0,0,6 1 7,0,54,,11344,0,0,6 1 7,0,22,,11302,0,0,6 1 7,0,23,,11363,0,0,6 1 7,0,59,,11334,0,0,6 1 7,0,19,,11315,0,0,6 1 7,0,16,,11306,0,0,6 1 7,0,56,,11328,0,0,6 1 7,0,16,,11307,0,0,6 1 7,0,15,,11317,0,0,6 1 7,0,16,,11352,0,0,6 1 7,0,56,,11347,0,0,6 1 7,0,18,,11316,0,0,6 1 7,0,16,,11327,0,0,6 1 7,0,17,,11326,0,0,6 1 7,0,56,,11365,0,0,6 1 7,0,16,,11333,0,0,6 1 7,0,16,,11355,0,0,6 1 7,0,16,,11319,0,0,6 1 7,0,60,,11308,0,0,6 1 7,0,15,,11329,0,0,6 1 7,0,16,,11356,0,0,6 1 7,0,56,,11323,0,0,6 1 7,0,17,,11353,0,0,6 1 7,0,17,,11357,0,0,6 1 7,0,17,,11360,0,0,6 1 7,0,58,,11331,0,0,6 1 7,0,18,,11310,0,0,6 1 7,0,16,,11358,0,0,6 1 7,0,53,,11322,0,0,6 1 7,0,9,,11311,0,0,6 1 7,0,17,,11336,0,0,6 1 7,0,17,,11300,0,0,6 1 7,0,58,,11313,0,0,6 1 7,0,18,,11332,0,0,6 1 7,0,16,,11305,0,0,6 1 7,0,15,,11345,0,0,6 1 7,0,56,,11339,0,0,6 1 7,0,17,,11349,0,0,6 1 7,0,17,,11318,0,0,6 1 7,0,18,,11299,0,0,6 1 7,0,56,,11303,0,0,6 1 7,0,15,,11325,0,0,6 1 7,0,16,,11362,0,0,6 1 7,0,57,,11342,0,0,6 1 7,0
5103,'8e972226-8e68-4b6a-9fd3-2e7f449277f5',613,,11389,0,0,6 1 7,0,15,,11407,0,0,6 1 7,0,15,,11373,0,0,6 1 7,0,15,,11402,0,0,6 1 7,0,55,,11427,0,0,6 1 7,0,15,,11384,0,0,6 1 7,0,15,,11412,0,0,6 1 7,0,15,,11415,0,0,6 1 7,0,53,,11396,0,0,6 1 7,0,13,,11430,0,0,6 1 7,0,17,,11433,0,0,6 1 7,0,17,,11436,0,0,6 1 7,0,57,,11411,0,0,6 1 7,0,17,,11416,0,0,6 1 7,0,16,,11424,0,0,6 1 7,0,55,,11371,0,0,6 1 7,0,15,,11426,0,0,6 1 7,0,15,,11375,0,0,6 1 7,0,16,,11374,0,0,6 1 7,0,57,,11438,0,0,6 1 7,0,15,,11388,0,0,6 1 7,0,15,,11401,0,0,6 1 7,0,15,,11405,0,0,6 1 7,0,56,,11387,0,0,6 1 7,0,15,,11429,0,0,6 1 7,0,16,,11376,0,0,6 1 7,0,16,,11378,0,0,6 1 7,0,53,,11418,0,0,6 1 7,0,14,,11391,0,0,6 1 7,0,15,,11441,0,0,6 1 7,0,14,,11399,0,0,6 1 7,0,54,,11377,0,0,6 1 7,0,14,,11417,0,0,6 1 7,0,14,,11372,0,0,6 1 7,0,14,,11431,0,0,6 1 7,0,56,,11425,0,0,6 1 7,0,16,,11368,0,0,6 1 7,0,16,,11380,0,0,6 1 7,0,14,,11432,0,0,6 1 7,0,54,,11409,0,0,6 1 7,0,14,,11414,0,0,6 1 7,0,14,,11442,0,0,6 1 7,0,16,,11404,0,0,6 1 7,0,54,,11369,0,0,6 1 7,0,16,,11408,0,0,6 1 7,0,15,,11386,0,0,6 1 7,0,15,,11379,0,0,6 1 7,0,54,,11400,0,0,6 1 7,0,14,,11443,0,0,6 1 7,0,14,,11422,0,0,6 1 7,0,15,,11420,0,0,6 1 7,0,12,,11428,0,0,6 1 7,0,54,,11403,0,0,6 1 7,0,14,,11440,0,0,6 1 7,0,14,,11382,0,0,6 1 7,0,14,,11395,0,0,6 1 7,0,54,,11381,0,0,6 1 7,0,14,,11419,0,0,6 1 7,0,16,,11393,0,0,6 1 7,0,16,,11413,0,0,6 1 7,0,58,,11397,0,0,6 1 7,0,14,,11370,0,0,6 1 7,0,14,,11410,0,0,6 1 7,0,14,,11398,0,0,6 1 7,0,54,,11421,0,0,6 1 7,0,10,,11435,0,0,6 1 7,0,16,,11390,0,0,6 1 7,0,17,,11406,0,0,6 1 7,0,66,,11439,0,0,6 1 7,0
5103,'9493548d-afad-4b26-be65-c3aa23941f37',613,,11473,0,0,6 1 7,0,15,,11505,0,0,6 1 7,0,15,,11468,0,0,6 1 7,0,15,,11475,0,0,6 1 7,0,55,,11451,0,0,6 1 7,0,15,,11489,0,0,6 1 7,0,15,,11486,0,0,6 1 7,0,15,,11516,0,0,6 1 7,0,53,,11471,0,0,6 1 7,0,13,,11503,0,0,6 1 7,0,17,,11476,0,0,6 1 7,0,17,,11456,0,0,6 1 7,0,57,,11467,0,0,6 1 7,0,17,,11472,0,0,6 1 7,0,16,,11518,0,0,6 1 7,0,55,,11462,0,0,6 1 7,0,15,,11504,0,0,6 1 7,0,15,,11509,0,0,6 1 7,0,16,,11511,0,0,6 1 7,0,57,,11485,0,0,6 1 7,0,15,,11464,0,0,6 1 7,0,15,,11495,0,0,6 1 7,0,15,,11449,0,0,6 1 7,0,56,,11494,0,0,6 1 7,0,15,,11491,0,0,6 1 7,0,16,,11479,0,0,6 1 7,0,16,,11461,0,0,6 1 7,0,53,,11513,0,0,6 1 7,0,14,,11508,0,0,6 1 7,0,15,,11493,0,0,6 1 7,0,14,,11448,0,0,6 1 7,0,54,,11444,0,0,6 1 7,0,14,,11502,0,0,6 1 7,0,14,,11455,0,0,6 1 7,0,14,,11481,0,0,6 1 7,0,56,,11506,0,0,6 1 7,0,16,,11510,0,0,6 1 7,0,16,,11482,0,0,6 1 7,0,14,,11463,0,0,6 1 7,0,54,,11492,0,0,6 1 7,0,14,,11488,0,0,6 1 7,0,14,,11512,0,0,6 1 7,0,16,,11483,0,0,6 1 7,0,54,,11498,0,0,6 1 7,0,16,,11470,0,0,6 1 7,0,15,,11507,0,0,6 1 7,0,15,,11466,0,0,6 1 7,0,54,,11478,0,0,6 1 7,0,14,,11501,0,0,6 1 7,0,14,,11514,0,0,6 1 7,0,15,,11447,0,0,6 1 7,0,12,,11454,0,0,6 1 7,0,54,,11458,0,0,6 1 7,0,14,,11500,0,0,6 1 7,0,14,,11477,0,0,6 1 7,0,14,,11445,0,0,6 1 7,0,54,,11469,0,0,6 1 7,0,14,,11460,0,0,6 1 7,0,16,,11465,0,0,6 1 7,0,16,,11450,0,0,6 1 7,0,58,,11459,0,0,6 1 7,0,14,,11457,0,0,6 1 7,0,14,,11496,0,0,6 1 7,0,14,,11480,0,0,6 1 7,0,54,,11474,0,0,6 1 7,0,10,,11499,0,0,6 1 7,0,16,,11517,0,0,6 1 7,0,17,,11515,0,0,6 1 7,0,66,,11484,0,0,6 1 7,0
5103,'9577949b-c1b9-4893-a4cc-d601db41a1fc',613,,11538,0,0,6 1 7,0,15,,11558,0,0,6 1 7,0,15,,11521,0,0,6 1 7,0,15,,11530,0,0,6 1 7,0,55,,11579,0,0,6 1 7,0,15,,11529,0,0,6 1 7,0,15,,11539,0,0,6 1 7,0,15,,11587,0,0,6 1 7,0,53,,11554,0,0,6 1 7,0,13,,11534,0,0,6 1 7,0,17,,11547,0,0,6 1 7,0,17,,11576,0,0,6 1 7,0,57,,11555,0,0,6 1 7,0,17,,11556,0,0,6 1 7,0,16,,11553,0,0,6 1 7,0,55,,11585,0,0,6 1 7,0,15,,11584,0,0,6 1 7,0,15,,11544,0,0,6 1 7,0,16,,11543,0,0,6 1 7,0,57,,11580,0,0,6 1 7,0,15,,11523,0,0,6 1 7,0,15,,11575,0,0,6 1 7,0,15,,11561,0,0,6 1 7,0,56,,11592,0,0,6 1 7,0,15,,11582,0,0,6 1 7,0,16,,11528,0,0,6 1 7,0,16,,11557,0,0,6 1 7,0,53,,11571,0,0,6 1 7,0,14,,11527,0,0,6 1 7,0,15,,11574,0,0,6 1 7,0,14,,11550,0,0,6 1 7,0,54,,11560,0,0,6 1 7,0,14,,11542,0,0,6 1 7,0,14,,11581,0,0,6 1 7,0,14,,11532,0,0,6 1 7,0,56,,11594,0,0,6 1 7,0,16,,11533,0,0,6 1 7,0,16,,11522,0,0,6 1 7,0,14,,11541,0,0,6 1 7,0,54,,11548,0,0,6 1 7,0,14,,11570,0,0,6 1 7,0,14,,11526,0,0,6 1 7,0,16,,11559,0,0,6 1 7,0,54,,11545,0,0,6 1 7,0,16,,11567,0,0,6 1 7,0,15,,11593,0,0,6 1 7,0,15,,11586,0,0,6 1 7,0,54,,11569,0,0,6 1 7,0,14,,11563,0,0,6 1 7,0,14,,11562,0,0,6 1 7,0,15,,11535,0,0,6 1 7,0,12,,11546,0,0,6 1 7,0,54,,11551,0,0,6 1 7,0,14,,11536,0,0,6 1 7,0,14,,11589,0,0,6 1 7,0,14,,11595,0,0,6 1 7,0,54,,11565,0,0,6 1 7,0,14,,11540,0,0,6 1 7,0,16,,11583,0,0,6 1 7,0,16,,11568,0,0,6 1 7,0,58,,11552,0,0,6 1 7,0,14,,11520,0,0,6 1 7,0,14,,11577,0,0,6 1 7,0,14,,11564,0,0,6 1 7,0,54,,11578,0,0,6 1 7,0,10,,11537,0,0,6 1 7,0,16,,11549,0,0,6 1 7,0,17,,11588,0,0,6 1 7,0,66,,11590,0,0,6 1 7,0
5103,'991a1488-6339-4798-a1ff-4cc199131854',613,,11624,0,0,6 1 7,0,15,,11655,0,0,6 1 7,0,15,,11630,0,0,6 1 7,0,15,,11609,0,0,6 1 7,0,55,,11667,0,0,6 1 7,0,15,,11617,0,0,6 1 7,0,15,,11614,0,0,6 1 7,0,15,,11612,0,0,6 1 7,0,53,,11668,0,0,6 1 7,0,13,,11670,0,0,6 1 7,0,17,,11643,0,0,6 1 7,0,17,,11664,0,0,6 1 7,0,57,,11665,0,0,6 1 7,0,17,,11625,0,0,6 1 7,0,16,,11666,0,0,6 1 7,0,55,,11608,0,0,6 1 7,0,15,,11634,0,0,6 1 7,0,15,,11648,0,0,6 1 7,0,16,,11616,0,0,6 1 7,0,57,,11642,0,0,6 1 7,0,15,,11628,0,0,6 1 7,0,15,,11633,0,0,6 1 7,0,15,,11644,0,0,6 1 7,0,56,,11606,0,0,6 1 7,0,15,,11605,0,0,6 1 7,0,16,,11619,0,0,6 1 7,0,16,,11598,0,0,6 1 7,0,53,,11631,0,0,6 1 7,0,14,,11632,0,0,6 1 7,0,15,,11653,0,0,6 1 7,0,14,,11669,0,0,6 1 7,0,54,,11603,0,0,6 1 7,0,14,,11671,0,0,6 1 7,0,14,,11662,0,0,6 1 7,0,14,,11597,0,0,6 1 7,0,56,,11646,0,0,6 1 7,0,16,,11637,0,0,6 1 7,0,16,,11602,0,0,6 1 7,0,14,,11620,0,0,6 1 7,0,54,,11652,0,0,6 1 7,0,14,,11622,0,0,6 1 7,0,14,,11611,0,0,6 1 7,0,16,,11650,0,0,6 1 7,0,54,,11639,0,0,6 1 7,0,16,,11647,0,0,6 1 7,0,15,,11600,0,0,6 1 7,0,15,,11663,0,0,6 1 7,0,54,,11607,0,0,6 1 7,0,14,,11649,0,0,6 1 7,0,14,,11626,0,0,6 1 7,0,15,,11618,0,0,6 1 7,0,12,,11596,0,0,6 1 7,0,54,,11658,0,0,6 1 7,0,14,,11638,0,0,6 1 7,0,14,,11621,0,0,6 1 7,0,14,,11601,0,0,6 1 7,0,54,,11610,0,0,6 1 7,0,14,,11651,0,0,6 1 7,0,16,,11654,0,0,6 1 7,0,16,,11635,0,0,6 1 7,0,58,,11656,0,0,6 1 7,0,14,,11623,0,0,6 1 7,0,14,,11657,0,0,6 1 7,0,14,,11615,0,0,6 1 7,0,54,,11661,0,0,6 1 7,0,10,,11640,0,0,6 1 7,0,16,,11604,0,0,6 1 7,0,17,,11645,0,0,6 1 7,0,66,,11627,0,0,6 1 7,0
5103,'bec99aa0-a127-4e27-ae17-e4c7db42f9ba',918,,11683,0,0,6 1 7,0,25,,11696,0,0,6 1 7,0,58,,11676,0,0,6 1 7,0,18,,11695,0,0,6 1 7,0,18,,11701,0,0,6 1 7,0,18,,11690,0,0,6 1 7,0,58,,11672,0,0,6 1 7,0,18,,11678,0,0,6 1 7,0,18,,11697,0,0,6 1 7,0,58,,11702,0,0,6 1 7,0,18,,11675,0,0,6 1 7,0,18,,11680,0,0,6 1 7,0,58,,11673,0,0,6 1 7,0,21,,11699,0,0,6 1 7,0,18,,11693,0,0,6 1 7,0,18,,11700,0,0,6 1 7,0,58,,11703,0,0,6 1 7,0,18,,11687,0,0,6 1 7,0,18,,11685,0,0,6 1 7,0,60,,11698,0,0,6 1 7,0,20,,11694,0,0,6 1 7,0,19,,11691,0,0,6 1 7,0,58,,11684,0,0,6 1 7,0,18,,11686,0,0,6 1 7,0,18,,11674,0,0,6 1 7,0,58,,11677,0,0,6 1 7,0,16,,11682,0,0,6 1 7,0,20,,11681,0,0,6 1 7,0,18,,11689,0,0,6 1 7,0,58,,11679,0,0,6 1 7,0
5103,'c38342c9-8898-48ff-bb56-4ee52481c507',1015,,11704,0,0,6 1 7,0,35,,11709,0,0,6 1 7,0,75,,11710,0,0,6 1 7,0,75,,11706,0,0,6 1 7,0,35,,11711,0,0,6 1 7,0,75,,11716,0,0,6 1 7,0,35,,11707,0,0,6 1 7,0,75,,11717,0,0,6 1 7,0,35,,11719,0,0,6 1 7,0,75,,11715,0,0,6 1 7,0,75,,11718,0,0,6 1 7,0,35,,11712,0,0,6 1 7,0,75,,11708,0,0,6 1 7,0,35,,11713,0,0,6 1 7,0,75,,11705,0,0,6 1 7,0
5104,'294e58fc-bc13-4a33-bb1d-a337996c2e9c',625,,11746,191,4,,0,16,,11764,191,4,,0,13,,11782,191,4,,0,55,,11777,191,4,,0,17,,11791,191,4,,0,14,,11776,191,4,,0,63,,11770,191,4,,0,15,,11729,191,4,,0,20,,11730,191,4,,0,17,,11725,191,4,,0,55,,11728,191,4,,0,18,,11748,191,4,,0,15,,11774,191,4,,0,13,,11759,191,4,,0,54,,11750,191,4,,0,17,,11749,191,4,,0,17,,11739,191,4,,0,57,,11761,191,4,,0,17,,11751,191,4,,0,16,,11745,191,4,,0,16,,11755,191,4,,0,56,,11724,191,4,,0,15,,11783,191,4,,0,16,,11754,191,4,,0,16,,11771,191,4,,0,53,,11736,191,4,,0,14,,11789,191,4,,0,14,,11765,191,4,,0,16,,11741,191,4,,0,54,,11726,191,4,,0,13,,11781,191,4,,0,15,,11773,191,4,,0,14,,11753,191,4,,0,55,,11737,191,4,,0,13,,11772,191,4,,0,20,,11758,191,4,,0,14,,11733,191,4,,0,54,,11766,191,4,,0,14,,11742,191,4,,0,14,,11738,191,4,,0,16,,11792,191,4,,0,54,,11722,191,4,,0,16,,11794,191,4,,0,15,,11744,191,4,,0,15,,11727,191,4,,0,54,,11769,191,4,,0,14,,11735,191,4,,0,14,,11797,191,4,,0,15,,11762,191,4,,0,9,,11784,191,4,,0,57,,11752,191,4,,0,12,,11721,191,4,,0,15,,11790,191,4,,0,11,,11786,191,4,,0,54,,11780,191,4,,0,12,,11787,191,4,,0,21,,11795,191,4,,0,16,,11768,191,4,,0,59,,11723,191,4,,0,14,,11757,191,4,,0,14,,11740,191,4,,0,14,,11763,191,4,,0,54,,11796,191,4,,0,10,,11785,191,4,,0,16,,11779,191,4,,0,17,,11734,191,4,,0,66,,11720,191,4,,0
5104,'8ab1f009-ab59-4a8c-9771-20e344a37dba',632,,11818,191,4,,0,15,,11837,191,4,,0,55,,11858,191,4,,0,15,,11832,191,4,,0,15,,11850,191,4,,0,14,,11808,191,4,,0,54,,11862,191,4,,0,22,,11861,191,4,,0,15,,11831,191,4,,0,15,,11841,191,4,,0,55,,11801,191,4,,0,15,,11864,191,4,,0,18,,11857,191,4,,0,18,,11830,191,4,,0,58,,11804,191,4,,0,16,,11865,191,4,,0,15,,11827,191,4,,0,55,,11811,191,4,,0,25,,11815,191,4,,0,18,,11860,191,4,,0,64,,11843,191,4,,0,16,,11807,191,4,,0,16,,11806,191,4,,0,12,,11800,191,4,,0,52,,11825,191,4,,0,12,,11812,191,4,,0,23,,11817,191,4,,0,19,,11855,191,4,,0,59,,11821,191,4,,0,12,,11824,191,4,,0,20,,11829,191,4,,0,56,,11810,191,4,,0,18,,11816,191,4,,0,16,,11846,191,4,,0,16,,11814,191,4,,0,58,,11809,191,4,,0,16,,11820,191,4,,0,17,,11845,191,4,,0,56,,11803,191,4,,0,19,,11839,191,4,,0,17,,11836,191,4,,0,15,,11834,191,4,,0,60,,11822,191,4,,0,15,,11805,191,4,,0,16,,11854,191,4,,0,56,,11848,191,4,,0,9,,11859,191,4,,0,17,,11842,191,4,,0,17,,11833,191,4,,0,58,,11849,191,4,,0,18,,11826,191,4,,0,16,,11835,191,4,,0,13,,11840,191,4,,0,57,,11838,191,4,,0,17,,11813,191,4,,0,18,,11823,191,4,,0,18,,11802,191,4,,0,56,,11799,191,4,,0,15,,11856,191,4,,0,16,,11844,191,4,,0,57,,11851,191,4,,0,10,,11819,191,4,,0,16,,11828,191,4,,0
5104,'8e972226-8e68-4b6a-9fd3-2e7f449277f5',625,,11883,191,4,,0,16,,11888,191,4,,0,13,,11867,191,4,,0,55,,11901,191,4,,0,17,,11869,191,4,,0,14,,11894,191,4,,0,63,,11866,191,4,,0,15,,11896,191,4,,0,20,,11905,191,4,,0,17,,11887,191,4,,0,55,,11881,191,4,,0,18,,11885,191,4,,0,15,,11902,191,4,,0,13,,11924,191,4,,0,54,,11939,191,4,,0,17,,11915,191,4,,0,17,,11926,191,4,,0,57,,11930,191,4,,0,17,,11873,191,4,,0,16,,11890,191,4,,0,16,,11927,191,4,,0,56,,11932,191,4,,0,15,,11878,191,4,,0,16,,11886,191,4,,0,16,,11897,191,4,,0,53,,11895,191,4,,0,14,,11934,191,4,,0,14,,11899,191,4,,0,16,,11892,191,4,,0,54,,11937,191,4,,0,13,,11874,191,4,,0,15,,11921,191,4,,0,14,,11941,191,4,,0,55,,11917,191,4,,0,13,,11931,191,4,,0,20,,11929,191,4,,0,14,,11935,191,4,,0,54,,11903,191,4,,0,14,,11943,191,4,,0,14,,11940,191,4,,0,16,,11936,191,4,,0,54,,11877,191,4,,0,16,,11942,191,4,,0,15,,11913,191,4,,0,15,,11909,191,4,,0,54,,11908,191,4,,0,14,,11923,191,4,,0,14,,11891,191,4,,0,15,,11919,191,4,,0,9,,11893,191,4,,0,57,,11925,191,4,,0,12,,11879,191,4,,0,15,,11918,191,4,,0,11,,11889,191,4,,0,54,,11900,191,4,,0,12,,11898,191,4,,0,21,,11914,191,4,,0,16,,11933,191,4,,0,59,,11882,191,4,,0,14,,11938,191,4,,0,14,,11876,191,4,,0,14,,11912,191,4,,0,54,,11875,191,4,,0,10,,11880,191,4,,0,16,,11870,191,4,,0,17,,11916,191,4,,0,66,,11906,191,4,,0
5104,'9493548d-afad-4b26-be65-c3aa23941f37',625,,12011,191,4,,0,16,,11954,191,4,,0,13,,12021,191,4,,0,55,,11970,191,4,,0,17,,12007,191,4,,0,14,,11976,191,4,,0,63,,11975,191,4,,0,15,,12020,191,4,,0,20,,11997,191,4,,0,17,,12013,191,4,,0,55,,11984,191,4,,0,18,,11988,191,4,,0,15,,11968,191,4,,0,13,,11972,191,4,,0,54,,11982,191,4,,0,17,,12000,191,4,,0,17,,11992,191,4,,0,57,,11987,191,4,,0,17,,11994,191,4,,0,16,,11995,191,4,,0,16,,12010,191,4,,0,56,,11945,191,4,,0,15,,11965,191,4,,0,16,,11990,191,4,,0,16,,11979,191,4,,0,53,,12006,191,4,,0,14,,11964,191,4,,0,14,,12003,191,4,,0,16,,12002,191,4,,0,54,,11973,191,4,,0,13,,11956,191,4,,0,15,,11974,191,4,,0,14,,11963,191,4,,0,55,,11978,191,4,,0,13,,11993,191,4,,0,20,,11949,191,4,,0,14,,11955,191,4,,0,54,,11944,191,4,,0,14,,11957,191,4,,0,14,,12004,191,4,,0,16,,11961,191,4,,0,54,,12012,191,4,,0,16,,11953,191,4,,0,15,,11977,191,4,,0,15,,11947,191,4,,0,54,,12018,191,4,,0,14,,11996,191,4,,0,14,,11962,191,4,,0,15,,12016,191,4,,0,9,,11952,191,4,,0,57,,11983,191,4,,0,12,,12014,191,4,,0,15,,11946,191,4,,0,11,,11950,191,4,,0,54,,11971,191,4,,0,12,,11948,191,4,,0,21,,11986,191,4,,0,16,,11966,191,4,,0,59,,11958,191,4,,0,14,,12001,191,4,,0,14,,11989,191,4,,0,14,,12015,191,4,,0,54,,12005,191,4,,0,10,,11998,191,4,,0,16,,11959,191,4,,0,17,,11991,191,4,,0,66,,12009,191,4,,0
5104,'9577949b-c1b9-4893-a4cc-d601db41a1fc',625,,12028,191,4,,0,16,,12082,191,4,,0,13,,12088,191,4,,0,55,,12054,191,4,,0,17,,12030,191,4,,0,14,,12049,191,4,,0,63,,12037,191,4,,0,15,,12093,191,4,,0,20,,12090,191,4,,0,17,,12039,191,4,,0,55,,12048,191,4,,0,18,,12081,191,4,,0,15,,12052,191,4,,0,13,,12071,191,4,,0,54,,12084,191,4,,0,17,,12051,191,4,,0,17,,12057,191,4,,0,57,,12035,191,4,,0,17,,12077,191,4,,0,16,,12029,191,4,,0,16,,12025,191,4,,0,56,,12047,191,4,,0,15,,12074,191,4,,0,16,,12027,191,4,,0,16,,12050,191,4,,0,53,,12091,191,4,,0,14,,12080,191,4,,0,14,,12040,191,4,,0,16,,12053,191,4,,0,54,,12023,191,4,,0,13,,12062,191,4,,0,15,,12097,191,4,,0,14,,12056,191,4,,0,55,,12065,191,4,,0,13,,12094,191,4,,0,20,,12061,191,4,,0,14,,12085,191,4,,0,54,,12024,191,4,,0,14,,12046,191,4,,0,14,,12070,191,4,,0,16,,12063,191,4,,0,54,,12087,191,4,,0,16,,12032,191,4,,0,15,,12075,191,4,,0,15,,12064,191,4,,0,54,,12073,191,4,,0,14,,12083,191,4,,0,14,,12078,191,4,,0,15,,12045,191,4,,0,9,,12042,191,4,,0,57,,12086,191,4,,0,12,,12076,191,4,,0,15,,12041,191,4,,0,11,,12055,191,4,,0,54,,12067,191,4,,0,12,,12044,191,4,,0,21,,12072,191,4,,0,16,,12033,191,4,,0,59,,12026,191,4,,0,14,,12031,191,4,,0,14,,12038,191,4,,0,14,,12034,191,4,,0,54,,12069,191,4,,0,10,,12058,191,4,,0,16,,12095,191,4,,0,17,,12068,191,4,,0,66,,12098,191,4,,0
5104,'991a1488-6339-4798-a1ff-4cc199131854',625,,12138,191,4,,0,16,,12139,191,4,,0,13,,12109,191,4,,0,55,,12129,191,4,,0,17,,12125,191,4,,0,14,,12158,191,4,,0,63,,12176,191,4,,0,15,,12123,191,4,,0,20,,12130,191,4,,0,17,,12165,191,4,,0,55,,12150,191,4,,0,18,,12126,191,4,,0,15,,12161,191,4,,0,13,,12152,191,4,,0,54,,12163,191,4,,0,17,,12100,191,4,,0,17,,12133,191,4,,0,57,,12141,191,4,,0,17,,12171,191,4,,0,16,,12119,191,4,,0,16,,12131,191,4,,0,56,,12159,191,4,,0,15,,12173,191,4,,0,16,,12101,191,4,,0,16,,12166,191,4,,0,53,,12111,191,4,,0,14,,12107,191,4,,0,14,,12128,191,4,,0,16,,12151,191,4,,0,54,,12172,191,4,,0,13,,12157,191,4,,0,15,,12116,191,4,,0,14,,12155,191,4,,0,55,,12160,191,4,,0,13,,12134,191,4,,0,20,,12137,191,4,,0,14,,12104,191,4,,0,54,,12105,191,4,,0,14,,12124,191,4,,0,14,,12115,191,4,,0,16,,12177,191,4,,0,54,,12153,191,4,,0,16,,12162,191,4,,0,15,,12102,191,4,,0,15,,12118,191,4,,0,54,,12142,191,4,,0,14,,12108,191,4,,0,14,,12132,191,4,,0,15,,12113,191,4,,0,9,,12145,191,4,,0,57,,12112,191,4,,0,12,,12169,191,4,,0,15,,12135,191,4,,0,11,,12117,191,4,,0,54,,12174,191,4,,0,12,,12136,191,4,,0,21,,12167,191,4,,0,16,,12121,191,4,,0,59,,12122,191,4,,0,14,,12164,191,4,,0,14,,12114,191,4,,0,14,,12154,191,4,,0,54,,12140,191,4,,0,10,,12175,191,4,,0,16,,12148,191,4,,0,17,,12103,191,4,,0,66,,12170,191,4,,0
5104,'bec99aa0-a127-4e27-ae17-e4c7db42f9ba',941,,12203,191,4,,0,59,,12201,191,4,,0,18,,12193,191,4,,0,11,,12202,191,4,,0,18,,12196,191,4,,0,79,,12185,191,4,,0,20,,12181,191,4,,0,58,,12188,191,4,,0,18,,12178,191,4,,0,18,,12207,191,4,,0,18,,12189,191,4,,0,61,,12205,191,4,,0,18,,12195,191,4,,0,18,,12183,191,4,,0,58,,12194,191,4,,0,18,,12208,191,4,,0,18,,12179,191,4,,0,63,,12209,191,4,,0,18,,12186,191,4,,0,18,,12200,191,4,,0,58,,12191,191,4,,0,18,,12190,191,4,,0,18,,12199,191,4,,0,60,,12184,191,4,,0,17,,12204,191,4,,0,20,,12206,191,4,,0,18,,12182,191,4,,0,58,,12180,191,4,,0,13,,12192,191,4,,0,4,,12197,191,4,,0
5104,'c38342c9-8898-48ff-bb56-4ee52481c507',1042,,12215,191,4,,0,78,,12223,191,4,,0,35,,12220,191,4,,0,75,,12219,191,4,,0,75,,12216,191,4,,0,35,,12210,191,4,,0,75,,12214,191,4,,0,35,,12212,191,4,,0,75,,12213,191,4,,0,75,,12211,191,4,,0,35,,12218,191,4,,0,75,,12224,191,4,,0,35,,12222,191,4,,0,75,,12225,191,4,,0,35,,12221,191,4,,0
6100,'294e58fc-bc13-4a33-bb1d-a337996c2e9c',535,,12451,0,,,0,75,,12451,157,4,,0,35,,12428,0,,,0,55,,12424,0,,,0,20,,12428,157,4,,0,15,,12424,157,4,,0,5,,12418,0,,,0,18,,12444,157,4,,0,42,,12440,0,,,0,18,,12418,157,4,,0,2,,12454,0,,,0,18,,12440,157,4,,0,2,,12436,0,,,0,18,,12454,157,4,,0,42,,12442,0,,,0,18,,12436,157,4,,0,2,,12453,0,,,0,18,,12442,157,4,,0,62,,12432,0,,,0,40,,12432,157,4,,0,80,,12416,0,,,0,80,,12447,0,,,0,40,,12447,157,4,,0,60,,12446,0,,,0,20,,12430,157,4,,0,5,,12426,0,,,0,15,,12446,157,4,,0,5,,12438,0,,,0,60,,12450,0,,,0,20,,12429,0,,,0,25,,12450,157,4,,0,60,,12429,157,4,,0,25,,12445,0,,,0,20,,12422,0,,,0,65,,12448,0,,,0,20,,12422,157,4,,0,65,,12448,157,4,,0,20,,12413,157,4,,0,25,,12434,157,4,,0,60,,12421,0,,,0,20,,12419,0,,,0,20,,12421,157,4,,0,60,,12419,157,4,,0,20,,12441,157,4,,0,15,,12439,157,4,,0,60,,12420,157,4,,0,15,,12425,157,4,,0,35,,12452,0,,,0,75,,12452,157,4,,0,75,,12415,0,,,0,35,,12427,0,,,0,75,,12449,0,,,0,30,,12449,157,4,,0
6100,'8ab1f009-ab59-4a8c-9771-20e344a37dba',610,,12459,0,,,0,35,,12459,157,4,,0,55,,12455,0,,,0,40,,12460,0,,,0,80,,12457,0,,,0,80,,12466,0,,,0,40,,12466,157,4,,0,80,,12474,0,,,0,80,,12474,157,4,,0,45,,12471,0,,,0,85,,12471,157,4,,0,85,,12475,157,4,,0,85,,12461,0,,,0,45,,12461,157,4,,0,85,,12472,157,4,,0,85,,12458,0,,,0,85,,12458,157,4,,0,45,,12465,157,4,,0,85,,12462,157,4,,0,75,,12478,0,,,0,35,,12478,157,4,,0,75,,12468,157,4,,0,35,,12477,0,,,0,75,,12477,157,4,,0,75,,12463,0,,,0,30,,12463,158,4,,0
6100,'8e972226-8e68-4b6a-9fd3-2e7f449277f5',535,,12491,0,,,0,75,,12491,157,4,,0,35,,12513,0,,,0,55,,12498,0,,,0,20,,12513,157,4,,0,15,,12498,157,4,,0,5,,12510,0,,,0,18,,12485,157,4,,0,42,,12519,0,,,0,18,,12510,157,4,,0,2,,12490,0,,,0,18,,12519,157,4,,0,2,,12507,0,,,0,18,,12490,157,4,,0,42,,12520,0,,,0,18,,12507,157,4,,0,2,,12504,0,,,0,18,,12520,157,4,,0,62,,12504,157,4,,0,40,,12511,0,,,0,80,,12511,157,4,,0,80,,12515,0,,,0,40,,12515,157,4,,0,60,,12482,0,,,0,20,,12512,157,4,,0,5,,12516,0,,,0,15,,12482,157,4,,0,5,,12488,0,,,0,60,,12492,0,,,0,20,,12488,157,4,,0,25,,12492,157,4,,0,60,,12495,0,,,0,25,,12489,0,,,0,20,,12509,0,,,0,65,,12489,157,4,,0,20,,12500,0,,,0,65,,12494,157,4,,0,20,,12500,157,4,,0,25,,12497,157,4,,0,60,,12501,0,,,0,20,,12514,0,,,0,20,,12501,157,4,,0,60,,12514,157,4,,0,20,,12517,0,,,0,15,,12518,0,,,0,60,,12517,157,4,,0,15,,12518,157,4,,0,35,,12480,157,4,,0,75,,12502,157,4,,0,75,,12506,0,,,0,35,,12506,157,4,,0,75,,12505,157,4,,0,30,,12493,157,4,,0
6100,'9493548d-afad-4b26-be65-c3aa23941f37',535,,12551,0,,,0,75,,12551,157,4,,0,35,,12545,0,,,0,55,,12559,0,,,0,20,,12535,0,,,0,15,,12559,157,4,,0,5,,12523,0,,,0,18,,12535,157,4,,0,42,,12522,0,,,0,18,,12523,157,4,,0,2,,12562,0,,,0,18,,12522,157,4,,0,2,,12547,0,,,0,18,,12562,157,4,,0,42,,12552,0,,,0,18,,12547,157,4,,0,2,,12538,0,,,0,18,,12552,157,4,,0,62,,12538,157,4,,0,40,,12540,157,4,,0,80,,12531,0,,,0,80,,12557,0,,,0,40,,12533,0,,,0,60,,12527,0,,,0,20,,12533,157,4,,0,5,,12558,0,,,0,15,,12527,157,4,,0,5,,12541,0,,,0,60,,12556,0,,,0,20,,12541,157,4,,0,25,,12556,157,4,,0,60,,12532,0,,,0,25,,12543,157,4,,0,20,,12532,157,4,,0,65,,12537,0,,,0,20,,12530,157,4,,0,65,,12534,0,,,0,20,,12555,0,,,0,25,,12534,157,4,,0,60,,12528,0,,,0,20,,12546,0,,,0,20,,12553,0,,,0,60,,12546,157,4,,0,20,,12553,157,4,,0,15,,12548,0,,,0,60,,12536,157,4,,0,15,,12560,0,,,0,35,,12561,0,,,0,75,,12542,0,,,0,75,,12542,157,4,,0,35,,12539,157,4,,0,75,,12524,0,,,0,30,,12524,157,4,,0
6100,'9577949b-c1b9-4893-a4cc-d601db41a1fc',535,,12576,0,,,0,75,,12576,157,4,,0,35,,12564,157,4,,0,55,,12573,0,,,0,20,,12599,0,,,0,15,,12573,157,4,,0,5,,12567,0,,,0,18,,12599,157,4,,0,42,,12596,0,,,0,18,,12567,157,4,,0,2,,12580,0,,,0,18,,12596,157,4,,0,2,,12575,0,,,0,18,,12580,157,4,,0,42,,12600,0,,,0,18,,12575,157,4,,0,2,,12586,0,,,0,18,,12600,157,4,,0,62,,12603,0,,,0,40,,12603,157,4,,0,80,,12588,157,4,,0,80,,12566,157,4,,0,40,,12568,0,,,0,60,,12587,0,,,0,20,,12568,157,4,,0,5,,12565,0,,,0,15,,12587,157,4,,0,5,,12590,0,,,0,60,,12570,0,,,0,20,,12590,157,4,,0,25,,12570,157,4,,0,60,,12593,157,4,,0,25,,12581,0,,,0,20,,12572,0,,,0,65,,12578,0,,,0,20,,12572,157,4,,0,65,,12578,157,4,,0,20,,12579,157,4,,0,25,,12604,0,,,0,60,,12574,0,,,0,20,,12604,157,4,,0,20,,12592,0,,,0,60,,12585,0,,,0,20,,12592,157,4,,0,15,,12585,157,4,,0,60,,12598,157,4,,0,15,,12571,0,,,0,35,,12571,157,4,,0,75,,12602,0,,,0,75,,12597,0,,,0,35,,12597,157,4,,0,75,,12583,0,,,0,30,,12583,157,4,,0
6100,'991a1488-6339-4798-a1ff-4cc199131854',535,,12641,0,,,0,75,,12641,157,4,,0,35,,12635,0,,,0,55,,12643,0,,,0,20,,12635,157,4,,0,15,,12643,157,4,,0,5,,12621,0,,,0,18,,12634,157,4,,0,42,,12622,0,,,0,18,,12621,157,4,,0,2,,12624,0,,,0,18,,12622,157,4,,0,2,,12619,0,,,0,18,,12624,157,4,,0,42,,12633,0,,,0,18,,12619,157,4,,0,2,,12636,0,,,0,18,,12633,157,4,,0,62,,12636,157,4,,0,40,,12639,0,,,0,80,,12615,0,,,0,80,,12615,157,4,,0,40,,12638,0,,,0,60,,12609,0,,,0,20,,12638,157,4,,0,5,,12606,0,,,0,15,,12609,157,4,,0,5,,12610,0,,,0,60,,12626,0,,,0,20,,12617,0,,,0,25,,12611,0,,,0,60,,12617,157,4,,0,25,,12611,157,4,,0,20,,12630,0,,,0,65,,12605,0,,,0,20,,12630,157,4,,0,65,,12605,157,4,,0,20,,12640,157,4,,0,25,,12646,0,,,0,60,,12612,157,4,,0,20,,12618,0,,,0,20,,12614,0,,,0,60,,12618,157,4,,0,20,,12614,157,4,,0,15,,12608,157,4,,0,60,,12607,157,4,,0,15,,12644,157,4,,0,35,,12632,0,,,0,75,,12632,157,4,,0,75,,12613,0,,,0,35,,12613,157,4,,0,75,,12642,0,,,0,30,,12642,157,4,,0
6100,'bec99aa0-a127-4e27-ae17-e4c7db42f9ba',930,,12647,0,,,0,80,,12647,157,4,,0,40,,12654,157,4,,0,80,,12656,0,,,0,80,,12656,157,4,,0,40,,12652,0,,,0,80,,12652,157,4,,0,80,,12657,157,4,,0,40,,12655,0,,,0,80,,12650,0,,,0,80,,12650,157,4,,0,40,,12659,0,,,0,80,,12658,0,,,0,75,,12658,158,4,,0
6100,'c38342c9-8898-48ff-bb56-4ee52481c507',1005,,12673,0,,,0,35,,12673,157,4,,0,75,,12664,157,4,,0,35,,12663,0,,,0,75,,12671,0,,,0,75,,12671,157,4,,0,35,,12665,0,,,0,75,,12665,157,4,,0,35,,12667,0,,,0,75,,12672,0,,,0,35,,12672,157,4,,0,75,,12666,157,4,,0,75,,12662,157,4,,0,5,,12670,0,,,0,35,,12674,0,,,0,75,,12674,157,4,,0,35,,12661,157,4,,0
6300,'294e58fc-bc13-4a33-bb1d-a337996c2e9c',630,,12892,0,,,0,70,,12892,166,4,,0,30,,12879,0,,,0,75,,12879,166,4,,0,35,,12896,166,4,,0,75,,12886,0,,,0,35,,12886,166,4,,0,75,,12898,0,,,0,75,,12898,166,4,,0,30,,12878,0,,,0,70,,12878,166,4,,0,30,,12893,0,,,0,75,,12893,166,4,,0,35,,12880,0,,,0,75,,12880,166,4,,0,35,,12883,166,4,,0,75,,12897,0,,,0,75,,12897,166,4,,0,35,,12903,0,,,0,75,,12903,166,4,,0,35,,12899,166,4,,0,75,,12891,0,,,0,35,,12885,0,,,0,75,,12885,166,4,,0,75,,12889,166,4,,0,35,,12894,0,,,0,70,,12894,166,4,,0,30,,12901,159,4,,0
6300,'8ab1f009-ab59-4a8c-9771-20e344a37dba',630,,12916,0,,,0,70,,12909,0,,,0,30,,12909,166,4,,0,75,,12912,0,,,0,35,,12929,0,,,0,75,,12929,166,4,,0,35,,12926,166,4,,0,75,,12924,0,,,0,75,,12911,0,,,0,30,,12908,0,,,0,70,,12913,0,,,0,30,,12925,0,,,0,75,,12925,166,4,,0,35,,12915,0,,,0,75,,12915,166,4,,0,35,,12914,0,,,0,75,,12914,166,4,,0,75,,12910,0,,,0,35,,12910,166,4,,0,75,,12918,166,4,,0,35,,12921,0,,,0,75,,12921,166,4,,0,35,,12928,0,,,0,75,,12917,0,,,0,75,,12917,166,4,,0,35,,12930,166,4,,0,70,,12923,0,0,5,0,30,,12923,159,4,,0
6300,'8e972226-8e68-4b6a-9fd3-2e7f449277f5',630,,12941,0,,,0,70,,12957,0,,,0,30,,12957,166,4,,0,75,,12943,0,,,0,35,,12943,166,4,,0,75,,12946,166,4,,0,35,,12958,0,,,0,75,,12953,0,,,0,75,,12950,0,,,0,30,,12950,166,4,,0,70,,12955,0,,,0,30,,12955,166,4,,0,75,,12933,166,4,,0,35,,12948,0,,,0,75,,12942,0,,,0,35,,12942,166,4,,0,75,,12939,0,,,0,75,,12952,0,,,0,35,,12952,166,4,,0,75,,12938,0,,,0,35,,12951,0,,,0,75,,12936,0,,,0,35,,12936,166,4,,0,75,,12954,166,4,,0,75,,12934,0,,,0,35,,12934,166,4,,0,70,,12945,0,0,5,0,30,,12945,159,4,,0
6300,'9493548d-afad-4b26-be65-c3aa23941f37',630,,12962,0,,,0,70,,12968,0,,,0,30,,12982,0,,,0,75,,12959,0,,,0,35,,12959,166,4,,0,75,,12964,0,,,0,35,,12964,166,4,,0,75,,12979,0,,,0,75,,12977,0,,,0,30,,12977,166,4,,0,70,,12980,0,,,0,30,,12983,0,,,0,75,,12983,166,4,,0,35,,12971,0,,,0,75,,12974,0,,,0,35,,12974,166,4,,0,75,,12978,0,,,0,75,,12978,166,4,,0,35,,12984,0,,,0,75,,12969,0,,,0,35,,12969,166,4,,0,75,,12960,0,,,0,35,,12960,166,4,,0,75,,12976,166,4,,0,75,,12967,0,,,0,35,,12963,0,,,0,70,,12963,166,4,,0,30,,12966,159,4,,0
6300,'9577949b-c1b9-4893-a4cc-d601db41a1fc',630,,13004,0,,,0,70,,13004,166,4,,0,30,,13001,166,4,,0,75,,13007,0,,,0,35,,13007,166,4,,0,75,,12988,166,4,,0,35,,12989,0,,,0,75,,12990,0,,,0,75,,12990,166,4,,0,30,,12994,0,,,0,70,,12994,166,4,,0,30,,13011,0,,,0,75,,12999,0,,,0,35,,12997,0,,,0,75,,12997,166,4,,0,35,,13000,166,4,,0,75,,12992,0,,,0,75,,12992,166,4,,0,35,,13005,166,4,,0,75,,13003,0,,,0,35,,13003,166,4,,0,75,,12998,0,,,0,35,,12998,166,4,,0,75,,13006,0,,,0,75,,13006,166,4,,0,35,,13008,166,4,,0,70,,13002,166,4,,0,30,,13012,159,4,,0
6300,'991a1488-6339-4798-a1ff-4cc199131854',630,,13016,0,,,0,70,,13037,0,,,0,30,,13037,166,4,,0,75,,13018,166,4,,0,35,,13025,0,,,0,75,,13025,166,4,,0,35,,13031,0,,,0,75,,13033,0,,,0,75,,13033,166,4,,0,30,,13024,0,,,0,70,,13015,0,,,0,30,,13015,166,4,,0,75,,13014,0,,,0,35,,13014,166,4,,0,75,,13026,0,,,0,35,,13029,0,,,0,75,,13029,166,4,,0,75,,13019,166,4,,0,35,,13021,166,4,,0,75,,13027,166,4,,0,35,,13017,0,,,0,75,,13013,0,,,0,35,,13013,166,4,,0,75,,13035,0,,,0,75,,13035,166,4,,0,35,,13032,0,,,0,70,,13032,166,4,,0,30,,13020,159,4,,0
6300,'bec99aa0-a127-4e27-ae17-e4c7db42f9ba',930,,13051,0,,,0,75,,13042,0,,,0,35,,13042,166,4,,0,75,,13052,0,,,0,35,,13046,0,,,0,75,,13048,0,,,0,75,,13048,166,4,,0,35,,13050,0,,,0,75,,13053,0,,,0,35,,13053,166,4,,0,75,,13045,0,,,0,35,,13045,166,4,,0,75,,13047,0,,,0,75,,13047,166,4,,0,35,,13049,0,0,5,0,70,,13049,159,4,,0
9300,'294e58fc-bc13-4a33-bb1d-a337996c2e9c',630,,14000,0,,,0,70,,14000,106,4,,0,35,,13984,0,,,0,75,,13992,0,,,0,35,,13992,106,4,,0,75,,14002,0,,,0,35,,14002,106,4,,0,75,,13993,106,4,,0,75,,13994,0,,,0,35,,13991,0,,,0,75,,13991,106,4,,0,35,,13990,106,4,,0,75,,14003,0,,,0,75,,14005,0,,,0,35,,14009,0,,,0,75,,14009,106,4,,0,35,,13989,0,,,0,75,,13989,106,4,,0,15,,14010,0,,,0,78,,14010,106,4,,0,2,,13998,0,,,0,40,,13995,0,,,0,80,,13985,0,,,0,70,,13985,106,4,,0,30,,13997,106,4,,0,70,,14004,106,4,,0,30,,14001,106,4,,0,70,,13988,0,,,0,30,,14008,0,,,0,70,,14008,106,4,,0
9300,'8ab1f009-ab59-4a8c-9771-20e344a37dba',630,,14014,0,,,0,70,,14014,106,4,,0,30,,14019,106,4,,0,70,,14025,106,4,,0,30,,14038,0,,,0,70,,14038,106,4,,0,30,,14033,106,4,,0,70,,14012,0,,,0,30,,14034,0,,,0,70,,14034,106,4,,0,5,,14028,0,,,0,35,,14023,0,,,0,75,,14023,106,4,,0,35,,14017,0,,,0,75,,14015,0,,,0,75,,14015,106,4,,0,35,,14016,106,4,,0,75,,14039,0,,,0,35,,14039,106,4,,0,75,,14029,106,4,,0,35,,14031,0,,,0,75,,14031,106,4,,0,70,,14024,0,,,0,30,,14032,0,,,0,70,,14032,106,4,,0,30,,14037,0,,,0,70,,14037,106,4,,0,30,,14013,0,,,0,70,,14030,0,,,0,30,,14030,106,4,,0,70,,14027,106,4,,0
9300,'8e972226-8e68-4b6a-9fd3-2e7f449277f5',630,,14042,0,,,0,70,,14058,0,,,0,35,,14050,0,,,0,75,,14050,106,4,,0,35,,14041,0,,,0,75,,14041,106,4,,0,35,,14062,0,,,0,75,,14052,0,,,0,75,,14052,106,4,,0,35,,14048,106,4,,0,75,,14053,0,,,0,35,,14061,0,,,0,75,,14061,106,4,,0,75,,14066,0,,,0,35,,14066,106,4,,0,75,,14057,0,,,0,35,,14056,0,,,0,75,,14056,106,4,,0,15,,14045,0,,,0,78,,14045,106,4,,0,2,,14046,0,,,0,40,,14060,0,,,0,80,,14060,106,4,,0,70,,14040,0,,,0,30,,14055,0,,,0,70,,14055,106,4,,0,30,,14064,0,,,0,70,,14064,106,4,,0,30,,14054,0,,,0,70,,14054,106,4,,0
9300,'9493548d-afad-4b26-be65-c3aa23941f37',630,,14078,0,,,0,70,,14092,0,,,0,35,,14087,0,,,0,75,,14079,0,,,0,35,,14079,106,4,,0,75,,14084,0,,,0,35,,14084,106,4,,0,75,,14081,0,,,0,75,,14081,106,4,,0,35,,14075,0,,,0,75,,14075,106,4,,0,35,,14072,0,,,0,75,,14070,0,,,0,75,,14070,106,4,,0,35,,14068,0,,,0,75,,14068,106,4,,0,35,,14080,0,,,0,75,,14080,106,4,,0,15,,14093,0,,,0,78,,14093,106,4,,0,2,,14088,0,,,0,40,,14086,0,,,0,80,,14086,106,4,,0,70,,14067,106,4,,0,30,,14069,0,,,0,70,,14069,106,4,,0,30,,14090,0,,,0,70,,14090,106,4,,0,30,,14073,0,,,0,70,,14073,106,4,,0
9300,'9577949b-c1b9-4893-a4cc-d601db41a1fc',630,,14118,0,,,0,70,,14118,106,4,,0,35,,14102,0,,,0,75,,14102,106,4,,0,35,,14117,0,,,0,75,,14107,0,,,0,35,,14107,106,4,,0,75,,14108,0,,,0,75,,14101,0,,,0,35,,14101,106,4,,0,75,,14115,0,,,0,35,,14115,106,4,,0,75,,14104,106,4,,0,75,,14113,0,,,0,35,,14100,0,,,0,75,,14100,106,4,,0,35,,14114,0,,,0,75,,14114,106,4,,0,15,,14109,0,,,0,78,,14109,106,4,,0,2,,14096,0,,,0,40,,14096,106,4,,0,80,,14097,106,4,,0,70,,14119,0,,,0,30,,14095,0,,,0,70,,14095,106,4,,0,30,,14098,0,,,0,70,,14103,0,,,0,30,,14103,106,4,,0,70,,14120,106,4,,0
9300,'991a1488-6339-4798-a1ff-4cc199131854',630,,14139,0,,,0,70,,14137,0,,,0,35,,14137,106,4,,0,75,,14142,0,,,0,35,,14135,0,,,0,75,,14135,106,4,,0,35,,14141,106,4,,0,75,,14127,0,,,0,75,,14127,106,4,,0,35,,14147,106,4,,0,75,,14121,0,,,0,35,,14121,106,4,,0,75,,14122,0,,,0,75,,14122,106,4,,0,35,,14123,0,,,0,75,,14129,0,,,0,35,,14134,0,,,0,75,,14134,106,4,,0,15,,14132,0,,,0,78,,14132,106,4,,0,2,,14125,0,,,0,40,,14130,0,,,0,80,,14130,106,4,,0,70,,14145,0,,,0,30,,14145,106,4,,0,70,,14144,106,4,,0,30,,14136,0,,,0,70,,14136,106,4,,0,30,,14131,0,,,0,70,,14131,106,4,,0
9300,'bec99aa0-a127-4e27-ae17-e4c7db42f9ba',930,,14163,0,,,0,70,,14163,106,4,,0,30,,14157,0,,,0,70,,14157,106,4,,0,30,,14153,106,4,,0,70,,14154,0,,,0,35,,14154,106,4,,0,75,,14158,0,,,0,35,,14158,106,4,,0,75,,14155,0,,,0,35,,14155,106,4,,0,75,,14152,0,,,0,75,,14160,0,,,0,35,,14160,106,4,,0,75,,14150,106,4,,0,35,,14149,0,,,0,75,,14149,106,4,,0
9300,'c38342c9-8898-48ff-bb56-4ee52481c507',1000,,14165,0,,,0,30,,14165,106,4,,0,15,,14167,0,,,0,70,,14167,106,4,,0,20,,14169,0,,,0,70,,14169,106,4,,0,15,,14170,0,,,0,30,,14170,106,4,,0,60,,14172,0,,,0,30,,14172,106,4,,0,15,,14166,0,,,0,70,,14166,106,4,,0,20,,14171,0,,,0,70,,14171,106,4,,0,15,,14173,0,,,0,70,,14173,106,4,,0,20,,14164,0,,,0,30,,14164,106,4,,0,55,,14168,0,,,0,30,,14168,106,4,,0,20,,14174,0,,,0,70,,14174,106,4,,0
9400,'294e58fc-bc13-4a33-bb1d-a337996c2e9c',625,,14194,0,,,0,75,,14194,116,4,,0,20,,14195,0,,,0,15,,14205,116,4,,0,5,,14199,0,,,0,60,,14204,0,,,0,20,,14184,0,,,0,20,,14204,116,4,,0,60,,14193,0,,,0,20,,14175,0,,,0,20,,14193,116,4,,0,15,,14175,126,4,,0,80,,14198,0,,,0,80,,14183,0,,,0,40,,14183,116,4,,0,80,,14185,116,4,,0,80,,14206,0,,,0,40,,14206,116,4,,0,45,,14189,0,,,0,40,,14202,0,,,0,60,,14188,0,,,0,20,,14202,116,4,,0,20,,14188,116,4,,0,60,,14197,0,,,0,20,,14201,116,4,,0,20,,14197,116,4,,0,60,,14179,0,,,0,20,,14192,116,4,,0,15,,14179,126,4,,0,65,,14181,116,4,,0,35,,14182,0,,,0,75,,14196,0,,,0,35,,14196,116,4,,0,75,,14180,116,4,,0,35,,14191,116,4,,0,45,,14190,0,,,0,35,,14190,116,4,,0,75,,14200,126,4,,0
9400,'8ab1f009-ab59-4a8c-9771-20e344a37dba',630,,14223,0,,,0,75,,14220,0,,,0,35,,14212,0,,,0,75,,14215,0,,,0,35,,14215,116,4,,0,75,,14213,116,4,,0,75,,14225,0,,,0,35,,14225,116,4,,0,75,,14218,0,,,0,35,,14218,116,4,,0,5,,14207,0,,,0,80,,14207,116,4,,0,80,,14216,0,,,0,40,,14216,116,4,,0,50,,14226,0,,,0,40,,14228,0,,,0,80,,14228,116,4,,0,80,,14221,0,,,0,40,,14221,116,4,,0,80,,14217,0,,,0,80,,14222,0,,,0,35,,14224,0,,,0,75,,14224,116,4,,0,35,,14208,116,4,,0,75,,14211,0,,,0,35,,14211,116,4,,0,45,,14229,0,,,0,35,,14230,0,,,0,75,,14230,126,4,,0
9400,'8e972226-8e68-4b6a-9fd3-2e7f449277f5',625,,14260,0,,,0,75,,14239,0,,,0,20,,14257,0,,,0,15,,14239,116,4,,0,5,,14245,0,,,0,60,,14236,0,,,0,20,,14250,0,,,0,20,,14236,116,4,,0,60,,14250,116,4,,0,20,,14254,0,,,0,20,,14249,116,4,,0,15,,14254,126,4,,0,80,,14244,0,,,0,80,,14244,116,4,,0,40,,14246,0,,,0,80,,14246,116,4,,0,80,,14262,116,4,,0,40,,14259,116,4,,0,45,,14256,0,,,0,40,,14233,0,,,0,60,,14234,0,,,0,20,,14233,116,4,,0,20,,14243,0,,,0,60,,14242,116,4,,0,20,,14253,0,,,0,20,,14263,0,,,0,60,,14253,116,4,,0,20,,14263,116,4,,0,15,,14252,126,4,,0,65,,14247,0,,,0,35,,14237,0,,,0,75,,14241,0,,,0,35,,14241,116,4,,0,75,,14255,116,4,,0,35,,14238,116,4,,0,45,,14258,0,,,0,35,,14258,116,4,,0,75,,14232,126,4,,0
9400,'9493548d-afad-4b26-be65-c3aa23941f37',625,,14269,0,,,0,75,,14269,116,4,,0,20,,14266,0,,,0,15,,14289,116,4,,0,5,,14286,0,,,0,60,,14266,116,4,,0,20,,14286,116,4,,0,20,,14275,0,,,0,60,,14270,0,,,0,20,,14290,0,,,0,20,,14270,116,4,,0,15,,14290,126,4,,0,80,,14285,0,,,0,80,,14265,0,,,0,40,,14265,116,4,,0,80,,14274,0,,,0,80,,14274,116,4,,0,40,,14288,116,4,,0,45,,14292,0,,,0,40,,14279,0,,,0,60,,14267,0,,,0,20,,14280,0,,,0,20,,14267,116,4,,0,60,,14287,0,,,0,20,,14273,116,4,,0,20,,14287,116,4,,0,60,,14276,0,,,0,20,,14283,0,,,0,15,,14276,126,4,,0,65,,14283,116,4,,0,35,,14282,0,,,0,75,,14282,116,4,,0,35,,14291,0,,,0,75,,14291,116,4,,0,35,,14271,116,4,,0,45,,14281,0,,,0,35,,14281,116,4,,0,75,,14264,126,4,,0
9400,'9577949b-c1b9-4893-a4cc-d601db41a1fc',625,,14317,0,,,0,75,,14322,0,,,0,20,,14326,0,,,0,15,,14322,116,4,,0,5,,14310,0,,,0,60,,14308,0,,,0,20,,14310,116,4,,0,20,,14304,0,,,0,60,,14297,0,,,0,20,,14304,116,4,,0,20,,14297,116,4,,0,15,,14323,0,,,0,80,,14298,0,,,0,80,,14298,116,4,,0,40,,14309,0,,,0,80,,14319,0,,,0,80,,14319,116,4,,0,40,,14321,116,4,,0,45,,14307,0,,,0,40,,14307,116,4,,0,60,,14314,0,,,0,20,,14324,0,,,0,20,,14314,116,4,,0,60,,14324,116,4,,0,20,,14296,116,4,,0,20,,14311,0,,,0,60,,14301,116,4,,0,20,,14311,116,4,,0,15,,14300,126,4,,0,65,,14325,0,,,0,35,,14325,116,4,,0,75,,14302,116,4,,0,35,,14318,0,,,0,75,,14318,116,4,,0,35,,14312,116,4,,0,45,,14305,0,,,0,35,,14313,0,,,0,75,,14313,126,4,,0
9400,'991a1488-6339-4798-a1ff-4cc199131854',625,,14329,0,,,0,75,,14329,116,4,,0,20,,14331,0,,,0,15,,14335,116,4,,0,5,,14337,0,,,0,60,,14331,116,4,,0,20,,14347,0,,,0,20,,14334,0,,,0,60,,14347,116,4,,0,20,,14334,116,4,,0,20,,14348,116,4,,0,15,,14333,0,,,0,80,,14333,116,4,,0,80,,14343,116,4,,0,40,,14355,116,4,,0,80,,14339,0,,,0,80,,14339,116,4,,0,40,,14359,116,4,,0,45,,14349,0,,,0,40,,14349,116,4,,0,60,,14342,0,,,0,20,,14354,116,4,,0,20,,14330,0,,,0,60,,14357,0,,,0,20,,14330,116,4,,0,20,,14351,0,,,0,60,,14350,116,4,,0,20,,14351,116,4,,0,15,,14346,126,4,,0,65,,14344,116,4,,0,35,,14328,0,,,0,75,,14341,0,,,0,35,,14341,116,4,,0,75,,14336,0,,,0,35,,14336,116,4,,0,45,,14338,0,,,0,35,,14352,0,,,0,75,,14352,126,4,,0
9400,'bec99aa0-a127-4e27-ae17-e4c7db42f9ba',930,,14365,0,,,0,75,,14363,0,,,0,35,,14361,0,,,0,75,,14361,116,4,,0,35,,14364,116,4,,0,75,,14372,0,,,0,75,,14372,116,4,,0,35,,14360,116,4,,0,75,,14367,0,,,0,35,,14369,0,,,0,75,,14362,0,,,0,35,,14362,116,4,,0,75,,14370,0,,,0,75,,14370,116,4,,0,35,,14373,0,,,0,75,,14373,126,4,,0
9400,'c38342c9-8898-48ff-bb56-4ee52481c507',1030,,14383,0,,,0,75,,14383,116,4,,0,10,,14381,0,,,0,35,,14381,116,4,,0,55,,14382,0,,,0,35,,14382,116,4,,0,10,,14375,0,,,0,75,,14375,116,4,,0,15,,14377,0,,,0,75,,14377,116,4,,0,10,,14378,0,,,0,75,,14378,116,4,,0,15,,14384,0,,,0,35,,14384,116,4,,0,50,,14376,0,,,0,35,,14376,116,4,,0,15,,14379,0,,,0,75,,14379,116,4,,0,10,,14380,0,,,0,75,,14380,116,4,,0
9500,'294e58fc-bc13-4a33-bb1d-a337996c2e9c',630,,14394,0,,,0,70,,14394,147,4,,0,35,,14400,147,4,,0,75,,14395,0,,,0,35,,14395,147,4,,0,75,,14404,0,,,0,35,,14404,147,4,,0,75,,14391,0,,,0,75,,14408,0,,,0,35,,14408,147,4,,0,75,,14401,0,,,0,35,,14401,147,4,,0,75,,14393,0,,,0,75,,14393,147,4,,0,35,,14411,147,4,,0,75,,14403,0,,,0,35,,14390,0,,,0,75,,14390,147,4,,0,15,,14392,0,,,0,78,,14392,147,4,,0,2,,14387,0,,,0,40,,14387,147,4,,0,80,,14398,0,,,0,70,,14407,0,,,0,30,,14407,147,4,,0,70,,14406,0,,,0,30,,14409,0,,,0,70,,14396,0,,,0,30,,14396,147,4,,0,70,,14399,151,4,,0
9500,'8ab1f009-ab59-4a8c-9771-20e344a37dba',630,,14436,0,,,0,70,,14436,147,4,,0,30,,14418,0,,,0,70,,14420,0,,,0,30,,14420,147,4,,0,70,,14417,147,4,,0,30,,14427,147,4,,0,70,,14432,0,,,0,30,,14432,147,4,,0,70,,14435,147,4,,0,5,,14428,0,,,0,35,,14428,147,4,,0,75,,14412,147,4,,0,35,,14437,147,4,,0,75,,14413,147,4,,0,75,,14430,0,,,0,35,,14430,147,4,,0,75,,14434,0,,,0,35,,14434,147,4,,0,75,,14424,147,4,,0,35,,14419,0,,,0,75,,14419,147,4,,0,70,,14414,0,,,0,30,,14415,0,,,0,70,,14421,0,,,0,30,,14421,147,4,,0,70,,14416,0,,,0,30,,14416,147,4,,0,70,,14438,147,4,,0,30,,14423,0,,,0,70,,14423,151,4,,0
9500,'8e972226-8e68-4b6a-9fd3-2e7f449277f5',630,,14444,0,,,0,70,,14464,0,,,0,35,,14464,147,4,,0,75,,14460,0,,,0,35,,14460,147,4,,0,75,,14443,0,,,0,35,,14457,0,,,0,75,,14457,147,4,,0,75,,14447,0,,,0,35,,14447,147,4,,0,75,,14456,0,,,0,35,,14456,147,4,,0,75,,14458,0,,,0,75,,14458,147,4,,0,35,,14467,0,,,0,75,,14445,0,,,0,35,,14441,0,,,0,75,,14441,147,4,,0,15,,14452,0,,,0,78,,14452,147,4,,0,2,,14459,0,,,0,40,,14459,147,4,,0,80,,14451,0,,,0,70,,14451,147,4,,0,30,,14465,0,,,0,70,,14453,0,,,0,30,,14466,0,,,0,70,,14466,147,4,,0,30,,14450,0,,,0,70,,14450,151,4,,0
9500,'9493548d-afad-4b26-be65-c3aa23941f37',630,,14490,0,,,0,70,,14490,147,4,,0,35,,14475,0,,,0,75,,14469,0,,,0,35,,14469,147,4,,0,75,,14487,0,,,0,35,,14487,147,4,,0,75,,14482,0,,,0,75,,14482,147,4,,0,35,,14477,0,,,0,75,,14476,0,,,0,35,,14476,147,4,,0,75,,14468,147,4,,0,75,,14486,147,4,,0,35,,14472,147,4,,0,75,,14488,0,,,0,35,,14488,147,4,,0,75,,14479,147,4,,0,15,,14492,0,,,0,78,,14492,147,4,,0,2,,14478,0,,,0,40,,14483,0,,,0,80,,14483,147,4,,0,70,,14470,147,4,,0,30,,14494,0,,,0,70,,14494,147,4,,0,30,,14484,0,,,0,70,,14484,147,4,,0,30,,14489,147,4,,0,70,,14473,151,4,,0
9500,'9577949b-c1b9-4893-a4cc-d601db41a1fc',630,,14514,0,,,0,70,,14514,147,4,,0,35,,14495,147,4,,0,75,,14520,147,4,,0,35,,14517,147,4,,0,75,,14499,0,,,0,35,,14496,0,,,0,75,,14519,0,,,0,75,,14498,0,,,0,35,,14498,147,4,,0,75,,14521,0,,,0,35,,14506,0,,,0,75,,14506,147,4,,0,75,,14507,147,4,,0,35,,14502,0,,,0,75,,14504,0,,,0,35,,14504,147,4,,0,75,,14500,147,4,,0,15,,14505,0,,,0,78,,14505,147,4,,0,2,,14513,0,,,0,40,,14513,147,4,,0,80,,14509,0,,,0,70,,14511,0,,,0,30,,14511,147,4,,0,70,,14503,147,4,,0,30,,14510,0,,,0,70,,14516,0,,,0,30,,14516,147,4,,0,70,,14515,151,4,,0
9500,'991a1488-6339-4798-a1ff-4cc199131854',630,,14548,0,,,0,70,,14548,147,4,,0,35,,14543,147,4,,0,75,,14531,0,,,0,35,,14531,147,4,,0,75,,14527,147,4,,0,35,,14534,0,,,0,75,,14529,0,,,0,75,,14545,0,,,0,35,,14545,147,4,,0,75,,14530,147,4,,0,35,,14539,147,4,,0,75,,14546,147,4,,0,75,,14522,0,,,0,35,,14540,0,,,0,75,,14535,0,,,0,35,,14528,0,,,0,75,,14528,147,4,,0,15,,14533,0,,,0,78,,14533,147,4,,0,2,,14523,0,,,0,40,,14523,147,4,,0,80,,14532,147,4,,0,70,,14544,0,,,0,30,,14544,147,4,,0,70,,14525,0,,,0,30,,14524,0,,,0,70,,14524,147,4,,0,30,,14537,147,4,,0,70,,14542,151,4,,0
9500,'bec99aa0-a127-4e27-ae17-e4c7db42f9ba',930,,14556,0,,,0,70,,14558,0,,,0,30,,14558,147,4,,0,70,,14552,147,4,,0,30,,14555,0,,,0,70,,14561,0,,,0,35,,14561,147,4,,0,75,,14551,0,,,0,35,,14551,147,4,,0,75,,14559,147,4,,0,35,,14549,0,,,0,75,,14549,147,4,,0,75,,14550,0,,,0,35,,14550,147,4,,0,75,,14563,0,,,0,35,,14563,147,4,,0,75,,14554,151,4,,0
9500,'c38342c9-8898-48ff-bb56-4ee52481c507',1105,,14573,0,,,0,30,,14573,147,4,,0,15,,14567,0,,,0,70,,14567,147,4,,0,20,,14566,0,,,0,70,,14566,147,4,,0,15,,14565,0,,,0,30,,14565,147,4,,0,60,,14572,0,,,0,30,,14572,147,4,,0,55,,14570,0,,,0,30,,14570,147,4,,0,20,,14569,0,,,0,70,,14569,147,4,,0,15,,14574,0,,,0,70,,14574,147,4,,0,20,,14571,0,,,0,30,,14571,147,4,,0,55,,14568,0,,,0,30,,14568,147,4,,0
