8100,'294e58fc-bc13-4a33-bb1d-a337996c2e9c',2138,,13736,54,,,0
8100,'8ab1f009-ab59-4a8c-9771-20e344a37dba',2138,,13748,54,,,0
8100,'8e972226-8e68-4b6a-9fd3-2e7f449277f5',2138,,13751,54,,,0
8100,'9493548d-afad-4b26-be65-c3aa23941f37',2138,,13752,54,,,0
8100,'9577949b-c1b9-4893-a4cc-d601db41a1fc',2138,,13753,54,,,0
8100,'991a1488-6339-4798-a1ff-4cc199131854',2138,,13754,54,,,0
8100,'bec99aa0-a127-4e27-ae17-e4c7db42f9ba',1818,,13757,276,,,0
8100,'c38342c9-8898-48ff-bb56-4ee52481c507',1023,,13763,54,,,0,100,,13762,54,,,0,100,,13769,54,,,0,100,,13764,54,,,0,100,,13770,54,,,0,100,,13767,54,,,0,100,,13766,54,,,0,100,,13765,54,,,0,100,,13768,54,,,0
8200,'8ab1f009-ab59-4a8c-9771-20e344a37dba',951,,13771,198,,,0,400,,13772,198,,,0
8200,'bec99aa0-a127-4e27-ae17-e4c7db42f9ba',1251,,13773,198,,,0
8500,'294e58fc-bc13-4a33-bb1d-a337996c2e9c',722,,13774,97,,,0,100,,13789,97,,,0,100,,13787,97,,,0,100,,13775,97,,,0,100,,13776,97,,,0,100,,13778,97,,,0,100,,13780,97,,,0,100,,13788,97,,,0,100,,13782,97,,,0,100,,13785,97,,,0,100,,13784,97,,,0,100,,13779,97,,,0,100,,13777,97,,,0,100,,13781,97,,,0,100,,13786,97,,,0
8500,'8e972226-8e68-4b6a-9fd3-2e7f449277f5',722,,13796,97,,,0,100,,13801,97,,,0,100,,13804,97,,,0,100,,13792,97,,,0,100,,13791,97,,,0,100,,13794,97,,,0,100,,13800,97,,,0,100,,13798,97,,,0,100,,13790,97,,,0,100,,13793,97,,,0,100,,13805,97,,,0,100,,13795,97,,,0,100,,13797,97,,,0,100,,13803,97,,,0,100,,13799,97,,,0
8500,'9493548d-afad-4b26-be65-c3aa23941f37',722,,13812,97,,,0,100,,13809,97,,,0,100,,13816,97,,,0,100,,13807,97,,,0,100,,13810,97,,,0,100,,13815,97,,,0,100,,13811,97,,,0,100,,13814,97,,,0,100,,13813,97,,,0,100,,13821,97,,,0,100,,13806,97,,,0,100,,13817,97,,,0,100,,13820,97,,,0,100,,13808,97,,,0,100,,13819,97,,,0
8500,'9577949b-c1b9-4893-a4cc-d601db41a1fc',722,,13826,97,,,0,100,,13836,97,,,0,100,,13830,97,,,0,100,,13832,97,,,0,100,,13833,97,,,0,100,,13834,97,,,0,100,,13837,97,,,0,100,,13824,97,,,0,100,,13827,97,,,0,100,,13825,97,,,0,100,,13823,97,,,0,100,,13831,97,,,0,100,,13828,97,,,0,100,,13822,97,,,0,100,,13829,97,,,0
8500,'991a1488-6339-4798-a1ff-4cc199131854',722,,13839,97,,,0,100,,13838,97,,,0,100,,13843,97,,,0,100,,13844,97,,,0,100,,13849,97,,,0,100,,13846,97,,,0,100,,13845,97,,,0,100,,13847,97,,,0,100,,13848,97,,,0,100,,13841,97,,,0,100,,13853,97,,,0,100,,13851,97,,,0,100,,13840,97,,,0,100,,13842,97,,,0,100,,13850,97,,,0
