8100,'294e58fc-bc13-4a33-bb1d-a337996c2e9c',2150,,13736,159,,,0
8100,'8ab1f009-ab59-4a8c-9771-20e344a37dba',658,,13746,184,,,0,100,,13737,184,,,0,100,,13743,184,,,0,200,,13744,184,,,0,100,,13745,184,,,0,100,,13738,184,,,0,200,,13739,184,,,0,100,,13750,184,,,0,100,,13742,184,,,0,100,,13741,184,,,0,100,,13747,184,,,0,100,,13749,184,,,0,100,,13740,184,,,0,92,,13748,159,,,0
8100,'8e972226-8e68-4b6a-9fd3-2e7f449277f5',2150,,13751,159,,,0
8100,'9493548d-afad-4b26-be65-c3aa23941f37',2150,,13752,159,,,0
8100,'9577949b-c1b9-4893-a4cc-d601db41a1fc',2150,,13753,159,,,0
8100,'991a1488-6339-4798-a1ff-4cc199131854',2150,,13754,159,,,0
8100,'bec99aa0-a127-4e27-ae17-e4c7db42f9ba',1058,,13755,184,,,0,100,,13756,184,,,0,200,,13760,184,,,0,100,,13759,184,,,0,100,,13758,184,,,0,100,,13761,184,,,0,100,,13757,174,,,0
8100,'c38342c9-8898-48ff-bb56-4ee52481c507',1035,,13763,159,,,0,100,,13762,159,,,0,100,,13769,159,,,0,100,,13764,159,,,0,100,,13770,159,,,0,100,,13767,159,,,0,100,,13766,159,,,0,100,,13765,159,,,0,100,,13768,159,,,0
8500,'294e58fc-bc13-4a33-bb1d-a337996c2e9c',653,,13783,102,,,0,100,,13774,209,,,0,100,,13789,209,,,0,100,,13787,209,,,0,100,,13775,209,,,0,100,,13776,209,,,0,100,,13778,209,,,0,100,,13780,209,,,0,100,,13788,209,,,0,100,,13782,209,,,0,100,,13785,209,,,0,100,,13784,209,,,0,100,,13779,209,,,0,100,,13777,209,,,0,100,,13781,209,,,0,100,,13786,209,,,0
8500,'8e972226-8e68-4b6a-9fd3-2e7f449277f5',653,,13802,102,,,0,100,,13796,209,,,0,100,,13801,209,,,0,100,,13804,209,,,0,100,,13792,209,,,0,100,,13791,209,,,0,100,,13794,209,,,0,100,,13800,209,,,0,100,,13798,209,,,0,100,,13790,209,,,0,100,,13793,209,,,0,100,,13805,209,,,0,100,,13795,209,,,0,100,,13797,209,,,0,100,,13803,209,,,0,100,,13799,209,,,0
8500,'9493548d-afad-4b26-be65-c3aa23941f37',653,,13818,102,,,0,100,,13812,209,,,0,100,,13809,209,,,0,100,,13816,209,,,0,100,,13807,209,,,0,100,,13810,209,,,0,100,,13815,209,,,0,100,,13811,209,,,0,100,,13814,209,,,0,100,,13813,209,,,0,100,,13821,209,,,0,100,,13806,209,,,0,100,,13817,209,,,0,100,,13820,209,,,0,100,,13808,209,,,0,100,,13819,209,,,0
8500,'9577949b-c1b9-4893-a4cc-d601db41a1fc',653,,13835,102,,,0,100,,13826,209,,,0,100,,13836,209,,,0,100,,13830,209,,,0,100,,13832,209,,,0,100,,13833,209,,,0,100,,13834,209,,,0,100,,13837,209,,,0,100,,13824,209,,,0,100,,13827,209,,,0,100,,13825,209,,,0,100,,13823,209,,,0,100,,13831,209,,,0,100,,13828,209,,,0,100,,13822,209,,,0,100,,13829,209,,,0
8500,'991a1488-6339-4798-a1ff-4cc199131854',653,,13852,102,,,0,100,,13839,209,,,0,100,,13838,209,,,0,100,,13843,209,,,0,100,,13844,209,,,0,100,,13849,209,,,0,100,,13846,209,,,0,100,,13845,209,,,0,100,,13847,209,,,0,100,,13848,209,,,0,100,,13841,209,,,0,100,,13853,209,,,0,100,,13851,209,,,0,100,,13840,209,,,0,100,,13842,209,,,0,100,,13850,209,,,0
