6100,'294e58fc-bc13-4a33-bb1d-a337996c2e9c',549,,12451,110,,,0,75,,12417,110,,,0,35,,12428,110,,,0,56,,12424,110,,,0,21,,12444,110,,,0,22,,12418,110,,,0,60,,12440,110,,,0,20,,12454,110,,,0,20,,12436,110,,,0,58,,12442,110,,,0,21,,12453,110,,,0,80,,12432,110,,,0,40,,12437,110,,,0,80,,12416,110,,,0,80,,12447,110,,,0,40,,12430,110,,,0,60,,12446,110,,,0,25,,12426,110,,,0,60,,12438,110,,,0,22,,12450,110,,,0,20,,12429,110,,,0,65,,12443,110,,,0,21,,12414,110,,,0,25,,12445,110,,,0,60,,12422,110,,,0,25,,12448,110,,,0,60,,12413,110,,,0,24,,12434,110,,,0,20,,12423,110,,,0,65,,12435,110,,,0,20,,12421,110,,,0,20,,12419,110,,,0,60,,12441,110,,,0,16,,12439,110,,,0,20,,12420,110,,,0,55,,12425,110,,,0,35,,12431,110,,,0,80,,12452,110,,,0,30,,12433,110,,,0,75,,12415,110,,,0,35,,12427,110,,,0,73,,12449,110,,,0
6100,'8ab1f009-ab59-4a8c-9771-20e344a37dba',625,,12459,110,,,0,91,,12455,110,,,0,40,,12460,110,,,0,80,,12457,110,,,0,80,,12466,110,,,0,40,,12467,110,,,0,80,,12474,110,,,0,80,,12470,110,,,0,85,,12471,110,,,0,45,,12475,110,,,0,85,,12469,110,,,0,85,,12461,110,,,0,85,,12472,110,,,0,45,,12476,110,,,0,85,,12458,110,,,0,85,,12465,110,,,0,85,,12462,110,,,0,44,,12456,110,,,0,75,,12478,110,,,0,35,,12468,110,,,0,75,,12473,110,,,0,75,,12477,110,,,0,35,,12464,110,,,0,75,,12463,113,,,0
6100,'8e972226-8e68-4b6a-9fd3-2e7f449277f5',549,,12491,110,,,0,75,,12483,110,,,0,35,,12513,110,,,0,56,,12498,110,,,0,21,,12485,110,,,0,22,,12510,110,,,0,60,,12519,110,,,0,20,,12490,110,,,0,20,,12507,110,,,0,58,,12520,110,,,0,21,,12504,110,,,0,80,,12508,110,,,0,40,,12511,110,,,0,80,,12484,110,,,0,80,,12515,110,,,0,40,,12512,110,,,0,60,,12482,110,,,0,25,,12516,110,,,0,60,,12488,110,,,0,22,,12492,110,,,0,20,,12481,110,,,0,65,,12487,110,,,0,21,,12495,110,,,0,25,,12489,110,,,0,60,,12509,110,,,0,25,,12494,110,,,0,60,,12500,110,,,0,24,,12497,110,,,0,20,,12503,110,,,0,65,,12479,110,,,0,20,,12501,110,,,0,20,,12514,110,,,0,60,,12496,110,,,0,16,,12486,110,,,0,20,,12517,110,,,0,55,,12518,110,,,0,35,,12480,110,,,0,80,,12502,110,,,0,30,,12499,110,,,0,75,,12506,110,,,0,35,,12505,110,,,0,73,,12493,110,,,0
6100,'9493548d-afad-4b26-be65-c3aa23941f37',549,,12551,110,,,0,75,,12525,110,,,0,35,,12545,110,,,0,56,,12559,110,,,0,21,,12535,110,,,0,22,,12523,110,,,0,60,,12522,110,,,0,20,,12562,110,,,0,20,,12547,110,,,0,58,,12552,110,,,0,21,,12538,110,,,0,80,,12540,110,,,0,40,,12544,110,,,0,80,,12531,110,,,0,80,,12557,110,,,0,40,,12533,110,,,0,60,,12527,110,,,0,25,,12558,110,,,0,60,,12541,110,,,0,22,,12556,110,,,0,20,,12549,110,,,0,65,,12543,110,,,0,21,,12532,110,,,0,25,,12550,110,,,0,60,,12530,110,,,0,25,,12537,110,,,0,60,,12529,110,,,0,24,,12534,110,,,0,20,,12555,110,,,0,65,,12554,110,,,0,20,,12528,110,,,0,20,,12546,110,,,0,60,,12553,110,,,0,16,,12526,110,,,0,20,,12536,110,,,0,55,,12548,110,,,0,35,,12560,110,,,0,80,,12561,110,,,0,30,,12542,110,,,0,75,,12539,110,,,0,35,,12521,110,,,0,73,,12524,110,,,0
6100,'9577949b-c1b9-4893-a4cc-d601db41a1fc',549,,12576,110,,,0,75,,12564,110,,,0,35,,12594,110,,,0,56,,12573,110,,,0,21,,12599,110,,,0,22,,12567,110,,,0,60,,12596,110,,,0,20,,12580,110,,,0,20,,12575,110,,,0,58,,12600,110,,,0,21,,12586,110,,,0,80,,12603,110,,,0,40,,12588,110,,,0,80,,12566,110,,,0,80,,12591,110,,,0,40,,12568,110,,,0,60,,12587,110,,,0,25,,12565,110,,,0,60,,12590,110,,,0,22,,12570,110,,,0,20,,12593,110,,,0,65,,12595,110,,,0,21,,12569,110,,,0,25,,12581,110,,,0,60,,12572,110,,,0,25,,12578,110,,,0,60,,12579,110,,,0,24,,12584,110,,,0,20,,12589,110,,,0,65,,12604,110,,,0,20,,12574,110,,,0,20,,12582,110,,,0,60,,12592,110,,,0,16,,12585,110,,,0,20,,12598,110,,,0,55,,12601,110,,,0,35,,12571,110,,,0,80,,12577,110,,,0,30,,12602,110,,,0,75,,12597,110,,,0,35,,12563,110,,,0,73,,12583,110,,,0
6100,'991a1488-6339-4798-a1ff-4cc199131854',549,,12641,110,,,0,75,,12616,110,,,0,35,,12635,110,,,0,56,,12643,110,,,0,21,,12634,110,,,0,22,,12621,110,,,0,60,,12622,110,,,0,20,,12624,110,,,0,20,,12619,110,,,0,58,,12633,110,,,0,21,,12636,110,,,0,80,,12628,110,,,0,40,,12639,110,,,0,80,,12615,110,,,0,80,,12645,110,,,0,40,,12638,110,,,0,60,,12609,110,,,0,25,,12606,110,,,0,60,,12610,110,,,0,22,,12626,110,,,0,20,,12617,110,,,0,65,,12611,110,,,0,21,,12623,110,,,0,25,,12629,110,,,0,60,,12630,110,,,0,25,,12605,110,,,0,60,,12640,110,,,0,24,,12631,110,,,0,20,,12612,110,,,0,65,,12646,110,,,0,20,,12627,110,,,0,20,,12618,110,,,0,60,,12614,110,,,0,16,,12608,110,,,0,20,,12607,110,,,0,55,,12644,110,,,0,35,,12637,110,,,0,80,,12632,110,,,0,30,,12620,110,,,0,75,,12613,110,,,0,35,,12625,110,,,0,73,,12642,110,,,0
6100,'bec99aa0-a127-4e27-ae17-e4c7db42f9ba',943,,12647,110,,,0,83,,12654,110,,,0,80,,12653,110,,,0,40,,12656,110,,,0,80,,12648,110,,,0,80,,12652,110,,,0,40,,12657,110,,,0,80,,12651,110,,,0,80,,12655,110,,,0,40,,12650,110,,,0,80,,12649,110,,,0,80,,12659,110,,,0,39,,12658,113,,,0
6100,'c38342c9-8898-48ff-bb56-4ee52481c507',1020,,12673,110,,,0,35,,12664,110,,,0,75,,12669,110,,,0,75,,12663,110,,,0,35,,12671,110,,,0,75,,12660,110,,,0,35,,12665,110,,,0,75,,12668,110,,,0,75,,12667,110,,,0,35,,12672,110,,,0,75,,12666,110,,,0,35,,12662,110,,,0,80,,12670,110,,,0,75,,12674,110,,,0,35,,12661,110,,,0
6600,'294e58fc-bc13-4a33-bb1d-a337996c2e9c',711,,13494,205,,,0,110,,13489,205,,,0,130,,13496,205,,,0,108,,13493,205,,,0,152,,13491,205,,,0,113,,13490,262,0,8,0,112,,13488,205,,,0,110,,13498,205,,,0,110,,13499,205,,,0,150,,13497,205,,,0,113,,13495,262,0,8,0,107,,13492,205,,,0
6600,'8ab1f009-ab59-4a8c-9771-20e344a37dba',711,,13500,205,,,0,100,,13503,205,,,0,800,,13504,205,,,0,100,,13501,205,,,0,100,,13502,205,,,0
6600,'8e972226-8e68-4b6a-9fd3-2e7f449277f5',711,,13506,205,,,0,110,,13507,205,,,0,130,,13505,205,,,0,108,,13510,205,,,0,152,,13508,205,,,0,113,,13514,262,0,8,0,112,,13512,205,,,0,110,,13513,205,,,0,110,,13511,205,,,0,150,,13515,205,,,0,113,,13516,262,0,8,0,107,,13509,205,,,0
6600,'9493548d-afad-4b26-be65-c3aa23941f37',711,,13525,205,,,0,110,,13519,205,,,0,130,,13527,205,,,0,108,,13518,205,,,0,152,,13524,205,,,0,113,,13517,262,0,8,0,112,,13523,205,,,0,110,,13521,205,,,0,110,,13528,205,,,0,150,,13522,205,,,0,113,,13526,262,0,8,0,107,,13520,205,,,0
6600,'9577949b-c1b9-4893-a4cc-d601db41a1fc',711,,13529,205,,,0,110,,13539,205,,,0,130,,13536,205,,,0,108,,13537,205,,,0,152,,13538,205,,,0,113,,13533,262,0,8,0,112,,13531,205,,,0,110,,13534,205,,,0,110,,13540,205,,,0,150,,13530,205,,,0,113,,13535,262,0,8,0,107,,13532,205,,,0
6600,'991a1488-6339-4798-a1ff-4cc199131854',711,,13541,205,,,0,110,,13551,205,,,0,130,,13543,205,,,0,108,,13550,205,,,0,152,,13549,205,,,0,113,,13548,262,0,8,0,112,,13542,205,,,0,110,,13547,205,,,0,110,,13546,205,,,0,150,,13545,205,,,0,113,,13544,262,0,8,0,107,,13552,205,,,0
6600,'bec99aa0-a127-4e27-ae17-e4c7db42f9ba',1111,,13554,205,,,0,200,,13556,205,,,0,200,,13553,205,,,0,200,,13555,205,,,0
