8100,'294e58fc-bc13-4a33-bb1d-a337996c2e9c',2204,,13736,187,,,0
8100,'8ab1f009-ab59-4a8c-9771-20e344a37dba',709,,13746,221,,,0,100,,13737,221,,,0,100,,13743,221,,,0,200,,13744,221,,,0,100,,13745,221,,,0,100,,13738,221,,,0,200,,13739,221,,,0,100,,13750,221,,,0,100,,13742,221,,,0,100,,13741,221,,,0,100,,13747,221,,,0,100,,13749,221,,,0,100,,13740,221,,,0,95,,13748,187,,,0
8100,'8e972226-8e68-4b6a-9fd3-2e7f449277f5',2204,,13751,187,,,0
8100,'9493548d-afad-4b26-be65-c3aa23941f37',2204,,13752,187,,,0
8100,'9577949b-c1b9-4893-a4cc-d601db41a1fc',2204,,13753,187,,,0
8100,'991a1488-6339-4798-a1ff-4cc199131854',2204,,13754,187,,,0
8100,'bec99aa0-a127-4e27-ae17-e4c7db42f9ba',1109,,13755,221,,,0,100,,13756,221,,,0,200,,13760,221,,,0,100,,13759,221,,,0,100,,13758,221,,,0,100,,13761,221,,,0,98,,13757,202,,,0
8100,'c38342c9-8898-48ff-bb56-4ee52481c507',1049,,13763,187,,,0,100,,13762,187,,,0,100,,13769,187,,,0,100,,13764,187,,,0,100,,13770,187,,,0,100,,13767,187,,,0,100,,13766,187,,,0,100,,13765,187,,,0,100,,13768,187,,,0
8500,'294e58fc-bc13-4a33-bb1d-a337996c2e9c',702,,13783,130,,,0,100,,13774,237,,,0,100,,13789,237,,,0,100,,13787,237,,,0,100,,13775,237,,,0,100,,13776,237,,,0,100,,13778,237,,,0,100,,13780,237,,,0,100,,13788,237,,,0,100,,13782,237,,,0,100,,13785,237,,,0,100,,13784,237,,,0,100,,13779,237,,,0,100,,13777,237,,,0,100,,13781,237,,,0,100,,13786,237,,,0
8500,'8e972226-8e68-4b6a-9fd3-2e7f449277f5',702,,13802,130,,,0,100,,13796,237,,,0,100,,13801,237,,,0,100,,13804,237,,,0,100,,13792,237,,,0,100,,13791,237,,,0,100,,13794,237,,,0,100,,13800,237,,,0,100,,13798,237,,,0,100,,13790,237,,,0,100,,13793,237,,,0,100,,13805,237,,,0,100,,13795,237,,,0,100,,13797,237,,,0,100,,13803,237,,,0,100,,13799,237,,,0
8500,'9493548d-afad-4b26-be65-c3aa23941f37',702,,13818,130,,,0,100,,13812,237,,,0,100,,13809,237,,,0,100,,13816,237,,,0,100,,13807,237,,,0,100,,13810,237,,,0,100,,13815,237,,,0,100,,13811,237,,,0,100,,13814,237,,,0,100,,13813,237,,,0,100,,13821,237,,,0,100,,13806,237,,,0,100,,13817,237,,,0,100,,13820,237,,,0,100,,13808,237,,,0,100,,13819,237,,,0
8500,'9577949b-c1b9-4893-a4cc-d601db41a1fc',702,,13835,130,,,0,100,,13826,237,,,0,100,,13836,237,,,0,100,,13830,237,,,0,100,,13832,237,,,0,100,,13833,237,,,0,100,,13834,237,,,0,100,,13837,237,,,0,100,,13824,237,,,0,100,,13827,237,,,0,100,,13825,237,,,0,100,,13823,237,,,0,100,,13831,237,,,0,100,,13828,237,,,0,100,,13822,237,,,0,100,,13829,237,,,0
8500,'991a1488-6339-4798-a1ff-4cc199131854',702,,13852,130,,,0,100,,13839,237,,,0,100,,13838,237,,,0,100,,13843,237,,,0,100,,13844,237,,,0,100,,13849,237,,,0,100,,13846,237,,,0,100,,13845,237,,,0,100,,13847,237,,,0,100,,13848,237,,,0,100,,13841,237,,,0,100,,13853,237,,,0,100,,13851,237,,,0,100,,13840,237,,,0,100,,13842,237,,,0,100,,13850,237,,,0
