6000,'294e58fc-bc13-4a33-bb1d-a337996c2e9c',637,,12231,63,,,0,75,,12244,63,,,0,35,,12234,63,,,0,80,,12241,63,,,0,80,,12236,63,,,0,40,,12247,63,,,0,80,,12251,63,,,0,80,,12246,63,,,0,40,,12230,63,,,0,80,,12235,63,,,0,80,,12240,63,,,0,40,,12232,63,,,0,80,,12229,63,,,0,80,,12227,63,,,0,40,,12243,63,,,0,80,,12250,63,,,0,80,,12249,63,,,0,40,,12239,63,,,0,80,,12228,63,,,0,80,,12242,63,,,0,35,,12226,63,,,0,75,,12238,63,,,0,35,,12245,63,,,0,75,,12237,63,,,0,75,,12248,63,,,0
6000,'8ab1f009-ab59-4a8c-9771-20e344a37dba',637,,12265,63,,,0,75,,12274,63,,,0,35,,12258,63,,,0,80,,12256,63,,,0,80,,12254,63,,,0,40,,12266,63,,,0,80,,12255,63,,,0,80,,12275,63,,,0,40,,12260,63,,,0,80,,12257,63,,,0,80,,12264,63,,,0,40,,12276,63,,,0,80,,12259,63,,,0,80,,12268,63,,,0,40,,12252,63,,,0,80,,12271,63,,,0,80,,12262,63,,,0,40,,12263,63,,,0,80,,12261,63,,,0,80,,12269,63,,,0,35,,12270,63,,,0,75,,12267,63,,,0,35,,12253,63,,,0,75,,12273,63,,,0,75,,12272,63,,,0
6000,'8e972226-8e68-4b6a-9fd3-2e7f449277f5',637,,12283,63,,,0,75,,12296,63,,,0,35,,12286,63,,,0,80,,12302,63,,,0,80,,12292,63,,,0,40,,12281,63,,,0,80,,12300,63,,,0,80,,12303,63,,,0,40,,12297,63,,,0,80,,12282,63,,,0,80,,12279,63,,,0,40,,12287,63,,,0,80,,12294,63,,,0,80,,12280,63,,,0,40,,12278,63,,,0,80,,12295,63,,,0,80,,12298,63,,,0,40,,12285,63,,,0,80,,12291,63,,,0,80,,12290,63,,,0,35,,12288,63,,,0,75,,12301,63,,,0,35,,12299,63,,,0,75,,12289,63,,,0,75,,12293,63,,,0
6000,'9493548d-afad-4b26-be65-c3aa23941f37',637,,12326,63,,,0,75,,12325,63,,,0,35,,12318,63,,,0,80,,12304,63,,,0,80,,12306,63,,,0,40,,12320,63,,,0,80,,12311,63,,,0,80,,12329,63,,,0,40,,12315,63,,,0,80,,12314,63,,,0,80,,12307,63,,,0,40,,12309,63,,,0,80,,12305,63,,,0,80,,12322,63,,,0,40,,12324,63,,,0,80,,12312,63,,,0,80,,12327,63,,,0,40,,12319,63,,,0,80,,12308,63,,,0,80,,12313,63,,,0,35,,12317,63,,,0,75,,12310,63,,,0,35,,12328,63,,,0,75,,12323,63,,,0,75,,12316,63,,,0
6000,'9577949b-c1b9-4893-a4cc-d601db41a1fc',637,,12347,63,,,0,75,,12336,63,,,0,35,,12333,63,,,0,80,,12331,63,,,0,80,,12348,63,,,0,40,,12337,63,,,0,80,,12344,63,,,0,80,,12354,63,,,0,40,,12352,63,,,0,80,,12350,63,,,0,80,,12355,63,,,0,40,,12338,63,,,0,80,,12345,63,,,0,80,,12334,63,,,0,40,,12349,63,,,0,80,,12342,63,,,0,80,,12346,63,,,0,40,,12330,63,,,0,80,,12332,63,,,0,80,,12341,63,,,0,35,,12343,63,,,0,75,,12351,63,,,0,35,,12353,63,,,0,75,,12339,63,,,0,75,,12335,63,,,0
6000,'991a1488-6339-4798-a1ff-4cc199131854',637,,12361,63,,,0,75,,12372,63,,,0,35,,12378,63,,,0,80,,12366,63,,,0,80,,12371,63,,,0,40,,12375,63,,,0,80,,12380,63,,,0,80,,12368,63,,,0,40,,12362,63,,,0,80,,12376,63,,,0,80,,12363,63,,,0,40,,12373,63,,,0,80,,12358,63,,,0,80,,12370,63,,,0,40,,12379,63,,,0,80,,12365,63,,,0,80,,12367,63,,,0,40,,12359,63,,,0,80,,12381,63,,,0,80,,12360,63,,,0,35,,12364,63,,,0,75,,12374,63,,,0,35,,12356,63,,,0,75,,12369,63,,,0,75,,12357,63,,,0
6000,'bec99aa0-a127-4e27-ae17-e4c7db42f9ba',932,,12385,63,,,0,75,,12388,63,,,0,35,,12383,63,,,0,75,,12396,63,,,0,35,,12393,63,,,0,75,,12387,63,,,0,75,,12390,63,,,0,35,,12391,63,,,0,75,,12389,63,,,0,35,,12382,63,,,0,75,,12386,63,,,0,35,,12392,63,,,0,75,,12394,63,,,0,75,,12395,63,,,0,35,,12384,63,,,0
6000,'c38342c9-8898-48ff-bb56-4ee52481c507',1012,,12406,63,,,0,35,,12407,63,,,0,75,,12412,63,,,0,35,,12397,63,,,0,75,,12400,63,,,0,75,,12398,63,,,0,35,,12411,63,,,0,75,,12408,63,,,0,35,,12410,63,,,0,75,,12402,63,,,0,75,,12401,63,,,0,35,,12409,63,,,0,75,,12405,63,,,0,35,,12403,63,,,0,75,,12399,63,,,0,35,,12404,63,,,0
6700,'294e58fc-bc13-4a33-bb1d-a337996c2e9c',654,,13559,88,,,0,70,,13561,88,,,0,35,,13563,88,,,0,75,,13565,88,,,0,72,,13562,88,,,0,30,,13557,88,,,0,100,,13569,88,,,0,521,,13566,88,,,0,75,,13567,88,,,0,75,,13571,88,,,0,35,,13558,88,,,0,72,,13568,88,,,0,100,,13560,88,,,0,100,,13564,88,,,0
6700,'8ab1f009-ab59-4a8c-9771-20e344a37dba',653,,13576,88,,,0,100,,13577,88,,,0,100,,13579,88,,,0,100,,13578,88,,,0,100,,13581,88,,,0,500,,13580,88,,,0,100,,13572,88,,,0,100,,13573,88,,,0,100,,13574,88,,,0,100,,13575,88,,,0
6700,'8e972226-8e68-4b6a-9fd3-2e7f449277f5',654,,13582,88,,,0,70,,13588,88,,,0,35,,13591,88,,,0,75,,13586,88,,,0,72,,13592,88,,,0,30,,13589,88,,,0,100,,13590,88,,,0,521,,13587,88,,,0,75,,13596,88,,,0,75,,13584,88,,,0,35,,13594,88,,,0,72,,13585,88,,,0,100,,13583,88,,,0,100,,13593,88,,,0
6700,'9493548d-afad-4b26-be65-c3aa23941f37',654,,13600,88,,,0,70,,13607,88,,,0,35,,13608,88,,,0,75,,13599,88,,,0,72,,13605,88,,,0,30,,13601,88,,,0,100,,13602,88,,,0,521,,13598,88,,,0,75,,13603,88,,,0,75,,13610,88,,,0,35,,13604,88,,,0,72,,13597,88,,,0,100,,13606,88,,,0,100,,13609,88,,,0
6700,'9577949b-c1b9-4893-a4cc-d601db41a1fc',654,,13615,88,,,0,70,,13612,88,,,0,35,,13619,88,,,0,75,,13621,88,,,0,72,,13614,88,,,0,30,,13616,88,,,0,100,,13623,88,,,0,521,,13620,88,,,0,75,,13625,88,,,0,75,,13622,88,,,0,35,,13624,88,,,0,72,,13626,88,,,0,100,,13618,88,,,0,100,,13617,88,,,0
6700,'991a1488-6339-4798-a1ff-4cc199131854',654,,13629,88,,,0,70,,13630,88,,,0,35,,13637,88,,,0,75,,13631,88,,,0,72,,13639,88,,,0,30,,13627,88,,,0,100,,13635,88,,,0,521,,13638,88,,,0,75,,13640,88,,,0,75,,13636,88,,,0,35,,13633,88,,,0,72,,13628,88,,,0,100,,13641,88,,,0,100,,13634,88,,,0
6700,'bec99aa0-a127-4e27-ae17-e4c7db42f9ba',953,,13643,88,,,0,200,,13642,88,,,0,200,,13646,88,,,0,200,,13645,88,,,0,200,,13644,88,,,0
