8100,'294e58fc-bc13-4a33-bb1d-a337996c2e9c',2202,,13736,181,,,0
8100,'8ab1f009-ab59-4a8c-9771-20e344a37dba',708,,13746,215,,,0,100,,13737,215,,,0,100,,13743,215,,,0,200,,13744,215,,,0,100,,13745,215,,,0,100,,13738,215,,,0,200,,13739,215,,,0,100,,13750,215,,,0,100,,13742,215,,,0,100,,13741,215,,,0,100,,13747,215,,,0,100,,13749,215,,,0,100,,13740,215,,,0,94,,13748,181,,,0
8100,'8e972226-8e68-4b6a-9fd3-2e7f449277f5',2202,,13751,181,,,0
8100,'9493548d-afad-4b26-be65-c3aa23941f37',2202,,13752,181,,,0
8100,'9577949b-c1b9-4893-a4cc-d601db41a1fc',2202,,13753,181,,,0
8100,'991a1488-6339-4798-a1ff-4cc199131854',2202,,13754,181,,,0
8100,'bec99aa0-a127-4e27-ae17-e4c7db42f9ba',1108,,13755,215,,,0,100,,13756,215,,,0,200,,13760,215,,,0,100,,13759,215,,,0,100,,13758,215,,,0,100,,13761,215,,,0,98,,13757,196,,,0
8100,'c38342c9-8898-48ff-bb56-4ee52481c507',1047,,13763,181,,,0,100,,13762,181,,,0,100,,13769,181,,,0,100,,13764,181,,,0,100,,13770,181,,,0,100,,13767,181,,,0,100,,13766,181,,,0,100,,13765,181,,,0,100,,13768,181,,,0
8500,'294e58fc-bc13-4a33-bb1d-a337996c2e9c',701,,13783,124,,,0,100,,13774,231,,,0,100,,13789,231,,,0,100,,13787,231,,,0,100,,13775,231,,,0,100,,13776,231,,,0,100,,13778,231,,,0,100,,13780,231,,,0,100,,13788,231,,,0,100,,13782,231,,,0,100,,13785,231,,,0,100,,13784,231,,,0,100,,13779,231,,,0,100,,13777,231,,,0,100,,13781,231,,,0,100,,13786,231,,,0
8500,'8e972226-8e68-4b6a-9fd3-2e7f449277f5',701,,13802,124,,,0,100,,13796,231,,,0,100,,13801,231,,,0,100,,13804,231,,,0,100,,13792,231,,,0,100,,13791,231,,,0,100,,13794,231,,,0,100,,13800,231,,,0,100,,13798,231,,,0,100,,13790,231,,,0,100,,13793,231,,,0,100,,13805,231,,,0,100,,13795,231,,,0,100,,13797,231,,,0,100,,13803,231,,,0,100,,13799,231,,,0
8500,'9493548d-afad-4b26-be65-c3aa23941f37',701,,13818,124,,,0,100,,13812,231,,,0,100,,13809,231,,,0,100,,13816,231,,,0,100,,13807,231,,,0,100,,13810,231,,,0,100,,13815,231,,,0,100,,13811,231,,,0,100,,13814,231,,,0,100,,13813,231,,,0,100,,13821,231,,,0,100,,13806,231,,,0,100,,13817,231,,,0,100,,13820,231,,,0,100,,13808,231,,,0,100,,13819,231,,,0
8500,'9577949b-c1b9-4893-a4cc-d601db41a1fc',701,,13835,124,,,0,100,,13826,231,,,0,100,,13836,231,,,0,100,,13830,231,,,0,100,,13832,231,,,0,100,,13833,231,,,0,100,,13834,231,,,0,100,,13837,231,,,0,100,,13824,231,,,0,100,,13827,231,,,0,100,,13825,231,,,0,100,,13823,231,,,0,100,,13831,231,,,0,100,,13828,231,,,0,100,,13822,231,,,0,100,,13829,231,,,0
8500,'991a1488-6339-4798-a1ff-4cc199131854',701,,13852,124,,,0,100,,13839,231,,,0,100,,13838,231,,,0,100,,13843,231,,,0,100,,13844,231,,,0,100,,13849,231,,,0,100,,13846,231,,,0,100,,13845,231,,,0,100,,13847,231,,,0,100,,13848,231,,,0,100,,13841,231,,,0,100,,13853,231,,,0,100,,13851,231,,,0,100,,13840,231,,,0,100,,13842,231,,,0,100,,13850,231,,,0
