1600,'294e58fc-bc13-4a33-bb1d-a337996c2e9c',649,,10826,31,,,0,70,,10821,31,,,0,35,,10843,31,,,0,75,,10820,31,,,0,30,,10829,31,,,0,70,,10819,31,,,0,30,,10840,31,,,0,70,,10838,31,,,0,30,,10839,31,,,0,70,,10832,31,,,0,30,,10833,31,,,0,80,,10822,31,,,0,75,,10842,31,,,0,35,,10828,31,,,0,75,,10836,31,,,0,35,,10823,31,,,0,75,,10818,31,,,0,75,,10824,31,,,0,40,,10825,31,,,0,80,,10841,31,,,0,80,,10834,31,,,0,30,,10835,31,,,0,70,,10830,31,,,0,30,,10817,31,,,0,70,,10827,31,,,0,30,,10837,31,,,0,70,,10831,38,,,0
1600,'8ab1f009-ab59-4a8c-9771-20e344a37dba',1134,,10856,31,,,0,75,,10846,31,,,0,35,,10845,31,,,0,75,,10855,31,,,0,35,,10844,31,,,0,75,,10853,31,,,0,75,,10851,31,,,0,35,,10852,31,,,0,75,,10849,31,,,0,35,,10854,31,,,0,75,,10848,31,,,0,35,,10847,31,,,0,75,,10850,38,,,0
1600,'8e972226-8e68-4b6a-9fd3-2e7f449277f5',649,,10880,31,,,0,70,,10877,31,,,0,35,,10859,31,,,0,75,,10860,31,,,0,30,,10868,31,,,0,70,,10861,31,,,0,30,,10874,31,,,0,70,,10879,31,,,0,30,,10870,31,,,0,70,,10857,31,,,0,30,,10863,31,,,0,80,,10866,31,,,0,75,,10883,31,,,0,35,,10867,31,,,0,75,,10873,31,,,0,35,,10858,31,,,0,75,,10878,31,,,0,75,,10882,31,,,0,40,,10875,31,,,0,80,,10872,31,,,0,80,,10871,31,,,0,30,,10862,31,,,0,70,,10881,31,,,0,30,,10864,31,,,0,70,,10876,31,,,0,30,,10865,31,,,0,70,,10869,38,,,0
1600,'9493548d-afad-4b26-be65-c3aa23941f37',649,,10904,31,,,0,70,,10903,31,,,0,35,,10896,31,,,0,75,,10894,31,,,0,30,,10899,31,,,0,70,,10884,31,,,0,30,,10889,31,,,0,70,,10895,31,,,0,30,,10908,31,,,0,70,,10905,31,,,0,30,,10906,31,,,0,80,,10891,31,,,0,75,,10907,31,,,0,35,,10892,31,,,0,75,,10910,31,,,0,35,,10900,31,,,0,75,,10902,31,,,0,75,,10898,31,,,0,40,,10893,31,,,0,80,,10888,31,,,0,80,,10890,31,,,0,30,,10885,31,,,0,70,,10886,31,,,0,30,,10897,31,,,0,70,,10901,31,,,0,30,,10887,31,,,0,70,,10909,38,,,0
1600,'9577949b-c1b9-4893-a4cc-d601db41a1fc',649,,10929,31,,,0,70,,10913,31,,,0,35,,10925,31,,,0,75,,10937,31,,,0,30,,10922,31,,,0,70,,10930,31,,,0,30,,10933,31,,,0,70,,10912,31,,,0,30,,10931,31,,,0,70,,10914,31,,,0,30,,10932,31,,,0,80,,10921,31,,,0,75,,10927,31,,,0,35,,10915,31,,,0,75,,10916,31,,,0,35,,10917,31,,,0,75,,10935,31,,,0,75,,10936,31,,,0,40,,10926,31,,,0,80,,10934,31,,,0,80,,10923,31,,,0,30,,10918,31,,,0,70,,10924,31,,,0,30,,10911,31,,,0,70,,10928,31,,,0,30,,10919,31,,,0,70,,10920,38,,,0
1600,'991a1488-6339-4798-a1ff-4cc199131854',649,,10959,31,,,0,70,,10957,31,,,0,35,,10941,31,,,0,75,,10951,31,,,0,30,,10945,31,,,0,70,,10948,31,,,0,30,,10952,31,,,0,70,,10943,31,,,0,30,,10950,31,,,0,70,,10955,31,,,0,30,,10944,31,,,0,80,,10963,31,,,0,75,,10960,31,,,0,35,,10954,31,,,0,75,,10947,31,,,0,35,,10939,31,,,0,75,,10946,31,,,0,75,,10949,31,,,0,40,,10956,31,,,0,80,,10953,31,,,0,80,,10962,31,,,0,30,,10942,31,,,0,70,,10961,31,,,0,30,,10964,31,,,0,70,,10958,31,,,0,30,,10938,31,,,0,70,,10940,38,,,0
1600,'bec99aa0-a127-4e27-ae17-e4c7db42f9ba',1024,,10969,31,,,0,35,,10977,31,,,0,75,,10972,31,,,0,75,,10967,31,,,0,35,,10966,31,,,0,75,,10975,31,,,0,35,,10973,31,,,0,75,,10971,31,,,0,75,,10974,31,,,0,35,,10968,31,,,0,75,,10965,31,,,0,35,,10970,31,,,0,75,,10976,38,,,0
6600,'294e58fc-bc13-4a33-bb1d-a337996c2e9c',625,,13494,33,,,0,110,,13489,33,,,0,170,,13496,33,,,0,110,,13493,33,,,0,110,,13491,33,,,0,110,,13490,31,0,8,0,115,,13488,33,,,0,150,,13498,33,,,0,110,,13499,33,,,0,110,,13497,33,,,0,110,,13495,31,0,8,0,115,,13492,33,,,0
6600,'8ab1f009-ab59-4a8c-9771-20e344a37dba',634,,13500,33,,,0,100,,13503,33,,,0,800,,13504,33,,,0,100,,13501,33,,,0,100,,13502,33,,,0
6600,'8e972226-8e68-4b6a-9fd3-2e7f449277f5',625,,13506,33,,,0,110,,13507,33,,,0,170,,13505,33,,,0,110,,13510,33,,,0,110,,13508,33,,,0,110,,13514,31,0,8,0,115,,13512,33,,,0,150,,13513,33,,,0,110,,13511,33,,,0,110,,13515,33,,,0,110,,13516,31,0,8,0,115,,13509,33,,,0
6600,'9493548d-afad-4b26-be65-c3aa23941f37',625,,13525,33,,,0,110,,13519,33,,,0,170,,13527,33,,,0,110,,13518,33,,,0,110,,13524,33,,,0,110,,13517,31,0,8,0,115,,13523,33,,,0,150,,13521,33,,,0,110,,13528,33,,,0,110,,13522,33,,,0,110,,13526,31,0,8,0,115,,13520,33,,,0
6600,'9577949b-c1b9-4893-a4cc-d601db41a1fc',625,,13529,33,,,0,110,,13539,33,,,0,170,,13536,33,,,0,110,,13537,33,,,0,110,,13538,33,,,0,110,,13533,31,0,8,0,115,,13531,33,,,0,150,,13534,33,,,0,110,,13540,33,,,0,110,,13530,33,,,0,110,,13535,31,0,8,0,115,,13532,33,,,0
6600,'991a1488-6339-4798-a1ff-4cc199131854',625,,13541,33,,,0,110,,13551,33,,,0,170,,13543,33,,,0,110,,13550,33,,,0,110,,13549,33,,,0,110,,13548,31,0,8,0,115,,13542,33,,,0,150,,13547,33,,,0,110,,13546,33,,,0,110,,13545,33,,,0,110,,13544,31,0,8,0,115,,13552,33,,,0
6600,'bec99aa0-a127-4e27-ae17-e4c7db42f9ba',1034,,13554,33,,,0,200,,13556,33,,,0,200,,13553,33,,,0,200,,13555,33,,,0
