6000,'294e58fc-bc13-4a33-bb1d-a337996c2e9c',625,,12231,2,,,0,75,,12244,2,,,0,35,,12234,2,,,0,80,,12241,2,,,0,40,,12236,2,,,0,80,,12247,2,,,0,80,,12251,2,,,0,40,,12246,2,,,0,80,,12230,2,,,0,80,,12235,2,,,0,40,,12240,2,,,0,80,,12232,2,,,0,80,,12229,2,,,0,40,,12227,2,,,0,80,,12243,2,,,0,80,,12250,2,,,0,40,,12249,2,,,0,80,,12239,2,,,0,80,,12228,2,,,0,40,,12242,2,,,0,75,,12226,2,,,0,75,,12238,2,,,0,35,,12245,2,,,0,75,,12237,2,,,0,35,,12248,2,,,0
6000,'8ab1f009-ab59-4a8c-9771-20e344a37dba',625,,12265,2,,,0,75,,12274,2,,,0,35,,12258,2,,,0,80,,12256,2,,,0,40,,12254,2,,,0,80,,12266,2,,,0,80,,12255,2,,,0,40,,12275,2,,,0,80,,12260,2,,,0,80,,12257,2,,,0,40,,12264,2,,,0,80,,12276,2,,,0,80,,12259,2,,,0,40,,12268,2,,,0,80,,12252,2,,,0,80,,12271,2,,,0,40,,12262,2,,,0,80,,12263,2,,,0,80,,12261,2,,,0,40,,12269,2,,,0,75,,12270,2,,,0,75,,12267,2,,,0,35,,12253,2,,,0,75,,12273,2,,,0,35,,12272,2,,,0
6000,'8e972226-8e68-4b6a-9fd3-2e7f449277f5',625,,12283,2,,,0,75,,12296,2,,,0,35,,12286,2,,,0,80,,12302,2,,,0,40,,12292,2,,,0,80,,12281,2,,,0,80,,12300,2,,,0,40,,12303,2,,,0,80,,12297,2,,,0,80,,12282,2,,,0,40,,12279,2,,,0,80,,12287,2,,,0,80,,12294,2,,,0,40,,12280,2,,,0,80,,12278,2,,,0,80,,12295,2,,,0,40,,12298,2,,,0,80,,12285,2,,,0,80,,12291,2,,,0,40,,12290,2,,,0,75,,12288,2,,,0,75,,12301,2,,,0,35,,12299,2,,,0,75,,12289,2,,,0,35,,12293,2,,,0
6000,'9493548d-afad-4b26-be65-c3aa23941f37',625,,12326,2,,,0,75,,12325,2,,,0,35,,12318,2,,,0,80,,12304,2,,,0,40,,12306,2,,,0,80,,12320,2,,,0,80,,12311,2,,,0,40,,12329,2,,,0,80,,12315,2,,,0,80,,12314,2,,,0,40,,12307,2,,,0,80,,12309,2,,,0,80,,12305,2,,,0,40,,12322,2,,,0,80,,12324,2,,,0,80,,12312,2,,,0,40,,12327,2,,,0,80,,12319,2,,,0,80,,12308,2,,,0,40,,12313,2,,,0,75,,12317,2,,,0,75,,12310,2,,,0,35,,12328,2,,,0,75,,12323,2,,,0,35,,12316,2,,,0
6000,'9577949b-c1b9-4893-a4cc-d601db41a1fc',625,,12347,2,,,0,75,,12336,2,,,0,35,,12333,2,,,0,80,,12331,2,,,0,40,,12348,2,,,0,80,,12337,2,,,0,80,,12344,2,,,0,40,,12354,2,,,0,80,,12352,2,,,0,80,,12350,2,,,0,40,,12355,2,,,0,80,,12338,2,,,0,80,,12345,2,,,0,40,,12334,2,,,0,80,,12349,2,,,0,80,,12342,2,,,0,40,,12346,2,,,0,80,,12330,2,,,0,80,,12332,2,,,0,40,,12341,2,,,0,75,,12343,2,,,0,75,,12351,2,,,0,35,,12353,2,,,0,75,,12339,2,,,0,35,,12335,2,,,0
6000,'991a1488-6339-4798-a1ff-4cc199131854',625,,12361,2,,,0,75,,12372,2,,,0,35,,12378,2,,,0,80,,12366,2,,,0,40,,12371,2,,,0,80,,12375,2,,,0,80,,12380,2,,,0,40,,12368,2,,,0,80,,12362,2,,,0,80,,12376,2,,,0,40,,12363,2,,,0,80,,12373,2,,,0,80,,12358,2,,,0,40,,12370,2,,,0,80,,12379,2,,,0,80,,12365,2,,,0,40,,12367,2,,,0,80,,12359,2,,,0,80,,12381,2,,,0,40,,12360,2,,,0,75,,12364,2,,,0,75,,12374,2,,,0,35,,12356,2,,,0,75,,12369,2,,,0,35,,12357,2,,,0
6000,'bec99aa0-a127-4e27-ae17-e4c7db42f9ba',920,,12385,2,,,0,35,,12388,2,,,0,75,,12383,2,,,0,75,,12396,2,,,0,35,,12393,2,,,0,75,,12387,2,,,0,35,,12390,2,,,0,75,,12391,2,,,0,75,,12389,2,,,0,35,,12382,2,,,0,75,,12386,2,,,0,35,,12392,2,,,0,75,,12394,2,,,0,35,,12395,2,,,0,75,,12384,2,,,0
6000,'c38342c9-8898-48ff-bb56-4ee52481c507',1000,,12406,2,,,0,35,,12407,2,,,0,75,,12412,2,,,0,35,,12397,2,,,0,75,,12400,2,,,0,35,,12398,2,,,0,75,,12411,2,,,0,75,,12408,2,,,0,35,,12410,2,,,0,75,,12402,2,,,0,35,,12401,2,,,0,75,,12409,2,,,0,75,,12405,2,,,0,35,,12403,2,,,0,75,,12399,2,,,0,35,,12404,2,,,0
6400,'294e58fc-bc13-4a33-bb1d-a337996c2e9c',620,,13088,1,,,0,35,,13067,1,,,0,58,,13059,1,,,0,18,,13083,1,,,0,18,,13075,1,,,0,58,,13057,1,,,0,18,,13061,1,,,0,18,,13062,1,,,0,58,,13073,1,,,0,18,,13069,1,,,0,18,,13090,1,,,0,18,,13064,1,,,0,75,,13074,1,,,0,75,,13066,1,,,0,35,,13084,1,,,0,75,,13091,1,,,0,35,,13071,1,,,0,75,,13086,1,,,0,75,,13076,1,,,0,35,,13080,1,,,0,18,,13089,1,,,0,58,,13087,1,,,0,18,,13092,1,,,0,18,,13079,1,,,0,58,,13056,1,,,0,18,,13063,1,,,0,18,,13081,1,,,0,18,,13072,1,,,0,58,,13058,1,,,0,18,,13065,1,,,0,75,,13078,1,,,0,35,,13077,1,,,0,75,,13060,1,,,0,35,,13085,1,,,0,75,,13070,1,,,0,70,,13068,1,,,0,30,,13082,1,,,0,70,,13055,1,,,0
6400,'8ab1f009-ab59-4a8c-9771-20e344a37dba',620,,13093,1,,,0,35,,13113,1,,,0,75,,13117,1,,,0,80,,13098,1,,,0,40,,13095,1,,,0,80,,13111,1,,,0,75,,13115,1,,,0,35,,13096,1,,,0,75,,13099,1,,,0,35,,13101,1,,,0,75,,13109,1,,,0,75,,13097,1,,,0,35,,13104,1,,,0,75,,13106,1,,,0,35,,13114,1,,,0,75,,13110,1,,,0,35,,13108,1,,,0,80,,13116,1,,,0,80,,13107,1,,,0,40,,13112,1,,,0,80,,13105,1,,,0,75,,13118,1,,,0,35,,13094,1,,,0,75,,13100,1,,,0,35,,13102,1,,,0,75,,13103,1,,,0,75,,13119,1,,,0
6400,'8e972226-8e68-4b6a-9fd3-2e7f449277f5',620,,13132,1,,,0,35,,13135,1,,,0,58,,13154,1,,,0,18,,13137,1,,,0,18,,13140,1,,,0,58,,13157,1,,,0,18,,13155,1,,,0,18,,13121,1,,,0,58,,13122,1,,,0,18,,13153,1,,,0,18,,13139,1,,,0,18,,13144,1,,,0,75,,13149,1,,,0,75,,13136,1,,,0,35,,13126,1,,,0,75,,13123,1,,,0,35,,13138,1,,,0,75,,13151,1,,,0,75,,13125,1,,,0,35,,13150,1,,,0,18,,13145,1,,,0,58,,13143,1,,,0,18,,13148,1,,,0,18,,13147,1,,,0,58,,13146,1,,,0,18,,13128,1,,,0,18,,13127,1,,,0,18,,13142,1,,,0,58,,13134,1,,,0,18,,13152,1,,,0,75,,13120,1,,,0,35,,13124,1,,,0,75,,13133,1,,,0,35,,13141,1,,,0,75,,13129,1,,,0,70,,13131,1,,,0,30,,13156,1,,,0,70,,13130,1,,,0
6400,'9493548d-afad-4b26-be65-c3aa23941f37',620,,13163,1,,,0,35,,13183,1,,,0,58,,13167,1,,,0,18,,13194,1,,,0,18,,13166,1,,,0,58,,13182,1,,,0,18,,13164,1,,,0,18,,13169,1,,,0,58,,13192,1,,,0,18,,13174,1,,,0,18,,13176,1,,,0,18,,13158,1,,,0,75,,13177,1,,,0,75,,13195,1,,,0,35,,13178,1,,,0,75,,13180,1,,,0,35,,13165,1,,,0,75,,13186,1,,,0,75,,13160,1,,,0,35,,13179,1,,,0,18,,13189,1,,,0,58,,13170,1,,,0,18,,13175,1,,,0,18,,13172,1,,,0,58,,13162,1,,,0,18,,13181,1,,,0,18,,13193,1,,,0,18,,13185,1,,,0,58,,13159,1,,,0,18,,13187,1,,,0,75,,13190,1,,,0,35,,13161,1,,,0,75,,13188,1,,,0,35,,13173,1,,,0,75,,13168,1,,,0,70,,13171,1,,,0,30,,13184,1,,,0,70,,13191,1,,,0
6400,'9577949b-c1b9-4893-a4cc-d601db41a1fc',620,,13222,1,,,0,35,,13214,1,,,0,58,,13207,1,,,0,18,,13213,1,,,0,18,,13210,1,,,0,58,,13199,1,,,0,18,,13229,1,,,0,18,,13224,1,,,0,58,,13218,1,,,0,18,,13209,1,,,0,18,,13206,1,,,0,18,,13208,1,,,0,75,,13212,1,,,0,75,,13197,1,,,0,35,,13198,1,,,0,75,,13233,1,,,0,35,,13226,1,,,0,75,,13216,1,,,0,75,,13232,1,,,0,35,,13227,1,,,0,18,,13205,1,,,0,58,,13211,1,,,0,18,,13223,1,,,0,18,,13220,1,,,0,58,,13217,1,,,0,18,,13204,1,,,0,18,,13231,1,,,0,18,,13221,1,,,0,58,,13201,1,,,0,18,,13203,1,,,0,75,,13219,1,,,0,35,,13230,1,,,0,75,,13202,1,,,0,35,,13228,1,,,0,75,,13215,1,,,0,70,,13200,1,,,0,30,,13196,1,,,0,70,,13225,1,,,0
6400,'991a1488-6339-4798-a1ff-4cc199131854',620,,13251,1,,,0,35,,13262,1,,,0,58,,13263,1,,,0,18,,13259,1,,,0,18,,13266,1,,,0,58,,13241,1,,,0,18,,13246,1,,,0,18,,13234,1,,,0,58,,13245,1,,,0,18,,13267,1,,,0,18,,13253,1,,,0,18,,13255,1,,,0,75,,13254,1,,,0,75,,13264,1,,,0,35,,13258,1,,,0,75,,13257,1,,,0,35,,13271,1,,,0,75,,13268,1,,,0,75,,13237,1,,,0,35,,13261,1,,,0,18,,13242,1,,,0,58,,13256,1,,,0,18,,13236,1,,,0,18,,13239,1,,,0,58,,13248,1,,,0,18,,13240,1,,,0,18,,13235,1,,,0,18,,13249,1,,,0,58,,13269,1,,,0,18,,13270,1,,,0,75,,13250,1,,,0,35,,13265,1,,,0,75,,13260,1,,,0,35,,13238,1,,,0,75,,13252,1,,,0,70,,13243,1,,,0,30,,13247,1,,,0,70,,13244,1,,,0
6400,'bec99aa0-a127-4e27-ae17-e4c7db42f9ba',930,,13286,1,,,0,75,,13274,1,,,0,35,,13272,1,,,0,75,,13278,1,,,0,35,,13277,1,,,0,75,,13287,1,,,0,75,,13279,1,,,0,35,,13285,1,,,0,75,,13276,1,,,0,35,,13281,1,,,0,75,,13284,1,,,0,35,,13282,1,,,0,75,,13273,1,,,0,75,,13280,1,,,0,35,,13275,1,,,0,75,,13283,1,,,0
6400,'c38342c9-8898-48ff-bb56-4ee52481c507',1000,,13293,1,,,0,35,,13289,1,,,0,75,,13299,1,,,0,35,,13302,1,,,0,75,,13290,1,,,0,35,,13301,1,,,0,75,,13294,1,,,0,75,,13300,1,,,0,35,,13297,1,,,0,75,,13303,1,,,0,35,,13288,1,,,0,75,,13291,1,,,0,75,,13295,1,,,0,35,,13298,1,,,0,75,,13292,1,,,0,35,,13296,1,,,0
6800,'294e58fc-bc13-4a33-bb1d-a337996c2e9c',631,,13659,10,,,0,70,,13660,10,,,0,30,,13655,10,,,0,70,,13654,10,,,0,30,,13658,10,,,0,112,,13661,10,,,0,100,,13649,10,,,0,488,,13652,10,,,0,70,,13656,10,,,0,30,,13657,10,,,0,70,,13651,10,,,0,30,,13648,10,,,0,90,,13650,10,,,0,100,,13653,10,,,0,100,,13647,10,,,0
6800,'8ab1f009-ab59-4a8c-9771-20e344a37dba',701,,13666,10,,,0,100,,13667,10,,,0,100,,13668,10,,,0,100,,13665,10,,,0,600,,13669,10,,,0,100,,13662,10,,,0,100,,13664,10,,,0,100,,13663,10,,,0,100,,13670,10,,,0
6800,'8e972226-8e68-4b6a-9fd3-2e7f449277f5',631,,13683,10,,,0,70,,13685,10,,,0,30,,13684,10,,,0,70,,13671,10,,,0,30,,13672,10,,,0,112,,13673,10,,,0,100,,13674,10,,,0,488,,13678,10,,,0,70,,13682,10,,,0,30,,13676,10,,,0,70,,13677,10,,,0,30,,13680,10,,,0,90,,13679,10,,,0,100,,13681,10,,,0,100,,13675,10,,,0
6800,'9493548d-afad-4b26-be65-c3aa23941f37',631,,13691,10,,,0,70,,13688,10,,,0,30,,13693,10,,,0,70,,13695,10,,,0,30,,13698,10,,,0,112,,13686,10,,,0,100,,13697,10,,,0,488,,13699,10,,,0,70,,13690,10,,,0,30,,13700,10,,,0,70,,13694,10,,,0,30,,13696,10,,,0,90,,13687,10,,,0,100,,13692,10,,,0,100,,13689,10,,,0
6800,'9577949b-c1b9-4893-a4cc-d601db41a1fc',631,,13702,10,,,0,70,,13706,10,,,0,30,,13711,10,,,0,70,,13704,10,,,0,30,,13710,10,,,0,112,,13705,10,,,0,100,,13713,10,,,0,488,,13708,10,,,0,70,,13707,10,,,0,30,,13714,10,,,0,70,,13712,10,,,0,30,,13715,10,,,0,90,,13703,10,,,0,100,,13709,10,,,0,100,,13701,10,,,0
6800,'991a1488-6339-4798-a1ff-4cc199131854',631,,13727,10,,,0,70,,13716,10,,,0,30,,13719,10,,,0,70,,13726,10,,,0,30,,13718,10,,,0,112,,13721,10,,,0,100,,13725,10,,,0,488,,13730,10,,,0,70,,13717,10,,,0,30,,13722,10,,,0,70,,13720,10,,,0,30,,13723,10,,,0,90,,13729,10,,,0,100,,13724,10,,,0,100,,13728,10,,,0
6800,'bec99aa0-a127-4e27-ae17-e4c7db42f9ba',1001,,13731,10,,,0,200,,13732,10,,,0,200,,13734,10,,,0,200,,13735,10,,,0,200,,13733,10,,,0
8100,'294e58fc-bc13-4a33-bb1d-a337996c2e9c',2131,,13736,8,,,0
8100,'8ab1f009-ab59-4a8c-9771-20e344a37dba',631,,13746,8,,,0,100,,13737,8,,,0,100,,13743,8,,,0,200,,13744,8,,,0,100,,13745,8,,,0,100,,13738,8,,,0,200,,13739,8,,,0,100,,13750,8,,,0,100,,13742,8,,,0,100,,13741,8,,,0,100,,13747,8,,,0,100,,13749,8,,,0,100,,13740,8,,,0,100,,13748,8,,,0
8100,'8e972226-8e68-4b6a-9fd3-2e7f449277f5',2131,,13751,8,,,0
8100,'9493548d-afad-4b26-be65-c3aa23941f37',2131,,13752,8,,,0
8100,'9577949b-c1b9-4893-a4cc-d601db41a1fc',2131,,13753,8,,,0
8100,'991a1488-6339-4798-a1ff-4cc199131854',2131,,13754,8,,,0
8100,'bec99aa0-a127-4e27-ae17-e4c7db42f9ba',1031,,13755,8,,,0,100,,13756,8,,,0,200,,13760,8,,,0,100,,13759,8,,,0,100,,13758,8,,,0,100,,13761,8,,,0,100,,13757,8,,,0
8100,'c38342c9-8898-48ff-bb56-4ee52481c507',1016,,13763,8,,,0,100,,13762,8,,,0,100,,13769,8,,,0,100,,13764,8,,,0,100,,13770,8,,,0,100,,13767,8,,,0,100,,13766,8,,,0,100,,13765,8,,,0,100,,13768,8,,,0
8200,'8ab1f009-ab59-4a8c-9771-20e344a37dba',931,,13771,8,,,0,400,,13772,8,,,0
8200,'bec99aa0-a127-4e27-ae17-e4c7db42f9ba',1231,,13773,8,,,0
8600,'294e58fc-bc13-4a33-bb1d-a337996c2e9c',546,,13878,9,,,0,75,,13875,9,,,0,35,,13860,9,,,0,75,,13863,9,,,0,80,,13869,9,,,0,40,,13872,9,,,0,80,,13876,9,,,0,75,,13866,9,,,0,35,,13870,9,,,0,75,,13865,9,,,0,35,,13862,9,,,0,75,,13871,9,,,0,75,,13867,9,,,0,35,,13873,9,,,0,75,,13856,9,,,0,35,,13861,9,,,0,75,,13855,9,,,0,35,,13854,9,,,0,75,,13877,9,,,0,80,,13857,9,,,0,40,,13858,9,,,0,80,,13879,9,,,0,75,,13859,9,,,0,35,,13868,9,,,0,75,,13864,9,,,0,35,,13874,10,,,0
8600,'8e972226-8e68-4b6a-9fd3-2e7f449277f5',546,,13900,9,,,0,75,,13904,9,,,0,35,,13894,9,,,0,75,,13888,9,,,0,80,,13883,9,,,0,40,,13903,9,,,0,80,,13895,9,,,0,75,,13885,9,,,0,35,,13899,9,,,0,75,,13896,9,,,0,35,,13892,9,,,0,75,,13897,9,,,0,75,,13893,9,,,0,35,,13889,9,,,0,75,,13882,9,,,0,35,,13884,9,,,0,75,,13902,9,,,0,35,,13881,9,,,0,75,,13887,9,,,0,80,,13898,9,,,0,40,,13905,9,,,0,80,,13890,9,,,0,75,,13880,9,,,0,35,,13891,9,,,0,75,,13901,9,,,0,35,,13886,10,,,0
8600,'9493548d-afad-4b26-be65-c3aa23941f37',546,,13925,9,,,0,75,,13922,9,,,0,35,,13919,9,,,0,75,,13920,9,,,0,80,,13921,9,,,0,40,,13910,9,,,0,80,,13911,9,,,0,75,,13918,9,,,0,35,,13913,9,,,0,75,,13916,9,,,0,35,,13907,9,,,0,75,,13906,9,,,0,75,,13915,9,,,0,35,,13923,9,,,0,75,,13926,9,,,0,35,,13914,9,,,0,75,,13909,9,,,0,35,,13924,9,,,0,75,,13927,9,,,0,80,,13912,9,,,0,40,,13929,9,,,0,80,,13928,9,,,0,75,,13917,9,,,0,35,,13930,9,,,0,75,,13931,9,,,0,35,,13908,10,,,0
8600,'9577949b-c1b9-4893-a4cc-d601db41a1fc',546,,13948,9,,,0,75,,13951,9,,,0,35,,13940,9,,,0,75,,13943,9,,,0,80,,13946,9,,,0,40,,13941,9,,,0,80,,13939,9,,,0,75,,13950,9,,,0,35,,13949,9,,,0,75,,13942,9,,,0,35,,13936,9,,,0,75,,13947,9,,,0,75,,13937,9,,,0,35,,13955,9,,,0,75,,13938,9,,,0,35,,13956,9,,,0,75,,13953,9,,,0,35,,13945,9,,,0,75,,13933,9,,,0,80,,13954,9,,,0,40,,13944,9,,,0,80,,13935,9,,,0,75,,13934,9,,,0,35,,13957,9,,,0,75,,13932,9,,,0,35,,13952,10,,,0
8600,'991a1488-6339-4798-a1ff-4cc199131854',546,,13983,9,,,0,75,,13975,9,,,0,35,,13967,9,,,0,75,,13966,9,,,0,80,,13982,9,,,0,40,,13976,9,,,0,80,,13969,9,,,0,75,,13981,9,,,0,35,,13977,9,,,0,75,,13964,9,,,0,35,,13961,9,,,0,75,,13973,9,,,0,75,,13971,9,,,0,35,,13962,9,,,0,75,,13980,9,,,0,35,,13959,9,,,0,75,,13968,9,,,0,35,,13965,9,,,0,75,,13970,9,,,0,80,,13958,9,,,0,40,,13978,9,,,0,80,,13972,9,,,0,75,,13960,9,,,0,35,,13974,9,,,0,75,,13963,9,,,0,35,,13979,10,,,0
