5000,'294e58fc-bc13-4a33-bb1d-a337996c2e9c',629,,11001,78,,,0,24,,11010,78,,,0,64,,10981,78,,,0,26,,11003,78,,,0,66,,10988,78,,,0,26,,11006,78,,,0,66,,10992,78,,,0,26,,10980,78,,,0,26,,10978,78,,,0,66,,10993,60,,,0,26,,10990,78,,,0,68,,11011,78,,,0,45,,11002,78,,,0,74,,11009,78,,,0,85,,10994,78,,,0,34,,10985,78,,,0,68,,10995,78,,,0,25,,10987,78,,,0,69,,10996,78,,,0,28,,11005,78,,,0,68,,11012,78,,,0,26,,10999,78,,,0,74,,10984,78,,,0,32,,10997,78,,,0,67,,11013,78,,,0,33,,11008,78,,,0,64,,10989,78,,,0,24,,10998,78,,,0,26,,11000,62,,,0,67,,10986,78,,,0,23,,10982,78,,,0,90,,11004,78,,,0,23,,10991,62,,,0,90,,10979,62,,,0
5000,'8ab1f009-ab59-4a8c-9771-20e344a37dba',716,,11031,78,,,0,35,,11037,78,,,0,75,,11041,78,,,0,75,,11034,78,,,0,35,,11015,78,,,0,75,,11035,78,,,0,35,,11022,78,,,0,75,,11023,78,,,0,37,,11036,78,,,0,77,,11038,78,,,0,80,,11028,78,,,0,37,,11039,78,,,0,80,,11026,78,,,0,77,,11027,78,,,0,40,,11017,78,,,0,77,,11029,78,,,0,80,,11019,78,,,0,37,,11033,78,,,0,76,,11024,78,,,0,37,,11040,78,,,0,75,,11030,78,,,0,75,,11018,78,,,0,35,,11016,78,,,0,75,,11014,62,,,0,35,,11025,62,,,0
5000,'8e972226-8e68-4b6a-9fd3-2e7f449277f5',629,,11051,78,,,0,24,,11074,78,,,0,64,,11049,78,,,0,26,,11059,78,,,0,66,,11045,78,,,0,26,,11057,78,,,0,66,,11054,78,,,0,26,,11043,78,,,0,26,,11064,78,,,0,66,,11071,60,,,0,26,,11070,78,,,0,68,,11077,78,,,0,45,,11069,78,,,0,74,,11063,78,,,0,85,,11053,78,,,0,34,,11044,78,,,0,68,,11052,78,,,0,25,,11046,78,,,0,69,,11042,78,,,0,28,,11060,78,,,0,68,,11066,78,,,0,26,,11076,78,,,0,74,,11056,78,,,0,32,,11068,78,,,0,67,,11055,78,,,0,33,,11050,78,,,0,64,,11075,78,,,0,24,,11072,78,,,0,26,,11048,62,,,0,67,,11058,78,,,0,23,,11065,78,,,0,90,,11047,78,,,0,23,,11073,62,,,0,90,,11061,62,,,0
5000,'9493548d-afad-4b26-be65-c3aa23941f37',629,,11106,78,,,0,24,,11091,78,,,0,64,,11097,78,,,0,26,,11102,78,,,0,66,,11079,78,,,0,26,,11090,78,,,0,66,,11082,78,,,0,26,,11085,78,,,0,26,,11093,78,,,0,66,,11078,60,,,0,26,,11111,78,,,0,68,,11099,78,,,0,45,,11092,78,,,0,74,,11086,78,,,0,85,,11084,78,,,0,34,,11108,78,,,0,68,,11087,78,,,0,25,,11104,78,,,0,69,,11105,78,,,0,28,,11096,78,,,0,68,,11109,78,,,0,26,,11101,78,,,0,74,,11098,78,,,0,32,,11100,78,,,0,67,,11088,78,,,0,33,,11094,78,,,0,64,,11081,78,,,0,24,,11095,78,,,0,26,,11113,62,,,0,67,,11080,78,,,0,23,,11083,78,,,0,90,,11112,78,,,0,23,,11110,62,,,0,90,,11089,62,,,0
5000,'9577949b-c1b9-4893-a4cc-d601db41a1fc',629,,11125,78,,,0,24,,11131,78,,,0,64,,11137,78,,,0,26,,11127,78,,,0,66,,11141,78,,,0,26,,11120,78,,,0,66,,11129,78,,,0,26,,11123,78,,,0,26,,11114,78,,,0,66,,11128,60,,,0,26,,11145,78,,,0,68,,11140,78,,,0,45,,11132,78,,,0,74,,11135,78,,,0,85,,11149,78,,,0,34,,11144,78,,,0,68,,11142,78,,,0,25,,11117,78,,,0,69,,11143,78,,,0,28,,11138,78,,,0,68,,11121,78,,,0,26,,11119,78,,,0,74,,11116,78,,,0,32,,11118,78,,,0,67,,11133,78,,,0,33,,11148,78,,,0,64,,11136,78,,,0,24,,11146,78,,,0,26,,11147,62,,,0,67,,11124,78,,,0,23,,11115,78,,,0,90,,11130,78,,,0,23,,11122,62,,,0,90,,11139,62,,,0
5000,'991a1488-6339-4798-a1ff-4cc199131854',629,,11185,78,,,0,24,,11177,78,,,0,64,,11163,78,,,0,26,,11172,78,,,0,66,,11171,78,,,0,26,,11175,78,,,0,66,,11180,78,,,0,26,,11157,78,,,0,26,,11182,78,,,0,66,,11162,60,,,0,26,,11155,78,,,0,68,,11165,78,,,0,45,,11178,78,,,0,74,,11154,78,,,0,85,,11168,78,,,0,34,,11169,78,,,0,68,,11176,78,,,0,25,,11167,78,,,0,69,,11164,78,,,0,28,,11153,78,,,0,68,,11156,78,,,0,26,,11150,78,,,0,74,,11184,78,,,0,32,,11170,78,,,0,67,,11174,78,,,0,33,,11159,78,,,0,64,,11158,78,,,0,24,,11151,78,,,0,26,,11179,62,,,0,67,,11152,78,,,0,23,,11173,78,,,0,90,,11183,78,,,0,23,,11161,62,,,0,90,,11166,62,,,0
5000,'bec99aa0-a127-4e27-ae17-e4c7db42f9ba',935,,11186,78,,,0,76,,11202,78,,,0,35,,11195,78,,,0,75,,11192,78,,,0,35,,11191,78,,,0,75,,11188,78,,,0,75,,11196,78,,,0,35,,11187,78,,,0,75,,11190,78,,,0,35,,11193,78,,,0,75,,11200,78,,,0,75,,11199,78,,,0,35,,11194,78,,,0,75,,11189,78,,,0,35,,11197,62,,,0
5000,'c38342c9-8898-48ff-bb56-4ee52481c507',1011,,11204,78,,,0,35,,11213,78,,,0,75,,11212,78,,,0,35,,11209,78,,,0,75,,11206,78,,,0,75,,11219,78,,,0,35,,11210,78,,,0,75,,11221,78,,,0,35,,11216,78,,,0,75,,11218,78,,,0,75,,11215,78,,,0,35,,11220,78,,,0,75,,11211,78,,,0,35,,11205,78,,,0,75,,11217,62,,,0,35,,11208,62,,,0
6200,'294e58fc-bc13-4a33-bb1d-a337996c2e9c',610,,12695,11,,,0,35,,12686,11,,,0,75,,12682,11,,,0,35,,12694,11,,,0,75,,12698,11,,,0,75,,12680,11,,,0,35,,12697,11,,,0,75,,12703,11,,,0,35,,12684,11,,,0,75,,12681,11,,,0,75,,12691,11,,,0,35,,12699,11,,,0,75,,12679,11,,,0,35,,12683,11,,,0,80,,12696,11,,,0,75,,12677,11,,,0,40,,12692,11,,,0,80,,12701,11,,,0,80,,12689,11,,,0,40,,12693,11,,,0,80,,12700,11,,,0,80,,12676,11,,,0,35,,12685,11,,,0,75,,12678,11,,,0,35,,12688,11,,,0,75,,12702,11,,,0,35,,12675,11,,,0,75,,12690,11,,,0,75,,12687,10,,,0
6200,'8ab1f009-ab59-4a8c-9771-20e344a37dba',610,,12709,11,,,0,35,,12706,11,,,0,75,,12711,11,,,0,35,,12715,11,,,0,75,,12731,11,,,0,75,,12720,11,,,0,35,,12725,11,,,0,75,,12727,11,,,0,35,,12728,11,,,0,75,,12719,11,,,0,75,,12712,11,,,0,35,,12722,11,,,0,75,,12710,11,,,0,35,,12716,11,,,0,80,,12713,11,,,0,75,,12729,11,,,0,40,,12714,11,,,0,80,,12718,11,,,0,80,,12704,11,,,0,40,,12708,11,,,0,80,,12707,11,,,0,80,,12730,11,,,0,35,,12721,11,,,0,75,,12724,11,,,0,35,,12705,11,,,0,75,,12732,11,,,0,35,,12726,11,,,0,75,,12717,11,,,0,75,,12723,10,,,0
6200,'8e972226-8e68-4b6a-9fd3-2e7f449277f5',610,,12760,11,,,0,35,,12743,11,,,0,75,,12739,11,,,0,35,,12736,11,,,0,75,,12747,11,,,0,75,,12737,11,,,0,35,,12750,11,,,0,75,,12751,11,,,0,35,,12735,11,,,0,75,,12734,11,,,0,75,,12754,11,,,0,35,,12759,11,,,0,75,,12752,11,,,0,35,,12742,11,,,0,80,,12749,11,,,0,75,,12756,11,,,0,40,,12744,11,,,0,80,,12757,11,,,0,80,,12761,11,,,0,40,,12746,11,,,0,80,,12748,11,,,0,80,,12745,11,,,0,35,,12741,11,,,0,75,,12758,11,,,0,35,,12733,11,,,0,75,,12755,11,,,0,35,,12738,11,,,0,75,,12740,11,,,0,75,,12753,10,,,0
6200,'9493548d-afad-4b26-be65-c3aa23941f37',610,,12762,11,,,0,35,,12784,11,,,0,75,,12783,11,,,0,35,,12785,11,,,0,75,,12777,11,,,0,75,,12788,11,,,0,35,,12782,11,,,0,75,,12771,11,,,0,35,,12780,11,,,0,75,,12772,11,,,0,75,,12786,11,,,0,35,,12765,11,,,0,75,,12770,11,,,0,35,,12766,11,,,0,80,,12790,11,,,0,75,,12789,11,,,0,40,,12774,11,,,0,80,,12781,11,,,0,80,,12768,11,,,0,40,,12775,11,,,0,80,,12773,11,,,0,80,,12787,11,,,0,35,,12776,11,,,0,75,,12778,11,,,0,35,,12767,11,,,0,75,,12779,11,,,0,35,,12764,11,,,0,75,,12769,11,,,0,75,,12763,10,,,0
6200,'9577949b-c1b9-4893-a4cc-d601db41a1fc',610,,12795,11,,,0,35,,12803,11,,,0,75,,12792,11,,,0,35,,12801,11,,,0,75,,12804,11,,,0,75,,12806,11,,,0,35,,12799,11,,,0,75,,12800,11,,,0,35,,12812,11,,,0,75,,12793,11,,,0,75,,12813,11,,,0,35,,12811,11,,,0,75,,12810,11,,,0,35,,12802,11,,,0,80,,12807,11,,,0,75,,12819,11,,,0,40,,12809,11,,,0,80,,12798,11,,,0,80,,12817,11,,,0,40,,12794,11,,,0,80,,12818,11,,,0,80,,12797,11,,,0,35,,12816,11,,,0,75,,12815,11,,,0,35,,12808,11,,,0,75,,12814,11,,,0,35,,12791,11,,,0,75,,12796,11,,,0,75,,12805,10,,,0
6200,'991a1488-6339-4798-a1ff-4cc199131854',610,,12822,11,,,0,35,,12838,11,,,0,75,,12837,11,,,0,35,,12846,11,,,0,75,,12848,11,,,0,75,,12833,11,,,0,35,,12844,11,,,0,75,,12842,11,,,0,35,,12832,11,,,0,75,,12825,11,,,0,75,,12821,11,,,0,35,,12831,11,,,0,75,,12847,11,,,0,35,,12834,11,,,0,80,,12824,11,,,0,75,,12835,11,,,0,40,,12826,11,,,0,80,,12820,11,,,0,80,,12840,11,,,0,40,,12828,11,,,0,80,,12836,11,,,0,80,,12829,11,,,0,35,,12823,11,,,0,75,,12845,11,,,0,35,,12827,11,,,0,75,,12839,11,,,0,35,,12841,11,,,0,75,,12843,11,,,0,75,,12830,10,,,0
6200,'bec99aa0-a127-4e27-ae17-e4c7db42f9ba',1015,,12857,11,,,0,35,,12850,11,,,0,75,,12859,11,,,0,75,,12860,11,,,0,35,,12854,11,,,0,75,,12849,11,,,0,35,,12851,11,,,0,75,,12852,11,,,0,35,,12856,11,,,0,75,,12853,11,,,0,75,,12858,11,,,0,35,,12861,11,,,0,75,,12862,11,,,0,35,,12855,10,,,0
6200,'c38342c9-8898-48ff-bb56-4ee52481c507',1010,,12868,11,,,0,35,,12876,11,,,0,75,,12865,11,,,0,35,,12874,11,,,0,75,,12870,11,,,0,75,,12867,11,,,0,35,,12871,11,,,0,75,,12872,11,,,0,35,,12863,11,,,0,75,,12869,11,,,0,75,,12864,11,,,0,35,,12873,11,,,0,75,,12877,11,,,0,35,,12875,11,,,0,75,,12866,11,,,0
6500,'294e58fc-bc13-4a33-bb1d-a337996c2e9c',646,,13307,9,,,0,75,,13322,9,,,0,36,,13314,9,,,0,76,,13309,9,,,0,83,,13311,9,,,0,30,,13316,9,,,0,70,,13312,9,,,0,30,,13304,9,,,0,70,,13320,9,,,0,30,,13319,9,,,0,70,,13317,9,,,0,30,,13328,9,,,0,70,,13305,9,,,0,30,,13327,9,,,0,70,,13308,9,,,0,30,,13323,9,,,0,70,,13325,9,,,0,30,,13330,9,,,0,80,,13331,9,,,0,80,,13318,9,,,0,40,,13329,9,,,0,70,,13315,9,,,0,30,,13306,9,,,0,70,,13321,9,,,0,30,,13326,9,,,0,70,,13313,9,,,0,30,,13310,9,,,0,70,,13324,9,,,0
6500,'8ab1f009-ab59-4a8c-9771-20e344a37dba',646,,13348,9,,,0,75,,13351,9,,,0,36,,13339,9,,,0,76,,13349,9,,,0,83,,13358,9,,,0,30,,13353,9,,,0,70,,13336,9,,,0,30,,13357,9,,,0,70,,13333,9,,,0,30,,13345,9,,,0,70,,13332,9,,,0,30,,13342,9,,,0,70,,13343,9,,,0,30,,13335,9,,,0,70,,13334,9,,,0,30,,13341,9,,,0,70,,13338,9,,,0,30,,13350,9,,,0,80,,13352,9,,,0,80,,13356,9,,,0,40,,13340,9,,,0,70,,13337,9,,,0,30,,13344,9,,,0,70,,13347,9,,,0,30,,13355,9,,,0,70,,13354,9,,,0,30,,13359,9,,,0,70,,13346,9,,,0
6500,'8e972226-8e68-4b6a-9fd3-2e7f449277f5',646,,13368,9,,,0,75,,13381,9,,,0,36,,13377,9,,,0,76,,13386,9,,,0,83,,13371,9,,,0,30,,13378,9,,,0,70,,13382,9,,,0,30,,13373,9,,,0,70,,13372,9,,,0,30,,13387,9,,,0,70,,13370,9,,,0,30,,13364,9,,,0,70,,13361,9,,,0,30,,13369,9,,,0,70,,13375,9,,,0,30,,13384,9,,,0,70,,13360,9,,,0,30,,13385,9,,,0,80,,13367,9,,,0,80,,13380,9,,,0,40,,13362,9,,,0,70,,13366,9,,,0,30,,13374,9,,,0,70,,13363,9,,,0,30,,13365,9,,,0,70,,13376,9,,,0,30,,13379,9,,,0,70,,13383,9,,,0
6500,'9493548d-afad-4b26-be65-c3aa23941f37',646,,13415,9,,,0,75,,13391,9,,,0,36,,13399,9,,,0,76,,13389,9,,,0,83,,13400,9,,,0,30,,13407,9,,,0,70,,13404,9,,,0,30,,13408,9,,,0,70,,13409,9,,,0,30,,13398,9,,,0,70,,13405,9,,,0,30,,13397,9,,,0,70,,13406,9,,,0,30,,13410,9,,,0,70,,13394,9,,,0,30,,13390,9,,,0,70,,13395,9,,,0,30,,13392,9,,,0,80,,13401,9,,,0,80,,13413,9,,,0,40,,13412,9,,,0,70,,13388,9,,,0,30,,13402,9,,,0,70,,13393,9,,,0,30,,13403,9,,,0,70,,13414,9,,,0,30,,13396,9,,,0,70,,13411,9,,,0
6500,'9577949b-c1b9-4893-a4cc-d601db41a1fc',646,,13440,9,,,0,75,,13434,9,,,0,36,,13422,9,,,0,76,,13425,9,,,0,83,,13433,9,,,0,30,,13429,9,,,0,70,,13426,9,,,0,30,,13420,9,,,0,70,,13432,9,,,0,30,,13424,9,,,0,70,,13418,9,,,0,30,,13427,9,,,0,70,,13430,9,,,0,30,,13437,9,,,0,70,,13441,9,,,0,30,,13435,9,,,0,70,,13436,9,,,0,30,,13423,9,,,0,80,,13442,9,,,0,80,,13443,9,,,0,40,,13416,9,,,0,70,,13438,9,,,0,30,,13421,9,,,0,70,,13431,9,,,0,30,,13417,9,,,0,70,,13419,9,,,0,30,,13428,9,,,0,70,,13439,9,,,0
6500,'991a1488-6339-4798-a1ff-4cc199131854',646,,13470,9,,,0,75,,13444,9,,,0,36,,13453,9,,,0,76,,13465,9,,,0,83,,13456,9,,,0,30,,13457,9,,,0,70,,13460,9,,,0,30,,13454,9,,,0,70,,13464,9,,,0,30,,13449,9,,,0,70,,13452,9,,,0,30,,13467,9,,,0,70,,13461,9,,,0,30,,13455,9,,,0,70,,13466,9,,,0,30,,13471,9,,,0,70,,13448,9,,,0,30,,13445,9,,,0,80,,13463,9,,,0,80,,13447,9,,,0,40,,13446,9,,,0,70,,13450,9,,,0,30,,13459,9,,,0,70,,13462,9,,,0,30,,13469,9,,,0,70,,13468,9,,,0,30,,13451,9,,,0,70,,13458,9,,,0
6500,'bec99aa0-a127-4e27-ae17-e4c7db42f9ba',1016,,13483,9,,,0,30,,13486,9,,,0,70,,13475,9,,,0,30,,13481,9,,,0,70,,13482,9,,,0,30,,13487,9,,,0,70,,13479,9,,,0,30,,13480,9,,,0,70,,13478,9,,,0,30,,13473,9,,,0,70,,13484,9,,,0,30,,13472,9,,,0,70,,13477,9,,,0,30,,13474,9,,,0,70,,13476,9,,,0,30,,13485,9,,,0
