8100,'294e58fc-bc13-4a33-bb1d-a337996c2e9c',2157,,13736,177,,,0
8100,'8ab1f009-ab59-4a8c-9771-20e344a37dba',706,,13746,209,,,0,100,,13737,209,,,0,100,,13743,209,,,0,200,,13744,209,,,0,100,,13745,209,,,0,100,,13738,209,,,0,200,,13739,209,,,0,100,,13750,209,,,0,100,,13742,209,,,0,100,,13741,209,,,0,100,,13747,209,,,0,100,,13749,209,,,0,100,,13740,209,,,0,51,,13748,177,,,0
8100,'8e972226-8e68-4b6a-9fd3-2e7f449277f5',2157,,13751,177,,,0
8100,'9493548d-afad-4b26-be65-c3aa23941f37',2157,,13752,177,,,0
8100,'9577949b-c1b9-4893-a4cc-d601db41a1fc',2157,,13753,177,,,0
8100,'991a1488-6339-4798-a1ff-4cc199131854',2157,,13754,177,,,0
8100,'bec99aa0-a127-4e27-ae17-e4c7db42f9ba',1106,,13755,209,,,0,100,,13756,209,,,0,200,,13760,209,,,0,100,,13759,209,,,0,100,,13758,209,,,0,100,,13761,209,,,0,99,,13757,192,,,0
8100,'c38342c9-8898-48ff-bb56-4ee52481c507',1042,,13763,177,,,0,100,,13762,177,,,0,100,,13769,177,,,0,100,,13764,177,,,0,100,,13770,177,,,0,100,,13767,177,,,0,100,,13766,177,,,0,100,,13765,177,,,0,100,,13768,177,,,0
8500,'294e58fc-bc13-4a33-bb1d-a337996c2e9c',659,,13783,120,,,0,100,,13774,227,,,0,100,,13789,227,,,0,100,,13787,227,,,0,100,,13775,227,,,0,100,,13776,227,,,0,100,,13778,227,,,0,100,,13780,227,,,0,100,,13788,227,,,0,100,,13782,227,,,0,100,,13785,227,,,0,100,,13784,227,,,0,100,,13779,227,,,0,100,,13777,227,,,0,100,,13781,227,,,0,100,,13786,227,,,0
8500,'8e972226-8e68-4b6a-9fd3-2e7f449277f5',659,,13802,120,,,0,100,,13796,227,,,0,100,,13801,227,,,0,100,,13804,227,,,0,100,,13792,227,,,0,100,,13791,227,,,0,100,,13794,227,,,0,100,,13800,227,,,0,100,,13798,227,,,0,100,,13790,227,,,0,100,,13793,227,,,0,100,,13805,227,,,0,100,,13795,227,,,0,100,,13797,227,,,0,100,,13803,227,,,0,100,,13799,227,,,0
8500,'9493548d-afad-4b26-be65-c3aa23941f37',659,,13818,120,,,0,100,,13812,227,,,0,100,,13809,227,,,0,100,,13816,227,,,0,100,,13807,227,,,0,100,,13810,227,,,0,100,,13815,227,,,0,100,,13811,227,,,0,100,,13814,227,,,0,100,,13813,227,,,0,100,,13821,227,,,0,100,,13806,227,,,0,100,,13817,227,,,0,100,,13820,227,,,0,100,,13808,227,,,0,100,,13819,227,,,0
8500,'9577949b-c1b9-4893-a4cc-d601db41a1fc',659,,13835,120,,,0,100,,13826,227,,,0,100,,13836,227,,,0,100,,13830,227,,,0,100,,13832,227,,,0,100,,13833,227,,,0,100,,13834,227,,,0,100,,13837,227,,,0,100,,13824,227,,,0,100,,13827,227,,,0,100,,13825,227,,,0,100,,13823,227,,,0,100,,13831,227,,,0,100,,13828,227,,,0,100,,13822,227,,,0,100,,13829,227,,,0
8500,'991a1488-6339-4798-a1ff-4cc199131854',659,,13852,120,,,0,100,,13839,227,,,0,100,,13838,227,,,0,100,,13843,227,,,0,100,,13844,227,,,0,100,,13849,227,,,0,100,,13846,227,,,0,100,,13845,227,,,0,100,,13847,227,,,0,100,,13848,227,,,0,100,,13841,227,,,0,100,,13853,227,,,0,100,,13851,227,,,0,100,,13840,227,,,0,100,,13842,227,,,0,100,,13850,227,,,0
