6100,'294e58fc-bc13-4a33-bb1d-a337996c2e9c',553,,12451,114,,,0,75,,12417,114,,,0,75,,12428,114,,,0,16,,12424,114,,,0,21,,12444,114,,,0,62,,12418,114,,,0,20,,12440,114,,,0,20,,12454,114,,,0,60,,12436,114,,,0,18,,12442,114,,,0,21,,12453,114,,,0,80,,12432,114,,,0,80,,12437,114,,,0,40,,12416,114,,,0,80,,12447,114,,,0,80,,12430,114,,,0,20,,12446,114,,,0,25,,12426,114,,,0,60,,12438,114,,,0,23,,12450,114,,,0,20,,12429,114,,,0,65,,12443,114,,,0,20,,12414,114,,,0,25,,12445,114,,,0,60,,12422,114,,,0,25,,12448,114,,,0,60,,12413,114,,,0,25,,12434,114,,,0,20,,12423,114,,,0,64,,12435,114,,,0,20,,12421,114,,,0,20,,12419,114,,,0,60,,12441,114,,,0,16,,12439,114,,,0,20,,12420,114,,,0,55,,12425,114,,,0,35,,12431,114,,,0,79,,12452,114,,,0,31,,12433,114,,,0,75,,12415,114,,,0,35,,12427,114,,,0,72,,12449,114,,,0
6100,'8ab1f009-ab59-4a8c-9771-20e344a37dba',629,,12459,114,,,0,91,,12455,114,,,0,80,,12460,114,,,0,40,,12457,114,,,0,80,,12466,114,,,0,80,,12467,114,,,0,40,,12474,114,,,0,81,,12470,114,,,0,85,,12471,114,,,0,45,,12475,114,,,0,85,,12469,114,,,0,85,,12461,114,,,0,85,,12472,114,,,0,45,,12476,114,,,0,85,,12458,114,,,0,85,,12465,114,,,0,85,,12462,114,,,0,43,,12456,114,,,0,75,,12478,114,,,0,35,,12468,114,,,0,75,,12473,114,,,0,75,,12477,114,,,0,35,,12464,114,,,0,74,,12463,118,,,0
6100,'8e972226-8e68-4b6a-9fd3-2e7f449277f5',553,,12491,114,,,0,75,,12483,114,,,0,75,,12513,114,,,0,16,,12498,114,,,0,21,,12485,114,,,0,62,,12510,114,,,0,20,,12519,114,,,0,20,,12490,114,,,0,60,,12507,114,,,0,18,,12520,114,,,0,21,,12504,114,,,0,80,,12508,114,,,0,80,,12511,114,,,0,40,,12484,114,,,0,80,,12515,114,,,0,80,,12512,114,,,0,20,,12482,114,,,0,25,,12516,114,,,0,60,,12488,114,,,0,23,,12492,114,,,0,20,,12481,114,,,0,65,,12487,114,,,0,20,,12495,114,,,0,25,,12489,114,,,0,60,,12509,114,,,0,25,,12494,114,,,0,60,,12500,114,,,0,25,,12497,114,,,0,20,,12503,114,,,0,64,,12479,114,,,0,20,,12501,114,,,0,20,,12514,114,,,0,60,,12496,114,,,0,16,,12486,114,,,0,20,,12517,114,,,0,55,,12518,114,,,0,35,,12480,114,,,0,79,,12502,114,,,0,31,,12499,114,,,0,75,,12506,114,,,0,35,,12505,114,,,0,72,,12493,114,,,0
6100,'9493548d-afad-4b26-be65-c3aa23941f37',553,,12551,114,,,0,75,,12525,114,,,0,75,,12545,114,,,0,16,,12559,114,,,0,21,,12535,114,,,0,62,,12523,114,,,0,20,,12522,114,,,0,20,,12562,114,,,0,60,,12547,114,,,0,18,,12552,114,,,0,21,,12538,114,,,0,80,,12540,114,,,0,80,,12544,114,,,0,40,,12531,114,,,0,80,,12557,114,,,0,80,,12533,114,,,0,20,,12527,114,,,0,25,,12558,114,,,0,60,,12541,114,,,0,23,,12556,114,,,0,20,,12549,114,,,0,65,,12543,114,,,0,20,,12532,114,,,0,25,,12550,114,,,0,60,,12530,114,,,0,25,,12537,114,,,0,60,,12529,114,,,0,25,,12534,114,,,0,20,,12555,114,,,0,64,,12554,114,,,0,20,,12528,114,,,0,20,,12546,114,,,0,60,,12553,114,,,0,16,,12526,114,,,0,20,,12536,114,,,0,55,,12548,114,,,0,35,,12560,114,,,0,79,,12561,114,,,0,31,,12542,114,,,0,75,,12539,114,,,0,35,,12521,114,,,0,72,,12524,114,,,0
6100,'9577949b-c1b9-4893-a4cc-d601db41a1fc',553,,12576,114,,,0,75,,12564,114,,,0,75,,12594,114,,,0,16,,12573,114,,,0,21,,12599,114,,,0,62,,12567,114,,,0,20,,12596,114,,,0,20,,12580,114,,,0,60,,12575,114,,,0,18,,12600,114,,,0,21,,12586,114,,,0,80,,12603,114,,,0,80,,12588,114,,,0,40,,12566,114,,,0,80,,12591,114,,,0,80,,12568,114,,,0,20,,12587,114,,,0,25,,12565,114,,,0,60,,12590,114,,,0,23,,12570,114,,,0,20,,12593,114,,,0,65,,12595,114,,,0,20,,12569,114,,,0,25,,12581,114,,,0,60,,12572,114,,,0,25,,12578,114,,,0,60,,12579,114,,,0,25,,12584,114,,,0,20,,12589,114,,,0,64,,12604,114,,,0,20,,12574,114,,,0,20,,12582,114,,,0,60,,12592,114,,,0,16,,12585,114,,,0,20,,12598,114,,,0,55,,12601,114,,,0,35,,12571,114,,,0,79,,12577,114,,,0,31,,12602,114,,,0,75,,12597,114,,,0,35,,12563,114,,,0,72,,12583,114,,,0
6100,'991a1488-6339-4798-a1ff-4cc199131854',553,,12641,114,,,0,75,,12616,114,,,0,75,,12635,114,,,0,16,,12643,114,,,0,21,,12634,114,,,0,62,,12621,114,,,0,20,,12622,114,,,0,20,,12624,114,,,0,60,,12619,114,,,0,18,,12633,114,,,0,21,,12636,114,,,0,80,,12628,114,,,0,80,,12639,114,,,0,40,,12615,114,,,0,80,,12645,114,,,0,80,,12638,114,,,0,20,,12609,114,,,0,25,,12606,114,,,0,60,,12610,114,,,0,23,,12626,114,,,0,20,,12617,114,,,0,65,,12611,114,,,0,20,,12623,114,,,0,25,,12629,114,,,0,60,,12630,114,,,0,25,,12605,114,,,0,60,,12640,114,,,0,25,,12631,114,,,0,20,,12612,114,,,0,64,,12646,114,,,0,20,,12627,114,,,0,20,,12618,114,,,0,60,,12614,114,,,0,16,,12608,114,,,0,20,,12607,114,,,0,55,,12644,114,,,0,35,,12637,114,,,0,79,,12632,114,,,0,31,,12620,114,,,0,75,,12613,114,,,0,35,,12625,114,,,0,72,,12642,114,,,0
6100,'bec99aa0-a127-4e27-ae17-e4c7db42f9ba',948,,12647,114,,,0,82,,12654,114,,,0,80,,12653,114,,,0,40,,12656,114,,,0,80,,12648,114,,,0,80,,12652,114,,,0,40,,12657,114,,,0,80,,12651,114,,,0,80,,12655,114,,,0,40,,12650,114,,,0,80,,12649,114,,,0,80,,12659,114,,,0,39,,12658,118,,,0
6100,'c38342c9-8898-48ff-bb56-4ee52481c507',1024,,12673,114,,,0,35,,12664,114,,,0,75,,12669,114,,,0,75,,12663,114,,,0,35,,12671,114,,,0,75,,12660,114,,,0,35,,12665,114,,,0,75,,12668,114,,,0,75,,12667,114,,,0,35,,12672,114,,,0,75,,12666,114,,,0,35,,12662,114,,,0,80,,12670,114,,,0,75,,12674,114,,,0,35,,12661,114,,,0
6600,'294e58fc-bc13-4a33-bb1d-a337996c2e9c',713,,13494,211,,,0,110,,13489,211,,,0,130,,13496,211,,,0,149,,13493,211,,,0,111,,13491,211,,,0,114,,13490,268,0,8,0,111,,13488,211,,,0,110,,13498,211,,,0,110,,13499,211,,,0,150,,13497,211,,,0,114,,13495,268,0,8,0,106,,13492,211,,,0
6600,'8ab1f009-ab59-4a8c-9771-20e344a37dba',713,,13500,211,,,0,100,,13503,211,,,0,800,,13504,211,,,0,100,,13501,211,,,0,100,,13502,211,,,0
6600,'8e972226-8e68-4b6a-9fd3-2e7f449277f5',713,,13506,211,,,0,110,,13507,211,,,0,130,,13505,211,,,0,149,,13510,211,,,0,111,,13508,211,,,0,114,,13514,268,0,8,0,111,,13512,211,,,0,110,,13513,211,,,0,110,,13511,211,,,0,150,,13515,211,,,0,114,,13516,268,0,8,0,106,,13509,211,,,0
6600,'9493548d-afad-4b26-be65-c3aa23941f37',713,,13525,211,,,0,110,,13519,211,,,0,130,,13527,211,,,0,149,,13518,211,,,0,111,,13524,211,,,0,114,,13517,268,0,8,0,111,,13523,211,,,0,110,,13521,211,,,0,110,,13528,211,,,0,150,,13522,211,,,0,114,,13526,268,0,8,0,106,,13520,211,,,0
6600,'9577949b-c1b9-4893-a4cc-d601db41a1fc',713,,13529,211,,,0,110,,13539,211,,,0,130,,13536,211,,,0,149,,13537,211,,,0,111,,13538,211,,,0,114,,13533,268,0,8,0,111,,13531,211,,,0,110,,13534,211,,,0,110,,13540,211,,,0,150,,13530,211,,,0,114,,13535,268,0,8,0,106,,13532,211,,,0
6600,'991a1488-6339-4798-a1ff-4cc199131854',713,,13541,211,,,0,110,,13551,211,,,0,130,,13543,211,,,0,149,,13550,211,,,0,111,,13549,211,,,0,114,,13548,268,0,8,0,111,,13542,211,,,0,110,,13547,211,,,0,110,,13546,211,,,0,150,,13545,211,,,0,114,,13544,268,0,8,0,106,,13552,211,,,0
6600,'bec99aa0-a127-4e27-ae17-e4c7db42f9ba',1113,,13554,211,,,0,200,,13556,211,,,0,200,,13553,211,,,0,200,,13555,211,,,0
