1600,'294e58fc-bc13-4a33-bb1d-a337996c2e9c',651,,10826,40,,,0,70,,10821,40,,,0,35,,10843,40,,,0,75,,10820,40,,,0,70,,10829,40,,,0,30,,10819,40,,,0,70,,10840,40,,,0,30,,10838,40,,,0,70,,10839,40,,,0,30,,10832,40,,,0,70,,10833,40,,,0,40,,10822,40,,,0,75,,10842,40,,,0,35,,10828,40,,,0,75,,10836,40,,,0,75,,10823,40,,,0,35,,10818,40,,,0,75,,10824,40,,,0,40,,10825,40,,,0,80,,10841,40,,,0,80,,10834,40,,,0,30,,10835,40,,,0,70,,10830,40,,,0,30,,10817,40,,,0,70,,10827,40,,,0,30,,10837,40,,,0,70,,10831,47,,,0
1600,'8ab1f009-ab59-4a8c-9771-20e344a37dba',1136,,10856,40,,,0,75,,10846,40,,,0,35,,10845,40,,,0,75,,10855,40,,,0,35,,10844,40,,,0,75,,10853,40,,,0,75,,10851,40,,,0,35,,10852,40,,,0,75,,10849,40,,,0,35,,10854,40,,,0,75,,10848,40,,,0,75,,10847,40,,,0,35,,10850,47,,,0
1600,'8e972226-8e68-4b6a-9fd3-2e7f449277f5',651,,10880,40,,,0,70,,10877,40,,,0,35,,10859,40,,,0,75,,10860,40,,,0,70,,10868,40,,,0,30,,10861,40,,,0,70,,10874,40,,,0,30,,10879,40,,,0,70,,10870,40,,,0,30,,10857,40,,,0,70,,10863,40,,,0,40,,10866,40,,,0,75,,10883,40,,,0,35,,10867,40,,,0,75,,10873,40,,,0,75,,10858,40,,,0,35,,10878,40,,,0,75,,10882,40,,,0,40,,10875,40,,,0,80,,10872,40,,,0,80,,10871,40,,,0,30,,10862,40,,,0,70,,10881,40,,,0,30,,10864,40,,,0,70,,10876,40,,,0,30,,10865,40,,,0,70,,10869,47,,,0
1600,'9493548d-afad-4b26-be65-c3aa23941f37',651,,10904,40,,,0,70,,10903,40,,,0,35,,10896,40,,,0,75,,10894,40,,,0,70,,10899,40,,,0,30,,10884,40,,,0,70,,10889,40,,,0,30,,10895,40,,,0,70,,10908,40,,,0,30,,10905,40,,,0,70,,10906,40,,,0,40,,10891,40,,,0,75,,10907,40,,,0,35,,10892,40,,,0,75,,10910,40,,,0,75,,10900,40,,,0,35,,10902,40,,,0,75,,10898,40,,,0,40,,10893,40,,,0,80,,10888,40,,,0,80,,10890,40,,,0,30,,10885,40,,,0,70,,10886,40,,,0,30,,10897,40,,,0,70,,10901,40,,,0,30,,10887,40,,,0,70,,10909,47,,,0
1600,'9577949b-c1b9-4893-a4cc-d601db41a1fc',651,,10929,40,,,0,70,,10913,40,,,0,35,,10925,40,,,0,75,,10937,40,,,0,70,,10922,40,,,0,30,,10930,40,,,0,70,,10933,40,,,0,30,,10912,40,,,0,70,,10931,40,,,0,30,,10914,40,,,0,70,,10932,40,,,0,40,,10921,40,,,0,75,,10927,40,,,0,35,,10915,40,,,0,75,,10916,40,,,0,75,,10917,40,,,0,35,,10935,40,,,0,75,,10936,40,,,0,40,,10926,40,,,0,80,,10934,40,,,0,80,,10923,40,,,0,30,,10918,40,,,0,70,,10924,40,,,0,30,,10911,40,,,0,70,,10928,40,,,0,30,,10919,40,,,0,70,,10920,47,,,0
1600,'991a1488-6339-4798-a1ff-4cc199131854',651,,10959,40,,,0,70,,10957,40,,,0,35,,10941,40,,,0,75,,10951,40,,,0,70,,10945,40,,,0,30,,10948,40,,,0,70,,10952,40,,,0,30,,10943,40,,,0,70,,10950,40,,,0,30,,10955,40,,,0,70,,10944,40,,,0,40,,10963,40,,,0,75,,10960,40,,,0,35,,10954,40,,,0,75,,10947,40,,,0,75,,10939,40,,,0,35,,10946,40,,,0,75,,10949,40,,,0,40,,10956,40,,,0,80,,10953,40,,,0,80,,10962,40,,,0,30,,10942,40,,,0,70,,10961,40,,,0,30,,10964,40,,,0,70,,10958,40,,,0,30,,10938,40,,,0,70,,10940,47,,,0
1600,'bec99aa0-a127-4e27-ae17-e4c7db42f9ba',1026,,10969,40,,,0,75,,10977,40,,,0,35,,10972,40,,,0,75,,10967,40,,,0,35,,10966,40,,,0,75,,10975,40,,,0,35,,10973,40,,,0,75,,10971,40,,,0,75,,10974,40,,,0,35,,10968,40,,,0,75,,10965,40,,,0,35,,10970,40,,,0,75,,10976,47,,,0
6600,'294e58fc-bc13-4a33-bb1d-a337996c2e9c',626,,13494,42,,,0,110,,13489,42,,,0,170,,13496,42,,,0,110,,13493,42,,,0,110,,13491,42,,,0,110,,13490,40,0,8,0,115,,13488,42,,,0,150,,13498,42,,,0,110,,13499,42,,,0,110,,13497,42,,,0,110,,13495,40,0,8,0,115,,13492,42,,,0
6600,'8ab1f009-ab59-4a8c-9771-20e344a37dba',635,,13500,42,,,0,100,,13503,42,,,0,800,,13504,42,,,0,100,,13501,42,,,0,100,,13502,42,,,0
6600,'8e972226-8e68-4b6a-9fd3-2e7f449277f5',626,,13506,42,,,0,110,,13507,42,,,0,170,,13505,42,,,0,110,,13510,42,,,0,110,,13508,42,,,0,110,,13514,40,0,8,0,115,,13512,42,,,0,150,,13513,42,,,0,110,,13511,42,,,0,110,,13515,42,,,0,110,,13516,40,0,8,0,115,,13509,42,,,0
6600,'9493548d-afad-4b26-be65-c3aa23941f37',626,,13525,42,,,0,110,,13519,42,,,0,170,,13527,42,,,0,110,,13518,42,,,0,110,,13524,42,,,0,110,,13517,40,0,8,0,115,,13523,42,,,0,150,,13521,42,,,0,110,,13528,42,,,0,110,,13522,42,,,0,110,,13526,40,0,8,0,115,,13520,42,,,0
6600,'9577949b-c1b9-4893-a4cc-d601db41a1fc',626,,13529,42,,,0,110,,13539,42,,,0,170,,13536,42,,,0,110,,13537,42,,,0,110,,13538,42,,,0,110,,13533,40,0,8,0,115,,13531,42,,,0,150,,13534,42,,,0,110,,13540,42,,,0,110,,13530,42,,,0,110,,13535,40,0,8,0,115,,13532,42,,,0
6600,'991a1488-6339-4798-a1ff-4cc199131854',626,,13541,42,,,0,110,,13551,42,,,0,170,,13543,42,,,0,110,,13550,42,,,0,110,,13549,42,,,0,110,,13548,40,0,8,0,115,,13542,42,,,0,150,,13547,42,,,0,110,,13546,42,,,0,110,,13545,42,,,0,110,,13544,40,0,8,0,115,,13552,42,,,0
6600,'bec99aa0-a127-4e27-ae17-e4c7db42f9ba',1035,,13554,42,,,0,200,,13556,42,,,0,200,,13553,42,,,0,200,,13555,42,,,0
