8100,'294e58fc-bc13-4a33-bb1d-a337996c2e9c',2140,,13736,67,,,0
8100,'8ab1f009-ab59-4a8c-9771-20e344a37dba',2140,,13748,67,,,0
8100,'8e972226-8e68-4b6a-9fd3-2e7f449277f5',2140,,13751,67,,,0
8100,'9493548d-afad-4b26-be65-c3aa23941f37',2140,,13752,67,,,0
8100,'9577949b-c1b9-4893-a4cc-d601db41a1fc',2140,,13753,67,,,0
8100,'991a1488-6339-4798-a1ff-4cc199131854',2140,,13754,67,,,0
8100,'bec99aa0-a127-4e27-ae17-e4c7db42f9ba',1821,,13757,287,,,0
8100,'c38342c9-8898-48ff-bb56-4ee52481c507',1025,,13763,67,,,0,100,,13762,67,,,0,100,,13769,67,,,0,100,,13764,67,,,0,100,,13770,67,,,0,100,,13767,67,,,0,100,,13766,67,,,0,100,,13765,67,,,0,100,,13768,67,,,0
8200,'8ab1f009-ab59-4a8c-9771-20e344a37dba',955,,13771,221,,,0,400,,13772,221,,,0
8200,'bec99aa0-a127-4e27-ae17-e4c7db42f9ba',1255,,13773,221,,,0
8500,'294e58fc-bc13-4a33-bb1d-a337996c2e9c',627,,13783,4,,,0,100,,13774,111,,,0,100,,13789,111,,,0,100,,13787,111,,,0,100,,13775,111,,,0,100,,13776,111,,,0,100,,13778,111,,,0,100,,13780,111,,,0,100,,13788,111,,,0,100,,13782,111,,,0,100,,13785,111,,,0,100,,13784,111,,,0,100,,13779,111,,,0,100,,13777,111,,,0,100,,13781,111,,,0,100,,13786,111,,,0
8500,'8e972226-8e68-4b6a-9fd3-2e7f449277f5',627,,13802,4,,,0,100,,13796,111,,,0,100,,13801,111,,,0,100,,13804,111,,,0,100,,13792,111,,,0,100,,13791,111,,,0,100,,13794,111,,,0,100,,13800,111,,,0,100,,13798,111,,,0,100,,13790,111,,,0,100,,13793,111,,,0,100,,13805,111,,,0,100,,13795,111,,,0,100,,13797,111,,,0,100,,13803,111,,,0,100,,13799,111,,,0
8500,'9493548d-afad-4b26-be65-c3aa23941f37',627,,13818,4,,,0,100,,13812,111,,,0,100,,13809,111,,,0,100,,13816,111,,,0,100,,13807,111,,,0,100,,13810,111,,,0,100,,13815,111,,,0,100,,13811,111,,,0,100,,13814,111,,,0,100,,13813,111,,,0,100,,13821,111,,,0,100,,13806,111,,,0,100,,13817,111,,,0,100,,13820,111,,,0,100,,13808,111,,,0,100,,13819,111,,,0
8500,'9577949b-c1b9-4893-a4cc-d601db41a1fc',627,,13835,4,,,0,100,,13826,111,,,0,100,,13836,111,,,0,100,,13830,111,,,0,100,,13832,111,,,0,100,,13833,111,,,0,100,,13834,111,,,0,100,,13837,111,,,0,100,,13824,111,,,0,100,,13827,111,,,0,100,,13825,111,,,0,100,,13823,111,,,0,100,,13831,111,,,0,100,,13828,111,,,0,100,,13822,111,,,0,100,,13829,111,,,0
8500,'991a1488-6339-4798-a1ff-4cc199131854',627,,13852,4,,,0,100,,13839,111,,,0,100,,13838,111,,,0,100,,13843,111,,,0,100,,13844,111,,,0,100,,13849,111,,,0,100,,13846,111,,,0,100,,13845,111,,,0,100,,13847,111,,,0,100,,13848,111,,,0,100,,13841,111,,,0,100,,13853,111,,,0,100,,13851,111,,,0,100,,13840,111,,,0,100,,13842,111,,,0,100,,13850,111,,,0
