8100,'3b7f0ccc-4b86-44f9-804c-3016d4439aa6',2154,,10018,172,,,0
8100,'545fdaed-298a-4873-ae9e-185363247123',1104,,10024,204,,,0,100,,10022,204,,,0,200,,10023,204,,,0,100,,10020,204,,,0,100,,10021,204,,,0,100,,10025,204,,,0,100,,10019,187,,,0
8100,'72a07536-7ac5-462d-91fd-4adacd8d70a1',2154,,10026,172,,,0
8100,'b5be936f-506a-42fd-8fe9-aa394bb7d40c',2154,,10027,172,,,0
8100,'c0258e04-8c49-4a98-8bc9-d3680145007e',2154,,10028,172,,,0
8100,'db4ab86b-f5f5-4d9a-8c75-2988ac0b1af4',704,,10038,204,,,0,100,,10041,204,,,0,100,,10031,204,,,0,200,,10033,204,,,0,100,,10029,204,,,0,100,,10034,204,,,0,200,,10037,204,,,0,100,,10032,204,,,0,100,,10039,204,,,0,100,,10035,204,,,0,100,,10042,204,,,0,100,,10040,204,,,0,100,,10036,204,,,0,50,,10030,172,,,0
8100,'fbc81037-9cf3-4a4d-b4aa-43897a8ca294',2154,,10043,172,,,0
8500,'3b7f0ccc-4b86-44f9-804c-3016d4439aa6',657,,10047,115,,,0,100,,10049,222,,,0,100,,10048,222,,,0,100,,10056,222,,,0,100,,10053,222,,,0,100,,10055,222,,,0,100,,10062,222,,,0,100,,10054,222,,,0,100,,10051,222,,,0,100,,10050,222,,,0,100,,10052,222,,,0,100,,10059,222,,,0,100,,10060,222,,,0,100,,10061,222,,,0,100,,10058,222,,,0,100,,10057,222,,,0
8500,'72a07536-7ac5-462d-91fd-4adacd8d70a1',657,,10076,115,,,0,100,,10073,222,,,0,100,,10063,222,,,0,100,,10066,222,,,0,100,,10072,222,,,0,100,,10077,222,,,0,100,,10071,222,,,0,100,,10070,222,,,0,100,,10064,222,,,0,100,,10068,222,,,0,100,,10069,222,,,0,100,,10078,222,,,0,100,,10075,222,,,0,100,,10074,222,,,0,100,,10067,222,,,0,100,,10065,222,,,0
8500,'b5be936f-506a-42fd-8fe9-aa394bb7d40c',657,,10090,115,,,0,100,,10080,222,,,0,100,,10094,222,,,0,100,,10093,222,,,0,100,,10091,222,,,0,100,,10079,222,,,0,100,,10085,222,,,0,100,,10083,222,,,0,100,,10089,222,,,0,100,,10088,222,,,0,100,,10082,222,,,0,100,,10081,222,,,0,100,,10092,222,,,0,100,,10087,222,,,0,100,,10084,222,,,0,100,,10086,222,,,0
8500,'c0258e04-8c49-4a98-8bc9-d3680145007e',657,,10099,115,,,0,100,,10107,222,,,0,100,,10110,222,,,0,100,,10101,222,,,0,100,,10108,222,,,0,100,,10095,222,,,0,100,,10098,222,,,0,100,,10104,222,,,0,100,,10106,222,,,0,100,,10102,222,,,0,100,,10105,222,,,0,100,,10100,222,,,0,100,,10103,222,,,0,100,,10096,222,,,0,100,,10109,222,,,0,100,,10097,222,,,0
8500,'fbc81037-9cf3-4a4d-b4aa-43897a8ca294',657,,10113,115,,,0,100,,10119,222,,,0,100,,10124,222,,,0,100,,10111,222,,,0,100,,10123,222,,,0,100,,10112,222,,,0,100,,10115,222,,,0,100,,10117,222,,,0,100,,10125,222,,,0,100,,10118,222,,,0,100,,10114,222,,,0,100,,10121,222,,,0,100,,10116,222,,,0,100,,10122,222,,,0,100,,10126,222,,,0,100,,10120,222,,,0
