8100,'294e58fc-bc13-4a33-bb1d-a337996c2e9c',2134,,13736,30,,,0
8100,'8ab1f009-ab59-4a8c-9771-20e344a37dba',2134,,13748,30,,,0
8100,'8e972226-8e68-4b6a-9fd3-2e7f449277f5',2134,,13751,30,,,0
8100,'9493548d-afad-4b26-be65-c3aa23941f37',2134,,13752,30,,,0
8100,'9577949b-c1b9-4893-a4cc-d601db41a1fc',2134,,13753,30,,,0
8100,'991a1488-6339-4798-a1ff-4cc199131854',2134,,13754,30,,,0
8100,'bec99aa0-a127-4e27-ae17-e4c7db42f9ba',1814,,13757,249,,,0
8100,'c38342c9-8898-48ff-bb56-4ee52481c507',1019,,13763,30,,,0,100,,13762,30,,,0,100,,13769,30,,,0,100,,13764,30,,,0,100,,13770,30,,,0,100,,13767,30,,,0,100,,13766,30,,,0,100,,13765,30,,,0,100,,13768,30,,,0
8200,'8ab1f009-ab59-4a8c-9771-20e344a37dba',948,,13771,131,,,0,400,,13772,131,,,0
8200,'bec99aa0-a127-4e27-ae17-e4c7db42f9ba',1248,,13773,131,,,0
8500,'294e58fc-bc13-4a33-bb1d-a337996c2e9c',715,,13774,51,,,0,100,,13789,51,,,0,100,,13787,51,,,0,100,,13775,51,,,0,100,,13776,51,,,0,100,,13778,51,,,0,100,,13780,51,,,0,100,,13788,51,,,0,100,,13782,51,,,0,100,,13785,51,,,0,100,,13784,51,,,0,100,,13779,51,,,0,100,,13777,51,,,0,100,,13781,51,,,0,100,,13786,51,,,0
8500,'8e972226-8e68-4b6a-9fd3-2e7f449277f5',715,,13796,51,,,0,100,,13801,51,,,0,100,,13804,51,,,0,100,,13792,51,,,0,100,,13791,51,,,0,100,,13794,51,,,0,100,,13800,51,,,0,100,,13798,51,,,0,100,,13790,51,,,0,100,,13793,51,,,0,100,,13805,51,,,0,100,,13795,51,,,0,100,,13797,51,,,0,100,,13803,51,,,0,100,,13799,51,,,0
8500,'9493548d-afad-4b26-be65-c3aa23941f37',715,,13812,51,,,0,100,,13809,51,,,0,100,,13816,51,,,0,100,,13807,51,,,0,100,,13810,51,,,0,100,,13815,51,,,0,100,,13811,51,,,0,100,,13814,51,,,0,100,,13813,51,,,0,100,,13821,51,,,0,100,,13806,51,,,0,100,,13817,51,,,0,100,,13820,51,,,0,100,,13808,51,,,0,100,,13819,51,,,0
8500,'9577949b-c1b9-4893-a4cc-d601db41a1fc',715,,13826,51,,,0,100,,13836,51,,,0,100,,13830,51,,,0,100,,13832,51,,,0,100,,13833,51,,,0,100,,13834,51,,,0,100,,13837,51,,,0,100,,13824,51,,,0,100,,13827,51,,,0,100,,13825,51,,,0,100,,13823,51,,,0,100,,13831,51,,,0,100,,13828,51,,,0,100,,13822,51,,,0,100,,13829,51,,,0
8500,'991a1488-6339-4798-a1ff-4cc199131854',715,,13839,51,,,0,100,,13838,51,,,0,100,,13843,51,,,0,100,,13844,51,,,0,100,,13849,51,,,0,100,,13846,51,,,0,100,,13845,51,,,0,100,,13847,51,,,0,100,,13848,51,,,0,100,,13841,51,,,0,100,,13853,51,,,0,100,,13851,51,,,0,100,,13840,51,,,0,100,,13842,51,,,0,100,,13850,51,,,0
