8100,'294e58fc-bc13-4a33-bb1d-a337996c2e9c',2217,,13736,210,,,0
8100,'8ab1f009-ab59-4a8c-9771-20e344a37dba',717,,13746,248,,,0,100,,13737,248,,,0,100,,13743,248,,,0,200,,13744,248,,,0,100,,13745,248,,,0,100,,13738,248,,,0,200,,13739,248,,,0,100,,13750,248,,,0,100,,13742,248,,,0,100,,13741,248,,,0,100,,13747,248,,,0,100,,13749,248,,,0,100,,13740,248,,,0,100,,13748,210,,,0
8100,'8e972226-8e68-4b6a-9fd3-2e7f449277f5',2217,,13751,210,,,0
8100,'9493548d-afad-4b26-be65-c3aa23941f37',2217,,13752,210,,,0
8100,'9577949b-c1b9-4893-a4cc-d601db41a1fc',2217,,13753,210,,,0
8100,'991a1488-6339-4798-a1ff-4cc199131854',2217,,13754,210,,,0
8100,'bec99aa0-a127-4e27-ae17-e4c7db42f9ba',1117,,13755,248,,,0,100,,13756,248,,,0,200,,13760,248,,,0,100,,13759,248,,,0,100,,13758,248,,,0,100,,13761,248,,,0,94,,13757,228,,,0
8100,'c38342c9-8898-48ff-bb56-4ee52481c507',1102,,13763,210,,,0,100,,13762,210,,,0,100,,13769,210,,,0,100,,13764,210,,,0,100,,13770,210,,,0,100,,13767,210,,,0,100,,13766,210,,,0,100,,13765,210,,,0,100,,13768,210,,,0
8200,'8ab1f009-ab59-4a8c-9771-20e344a37dba',1017,,13771,316,,,0,400,,13772,316,,,0
8200,'bec99aa0-a127-4e27-ae17-e4c7db42f9ba',1317,,13773,316,,,0
