8100,'294e58fc-bc13-4a33-bb1d-a337996c2e9c',2138,,13736,55,,,0
8100,'8ab1f009-ab59-4a8c-9771-20e344a37dba',2138,,13748,55,,,0
8100,'8e972226-8e68-4b6a-9fd3-2e7f449277f5',2138,,13751,55,,,0
8100,'9493548d-afad-4b26-be65-c3aa23941f37',2138,,13752,55,,,0
8100,'9577949b-c1b9-4893-a4cc-d601db41a1fc',2138,,13753,55,,,0
8100,'991a1488-6339-4798-a1ff-4cc199131854',2138,,13754,55,,,0
8100,'bec99aa0-a127-4e27-ae17-e4c7db42f9ba',1818,,13757,277,,,0
8100,'c38342c9-8898-48ff-bb56-4ee52481c507',1023,,13763,55,,,0,100,,13762,55,,,0,100,,13769,55,,,0,100,,13764,55,,,0,100,,13770,55,,,0,100,,13767,55,,,0,100,,13766,55,,,0,100,,13765,55,,,0,100,,13768,55,,,0
8200,'8ab1f009-ab59-4a8c-9771-20e344a37dba',952,,13771,201,,,0,400,,13772,201,,,0
8200,'bec99aa0-a127-4e27-ae17-e4c7db42f9ba',1252,,13773,201,,,0
8500,'294e58fc-bc13-4a33-bb1d-a337996c2e9c',722,,13774,98,,,0,100,,13789,98,,,0,100,,13787,98,,,0,100,,13775,98,,,0,100,,13776,98,,,0,100,,13778,98,,,0,100,,13780,98,,,0,100,,13788,98,,,0,100,,13782,98,,,0,100,,13785,98,,,0,100,,13784,98,,,0,100,,13779,98,,,0,100,,13777,98,,,0,100,,13781,98,,,0,100,,13786,98,,,0
8500,'8e972226-8e68-4b6a-9fd3-2e7f449277f5',722,,13796,98,,,0,100,,13801,98,,,0,100,,13804,98,,,0,100,,13792,98,,,0,100,,13791,98,,,0,100,,13794,98,,,0,100,,13800,98,,,0,100,,13798,98,,,0,100,,13790,98,,,0,100,,13793,98,,,0,100,,13805,98,,,0,100,,13795,98,,,0,100,,13797,98,,,0,100,,13803,98,,,0,100,,13799,98,,,0
8500,'9493548d-afad-4b26-be65-c3aa23941f37',722,,13812,98,,,0,100,,13809,98,,,0,100,,13816,98,,,0,100,,13807,98,,,0,100,,13810,98,,,0,100,,13815,98,,,0,100,,13811,98,,,0,100,,13814,98,,,0,100,,13813,98,,,0,100,,13821,98,,,0,100,,13806,98,,,0,100,,13817,98,,,0,100,,13820,98,,,0,100,,13808,98,,,0,100,,13819,98,,,0
8500,'9577949b-c1b9-4893-a4cc-d601db41a1fc',722,,13826,98,,,0,100,,13836,98,,,0,100,,13830,98,,,0,100,,13832,98,,,0,100,,13833,98,,,0,100,,13834,98,,,0,100,,13837,98,,,0,100,,13824,98,,,0,100,,13827,98,,,0,100,,13825,98,,,0,100,,13823,98,,,0,100,,13831,98,,,0,100,,13828,98,,,0,100,,13822,98,,,0,100,,13829,98,,,0
8500,'991a1488-6339-4798-a1ff-4cc199131854',722,,13839,98,,,0,100,,13838,98,,,0,100,,13843,98,,,0,100,,13844,98,,,0,100,,13849,98,,,0,100,,13846,98,,,0,100,,13845,98,,,0,100,,13847,98,,,0,100,,13848,98,,,0,100,,13841,98,,,0,100,,13853,98,,,0,100,,13851,98,,,0,100,,13840,98,,,0,100,,13842,98,,,0,100,,13850,98,,,0
