8100,'3b7f0ccc-4b86-44f9-804c-3016d4439aa6',2140,,10018,66,,,0
8100,'545fdaed-298a-4873-ae9e-185363247123',1820,,10019,286,,,0
8100,'72a07536-7ac5-462d-91fd-4adacd8d70a1',2140,,10026,66,,,0
8100,'b5be936f-506a-42fd-8fe9-aa394bb7d40c',2140,,10027,66,,,0
8100,'c0258e04-8c49-4a98-8bc9-d3680145007e',2140,,10028,66,,,0
8100,'db4ab86b-f5f5-4d9a-8c75-2988ac0b1af4',2140,,10030,66,,,0
8100,'fbc81037-9cf3-4a4d-b4aa-43897a8ca294',2140,,10043,66,,,0
8200,'545fdaed-298a-4873-ae9e-185363247123',1254,,10044,220,,,0
8200,'db4ab86b-f5f5-4d9a-8c75-2988ac0b1af4',954,,10046,220,,,0,400,,10045,220,,,0
8500,'3b7f0ccc-4b86-44f9-804c-3016d4439aa6',625,,10047,2,,,0,101,,10049,109,,,0,100,,10048,109,,,0,100,,10056,109,,,0,100,,10053,109,,,0,100,,10055,109,,,0,100,,10062,109,,,0,100,,10054,109,,,0,100,,10051,109,,,0,100,,10050,109,,,0,100,,10052,109,,,0,100,,10059,109,,,0,100,,10060,109,,,0,100,,10061,109,,,0,100,,10058,109,,,0,100,,10057,109,,,0
8500,'72a07536-7ac5-462d-91fd-4adacd8d70a1',625,,10076,2,,,0,101,,10073,109,,,0,100,,10063,109,,,0,100,,10066,109,,,0,100,,10072,109,,,0,100,,10077,109,,,0,100,,10071,109,,,0,100,,10070,109,,,0,100,,10064,109,,,0,100,,10068,109,,,0,100,,10069,109,,,0,100,,10078,109,,,0,100,,10075,109,,,0,100,,10074,109,,,0,100,,10067,109,,,0,100,,10065,109,,,0
8500,'b5be936f-506a-42fd-8fe9-aa394bb7d40c',625,,10090,2,,,0,101,,10080,109,,,0,100,,10094,109,,,0,100,,10093,109,,,0,100,,10091,109,,,0,100,,10079,109,,,0,100,,10085,109,,,0,100,,10083,109,,,0,100,,10089,109,,,0,100,,10088,109,,,0,100,,10082,109,,,0,100,,10081,109,,,0,100,,10092,109,,,0,100,,10087,109,,,0,100,,10084,109,,,0,100,,10086,109,,,0
8500,'c0258e04-8c49-4a98-8bc9-d3680145007e',625,,10099,2,,,0,101,,10107,109,,,0,100,,10110,109,,,0,100,,10101,109,,,0,100,,10108,109,,,0,100,,10095,109,,,0,100,,10098,109,,,0,100,,10104,109,,,0,100,,10106,109,,,0,100,,10102,109,,,0,100,,10105,109,,,0,100,,10100,109,,,0,100,,10103,109,,,0,100,,10096,109,,,0,100,,10109,109,,,0,100,,10097,109,,,0
8500,'fbc81037-9cf3-4a4d-b4aa-43897a8ca294',625,,10113,2,,,0,101,,10119,109,,,0,100,,10124,109,,,0,100,,10111,109,,,0,100,,10123,109,,,0,100,,10112,109,,,0,100,,10115,109,,,0,100,,10117,109,,,0,100,,10125,109,,,0,100,,10118,109,,,0,100,,10114,109,,,0,100,,10121,109,,,0,100,,10116,109,,,0,100,,10122,109,,,0,100,,10126,109,,,0,100,,10120,109,,,0
