8100,'294e58fc-bc13-4a33-bb1d-a337996c2e9c',2216,,13736,207,,,0
8100,'8ab1f009-ab59-4a8c-9771-20e344a37dba',643,,13746,68,,,0,73,,13746,245,,,0,27,,13737,68,,,0,73,,13737,245,,,0,27,,13743,68,,,0,73,,13743,245,,,0,127,,13744,68,,,0,73,,13744,245,,,0,27,,13745,68,,,0,73,,13745,245,,,0,27,,13738,68,,,0,73,,13738,245,,,0,127,,13739,68,,,0,73,,13739,245,,,0,27,,13750,68,,,0,73,,13750,245,,,0,27,,13742,68,,,0,73,,13742,245,,,0,27,,13741,68,,,0,73,,13741,245,,,0,27,,13747,68,,,0,73,,13747,245,,,0,27,,13749,68,,,0,73,,13749,245,,,0,27,,13740,68,,,0,73,,13740,245,,,0,100,,13748,207,,,0
8100,'8e972226-8e68-4b6a-9fd3-2e7f449277f5',2216,,13751,207,,,0
8100,'9493548d-afad-4b26-be65-c3aa23941f37',2216,,13752,207,,,0
8100,'9577949b-c1b9-4893-a4cc-d601db41a1fc',2216,,13753,207,,,0
8100,'991a1488-6339-4798-a1ff-4cc199131854',2216,,13754,207,,,0
8100,'bec99aa0-a127-4e27-ae17-e4c7db42f9ba',1043,,13755,68,,,0,73,,13755,245,,,0,27,,13756,68,,,0,73,,13756,245,,,0,127,,13760,68,,,0,73,,13760,245,,,0,27,,13759,68,,,0,73,,13759,245,,,0,27,,13758,68,,,0,73,,13758,245,,,0,27,,13761,68,,,0,73,,13761,245,,,0,27,,13757,67,,,0,67,,13757,225,,,0
8100,'c38342c9-8898-48ff-bb56-4ee52481c507',1101,,13763,207,,,0,100,,13762,207,,,0,100,,13769,207,,,0,100,,13764,207,,,0,100,,13770,207,,,0,100,,13767,207,,,0,100,,13766,207,,,0,100,,13765,207,,,0,100,,13768,207,,,0
8200,'8ab1f009-ab59-4a8c-9771-20e344a37dba',943,,13771,75,,,0,73,,13771,308,,,0,327,,13772,75,,,0,73,,13772,308,,,0
8200,'bec99aa0-a127-4e27-ae17-e4c7db42f9ba',1243,,13773,75,,,0,73,,13773,308,,,0
8500,'294e58fc-bc13-4a33-bb1d-a337996c2e9c',708,,13774,4,,,0,100,,13789,4,,,0,100,,13787,4,,,0,100,,13775,4,,,0,100,,13776,4,,,0,100,,13778,4,,,0,100,,13780,4,,,0,100,,13788,4,,,0,100,,13782,4,,,0,100,,13785,4,,,0,100,,13784,4,,,0,100,,13779,4,,,0,100,,13777,4,,,0,100,,13781,4,,,0,100,,13786,4,,,0
8500,'8e972226-8e68-4b6a-9fd3-2e7f449277f5',708,,13796,4,,,0,100,,13801,4,,,0,100,,13804,4,,,0,100,,13792,4,,,0,100,,13791,4,,,0,100,,13794,4,,,0,100,,13800,4,,,0,100,,13798,4,,,0,100,,13790,4,,,0,100,,13793,4,,,0,100,,13805,4,,,0,100,,13795,4,,,0,100,,13797,4,,,0,100,,13803,4,,,0,100,,13799,4,,,0
8500,'9493548d-afad-4b26-be65-c3aa23941f37',708,,13812,4,,,0,100,,13809,4,,,0,100,,13816,4,,,0,100,,13807,4,,,0,100,,13810,4,,,0,100,,13815,4,,,0,100,,13811,4,,,0,100,,13814,4,,,0,100,,13813,4,,,0,100,,13821,4,,,0,100,,13806,4,,,0,100,,13817,4,,,0,100,,13820,4,,,0,100,,13808,4,,,0,100,,13819,4,,,0
8500,'9577949b-c1b9-4893-a4cc-d601db41a1fc',708,,13826,4,,,0,100,,13836,4,,,0,100,,13830,4,,,0,100,,13832,4,,,0,100,,13833,4,,,0,100,,13834,4,,,0,100,,13837,4,,,0,100,,13824,4,,,0,100,,13827,4,,,0,100,,13825,4,,,0,100,,13823,4,,,0,100,,13831,4,,,0,100,,13828,4,,,0,100,,13822,4,,,0,100,,13829,4,,,0
8500,'991a1488-6339-4798-a1ff-4cc199131854',708,,13839,4,,,0,100,,13838,4,,,0,100,,13843,4,,,0,100,,13844,4,,,0,100,,13849,4,,,0,100,,13846,4,,,0,100,,13845,4,,,0,100,,13847,4,,,0,100,,13848,4,,,0,100,,13841,4,,,0,100,,13853,4,,,0,100,,13851,4,,,0,100,,13840,4,,,0,100,,13842,4,,,0,100,,13850,4,,,0
