6400,'294e58fc-bc13-4a33-bb1d-a337996c2e9c',648,,13088,105,,,0,75,,13067,105,,,0,19,,13059,105,,,0,58,,13083,105,,,0,18,,13075,105,,,0,18,,13057,105,,,0,18,,13061,105,,,0,58,,13062,105,,,0,18,,13073,105,,,0,18,,13069,105,,,0,58,,13090,105,,,0,18,,13064,105,,,0,35,,13074,105,,,0,75,,13066,105,,,0,75,,13084,105,,,0,35,,13091,105,,,0,75,,13071,105,,,0,35,,13086,105,,,0,75,,13076,105,,,0,75,,13080,105,,,0,18,,13089,105,,,0,18,,13087,105,,,0,18,,13092,105,,,0,58,,13079,105,,,0,18,,13056,105,,,0,18,,13063,105,,,0,58,,13081,105,,,0,18,,13072,105,,,0,18,,13058,105,,,0,58,,13065,105,,,0,35,,13078,105,,,0,75,,13077,105,,,0,35,,13060,105,,,0,75,,13085,105,,,0,31,,13070,105,,,0,70,,13068,105,,,0,30,,13082,105,,,0,70,,13055,105,,,0
6400,'8ab1f009-ab59-4a8c-9771-20e344a37dba',648,,13093,105,,,0,75,,13113,105,,,0,79,,13117,105,,,0,40,,13098,105,,,0,80,,13095,105,,,0,36,,13111,105,,,0,75,,13115,105,,,0,75,,13096,105,,,0,35,,13099,105,,,0,75,,13101,105,,,0,35,,13109,105,,,0,75,,13097,105,,,0,75,,13104,105,,,0,35,,13106,105,,,0,75,,13114,105,,,0,35,,13110,105,,,0,79,,13108,105,,,0,80,,13116,105,,,0,40,,13107,105,,,0,80,,13112,105,,,0,76,,13105,105,,,0,35,,13118,105,,,0,75,,13094,105,,,0,35,,13100,105,,,0,75,,13102,105,,,0,35,,13103,105,,,0,72,,13119,105,,,0
6400,'8e972226-8e68-4b6a-9fd3-2e7f449277f5',648,,13132,105,,,0,75,,13135,105,,,0,19,,13154,105,,,0,58,,13137,105,,,0,18,,13140,105,,,0,18,,13157,105,,,0,18,,13155,105,,,0,58,,13121,105,,,0,18,,13122,105,,,0,18,,13153,105,,,0,58,,13139,105,,,0,18,,13144,105,,,0,35,,13149,105,,,0,75,,13136,105,,,0,75,,13126,105,,,0,35,,13123,105,,,0,75,,13138,105,,,0,35,,13151,105,,,0,75,,13125,105,,,0,75,,13150,105,,,0,18,,13145,105,,,0,18,,13143,105,,,0,18,,13148,105,,,0,58,,13147,105,,,0,18,,13146,105,,,0,18,,13128,105,,,0,58,,13127,105,,,0,18,,13142,105,,,0,18,,13134,105,,,0,58,,13152,105,,,0,35,,13120,105,,,0,75,,13124,105,,,0,35,,13133,105,,,0,75,,13141,105,,,0,31,,13129,105,,,0,70,,13131,105,,,0,30,,13156,105,,,0,70,,13130,105,,,0
6400,'9493548d-afad-4b26-be65-c3aa23941f37',648,,13163,105,,,0,75,,13183,105,,,0,19,,13167,105,,,0,58,,13194,105,,,0,18,,13166,105,,,0,18,,13182,105,,,0,18,,13164,105,,,0,58,,13169,105,,,0,18,,13192,105,,,0,18,,13174,105,,,0,58,,13176,105,,,0,18,,13158,105,,,0,35,,13177,105,,,0,75,,13195,105,,,0,75,,13178,105,,,0,35,,13180,105,,,0,75,,13165,105,,,0,35,,13186,105,,,0,75,,13160,105,,,0,75,,13179,105,,,0,18,,13189,105,,,0,18,,13170,105,,,0,18,,13175,105,,,0,58,,13172,105,,,0,18,,13162,105,,,0,18,,13181,105,,,0,58,,13193,105,,,0,18,,13185,105,,,0,18,,13159,105,,,0,58,,13187,105,,,0,35,,13190,105,,,0,75,,13161,105,,,0,35,,13188,105,,,0,75,,13173,105,,,0,31,,13168,105,,,0,70,,13171,105,,,0,30,,13184,105,,,0,70,,13191,105,,,0
6400,'9577949b-c1b9-4893-a4cc-d601db41a1fc',648,,13222,105,,,0,75,,13214,105,,,0,19,,13207,105,,,0,58,,13213,105,,,0,18,,13210,105,,,0,18,,13199,105,,,0,18,,13229,105,,,0,58,,13224,105,,,0,18,,13218,105,,,0,18,,13209,105,,,0,58,,13206,105,,,0,18,,13208,105,,,0,35,,13212,105,,,0,75,,13197,105,,,0,75,,13198,105,,,0,35,,13233,105,,,0,75,,13226,105,,,0,35,,13216,105,,,0,75,,13232,105,,,0,75,,13227,105,,,0,18,,13205,105,,,0,18,,13211,105,,,0,18,,13223,105,,,0,58,,13220,105,,,0,18,,13217,105,,,0,18,,13204,105,,,0,58,,13231,105,,,0,18,,13221,105,,,0,18,,13201,105,,,0,58,,13203,105,,,0,35,,13219,105,,,0,75,,13230,105,,,0,35,,13202,105,,,0,75,,13228,105,,,0,31,,13215,105,,,0,70,,13200,105,,,0,30,,13196,105,,,0,70,,13225,105,,,0
6400,'991a1488-6339-4798-a1ff-4cc199131854',648,,13251,105,,,0,75,,13262,105,,,0,19,,13263,105,,,0,58,,13259,105,,,0,18,,13266,105,,,0,18,,13241,105,,,0,18,,13246,105,,,0,58,,13234,105,,,0,18,,13245,105,,,0,18,,13267,105,,,0,58,,13253,105,,,0,18,,13255,105,,,0,35,,13254,105,,,0,75,,13264,105,,,0,75,,13258,105,,,0,35,,13257,105,,,0,75,,13271,105,,,0,35,,13268,105,,,0,75,,13237,105,,,0,75,,13261,105,,,0,18,,13242,105,,,0,18,,13256,105,,,0,18,,13236,105,,,0,58,,13239,105,,,0,18,,13248,105,,,0,18,,13240,105,,,0,58,,13235,105,,,0,18,,13249,105,,,0,18,,13269,105,,,0,58,,13270,105,,,0,35,,13250,105,,,0,75,,13265,105,,,0,35,,13260,105,,,0,75,,13238,105,,,0,31,,13252,105,,,0,70,,13243,105,,,0,30,,13247,105,,,0,70,,13244,105,,,0
6400,'bec99aa0-a127-4e27-ae17-e4c7db42f9ba',958,,13286,105,,,0,75,,13274,105,,,0,75,,13272,105,,,0,35,,13278,105,,,0,75,,13277,105,,,0,35,,13287,105,,,0,75,,13279,105,,,0,75,,13285,105,,,0,35,,13276,105,,,0,75,,13281,105,,,0,35,,13284,105,,,0,75,,13282,105,,,0,35,,13273,105,,,0,75,,13280,105,,,0,75,,13275,105,,,0
6400,'c38342c9-8898-48ff-bb56-4ee52481c507',1028,,13293,105,,,0,75,,13289,105,,,0,35,,13299,105,,,0,75,,13302,105,,,0,35,,13290,105,,,0,75,,13301,105,,,0,35,,13294,105,,,0,75,,13300,105,,,0,75,,13297,105,,,0,35,,13303,105,,,0,75,,13288,105,,,0,35,,13291,105,,,0,75,,13295,105,,,0,75,,13298,105,,,0,35,,13292,105,,,0,75,,13296,105,,,0
6600,'294e58fc-bc13-4a33-bb1d-a337996c2e9c',722,,13494,242,,,0,110,,13489,242,,,0,170,,13496,242,,,0,110,,13493,242,,,0,110,,13491,242,,,0,115,,13490,300,0,8,0,110,,13488,242,,,0,110,,13498,242,,,0,150,,13499,242,,,0,110,,13497,242,,,0,115,,13495,300,0,8,0,102,,13492,242,,,0
6600,'8ab1f009-ab59-4a8c-9771-20e344a37dba',722,,13500,242,,,0,100,,13503,242,,,0,800,,13504,242,,,0,100,,13501,242,,,0,100,,13502,242,,,0
6600,'8e972226-8e68-4b6a-9fd3-2e7f449277f5',722,,13506,242,,,0,110,,13507,242,,,0,170,,13505,242,,,0,110,,13510,242,,,0,110,,13508,242,,,0,115,,13514,300,0,8,0,110,,13512,242,,,0,110,,13513,242,,,0,150,,13511,242,,,0,110,,13515,242,,,0,115,,13516,300,0,8,0,102,,13509,242,,,0
6600,'9493548d-afad-4b26-be65-c3aa23941f37',722,,13525,242,,,0,110,,13519,242,,,0,170,,13527,242,,,0,110,,13518,242,,,0,110,,13524,242,,,0,115,,13517,300,0,8,0,110,,13523,242,,,0,110,,13521,242,,,0,150,,13528,242,,,0,110,,13522,242,,,0,115,,13526,300,0,8,0,102,,13520,242,,,0
6600,'9577949b-c1b9-4893-a4cc-d601db41a1fc',722,,13529,242,,,0,110,,13539,242,,,0,170,,13536,242,,,0,110,,13537,242,,,0,110,,13538,242,,,0,115,,13533,300,0,8,0,110,,13531,242,,,0,110,,13534,242,,,0,150,,13540,242,,,0,110,,13530,242,,,0,115,,13535,300,0,8,0,102,,13532,242,,,0
6600,'991a1488-6339-4798-a1ff-4cc199131854',722,,13541,242,,,0,110,,13551,242,,,0,170,,13543,242,,,0,110,,13550,242,,,0,110,,13549,242,,,0,115,,13548,300,0,8,0,110,,13542,242,,,0,110,,13547,242,,,0,150,,13546,242,,,0,110,,13545,242,,,0,115,,13544,300,0,8,0,102,,13552,242,,,0
6600,'bec99aa0-a127-4e27-ae17-e4c7db42f9ba',1122,,13554,242,,,0,200,,13556,242,,,0,200,,13553,242,,,0,200,,13555,242,,,0
