1600,'294e58fc-bc13-4a33-bb1d-a337996c2e9c',648,,10826,19,,,0,70,,10821,19,,,0,35,,10843,19,,,0,75,,10820,19,,,0,30,,10829,19,,,0,70,,10819,19,,,0,30,,10840,19,,,0,70,,10838,19,,,0,30,,10839,19,,,0,70,,10832,19,,,0,30,,10833,19,,,0,80,,10822,19,,,0,75,,10842,19,,,0,35,,10828,19,,,0,75,,10836,19,,,0,35,,10823,19,,,0,75,,10818,19,,,0,75,,10824,19,,,0,40,,10825,19,,,0,80,,10841,19,,,0,80,,10834,19,,,0,30,,10835,19,,,0,70,,10830,19,,,0,30,,10817,19,,,0,70,,10827,19,,,0,30,,10837,19,,,0,70,,10831,26,,,0
1600,'8ab1f009-ab59-4a8c-9771-20e344a37dba',1133,,10856,19,,,0,75,,10846,19,,,0,35,,10845,19,,,0,75,,10855,19,,,0,35,,10844,19,,,0,75,,10853,19,,,0,75,,10851,19,,,0,35,,10852,19,,,0,75,,10849,19,,,0,35,,10854,19,,,0,75,,10848,19,,,0,35,,10847,19,,,0,75,,10850,26,,,0
1600,'8e972226-8e68-4b6a-9fd3-2e7f449277f5',648,,10880,19,,,0,70,,10877,19,,,0,35,,10859,19,,,0,75,,10860,19,,,0,30,,10868,19,,,0,70,,10861,19,,,0,30,,10874,19,,,0,70,,10879,19,,,0,30,,10870,19,,,0,70,,10857,19,,,0,30,,10863,19,,,0,80,,10866,19,,,0,75,,10883,19,,,0,35,,10867,19,,,0,75,,10873,19,,,0,35,,10858,19,,,0,75,,10878,19,,,0,75,,10882,19,,,0,40,,10875,19,,,0,80,,10872,19,,,0,80,,10871,19,,,0,30,,10862,19,,,0,70,,10881,19,,,0,30,,10864,19,,,0,70,,10876,19,,,0,30,,10865,19,,,0,70,,10869,26,,,0
1600,'9493548d-afad-4b26-be65-c3aa23941f37',648,,10904,19,,,0,70,,10903,19,,,0,35,,10896,19,,,0,75,,10894,19,,,0,30,,10899,19,,,0,70,,10884,19,,,0,30,,10889,19,,,0,70,,10895,19,,,0,30,,10908,19,,,0,70,,10905,19,,,0,30,,10906,19,,,0,80,,10891,19,,,0,75,,10907,19,,,0,35,,10892,19,,,0,75,,10910,19,,,0,35,,10900,19,,,0,75,,10902,19,,,0,75,,10898,19,,,0,40,,10893,19,,,0,80,,10888,19,,,0,80,,10890,19,,,0,30,,10885,19,,,0,70,,10886,19,,,0,30,,10897,19,,,0,70,,10901,19,,,0,30,,10887,19,,,0,70,,10909,26,,,0
1600,'9577949b-c1b9-4893-a4cc-d601db41a1fc',648,,10929,19,,,0,70,,10913,19,,,0,35,,10925,19,,,0,75,,10937,19,,,0,30,,10922,19,,,0,70,,10930,19,,,0,30,,10933,19,,,0,70,,10912,19,,,0,30,,10931,19,,,0,70,,10914,19,,,0,30,,10932,19,,,0,80,,10921,19,,,0,75,,10927,19,,,0,35,,10915,19,,,0,75,,10916,19,,,0,35,,10917,19,,,0,75,,10935,19,,,0,75,,10936,19,,,0,40,,10926,19,,,0,80,,10934,19,,,0,80,,10923,19,,,0,30,,10918,19,,,0,70,,10924,19,,,0,30,,10911,19,,,0,70,,10928,19,,,0,30,,10919,19,,,0,70,,10920,26,,,0
1600,'991a1488-6339-4798-a1ff-4cc199131854',648,,10959,19,,,0,70,,10957,19,,,0,35,,10941,19,,,0,75,,10951,19,,,0,30,,10945,19,,,0,70,,10948,19,,,0,30,,10952,19,,,0,70,,10943,19,,,0,30,,10950,19,,,0,70,,10955,19,,,0,30,,10944,19,,,0,80,,10963,19,,,0,75,,10960,19,,,0,35,,10954,19,,,0,75,,10947,19,,,0,35,,10939,19,,,0,75,,10946,19,,,0,75,,10949,19,,,0,40,,10956,19,,,0,80,,10953,19,,,0,80,,10962,19,,,0,30,,10942,19,,,0,70,,10961,19,,,0,30,,10964,19,,,0,70,,10958,19,,,0,30,,10938,19,,,0,70,,10940,26,,,0
1600,'bec99aa0-a127-4e27-ae17-e4c7db42f9ba',1023,,10969,19,,,0,35,,10977,19,,,0,75,,10972,19,,,0,75,,10967,19,,,0,35,,10966,19,,,0,75,,10975,19,,,0,35,,10973,19,,,0,75,,10971,19,,,0,75,,10974,19,,,0,35,,10968,19,,,0,75,,10965,19,,,0,35,,10970,19,,,0,75,,10976,26,,,0
5000,'294e58fc-bc13-4a33-bb1d-a337996c2e9c',641,,11010,27,,,0,64,,10981,27,,,0,26,,11003,27,,,0,26,,10988,27,,,0,66,,11006,27,,,0,26,,10992,27,,,0,66,,10980,27,,,0,26,,10978,27,,,0,66,,10993,20,,,0,26,,10990,27,,,0,68,,11011,27,,,0,46,,11002,27,,,0,73,,11009,27,,,0,85,,10994,27,,,0,34,,11007,27,,,0,68,,10995,27,,,0,25,,10987,27,,,0,69,,10996,27,,,0,27,,11005,27,,,0,27,,11012,27,,,0,67,,10999,27,,,0,34,,10984,27,,,0,72,,10997,27,,,0,27,,11013,27,,,0,74,,11008,27,,,0,24,,10989,27,,,0,64,,10998,27,,,0,26,,11000,22,,,0,67,,10986,27,,,0,23,,10982,27,,,0,90,,11004,27,,,0,23,,10991,22,,,0,90,,10979,22,,,0
5000,'8ab1f009-ab59-4a8c-9771-20e344a37dba',707,,11031,27,,,0,35,,11037,27,,,0,75,,11041,27,,,0,35,,11034,27,,,0,75,,11015,27,,,0,75,,11035,27,,,0,35,,11022,27,,,0,75,,11023,27,,,0,35,,11036,27,,,0,77,,11038,27,,,0,80,,11028,27,,,0,37,,11032,27,,,0,80,,11026,27,,,0,37,,11027,27,,,0,80,,11017,27,,,0,77,,11029,27,,,0,40,,11019,27,,,0,77,,11033,27,,,0,78,,11024,27,,,0,37,,11040,27,,,0,75,,11030,27,,,0,35,,11018,27,,,0,75,,11016,27,,,0,75,,11014,22,,,0,35,,11025,22,,,0
5000,'8e972226-8e68-4b6a-9fd3-2e7f449277f5',641,,11074,27,,,0,64,,11049,27,,,0,26,,11059,27,,,0,26,,11045,27,,,0,66,,11057,27,,,0,26,,11054,27,,,0,66,,11043,27,,,0,26,,11064,27,,,0,66,,11071,20,,,0,26,,11070,27,,,0,68,,11077,27,,,0,46,,11069,27,,,0,73,,11063,27,,,0,85,,11053,27,,,0,34,,11062,27,,,0,68,,11052,27,,,0,25,,11046,27,,,0,69,,11042,27,,,0,27,,11060,27,,,0,27,,11066,27,,,0,67,,11076,27,,,0,34,,11056,27,,,0,72,,11068,27,,,0,27,,11055,27,,,0,74,,11050,27,,,0,24,,11075,27,,,0,64,,11072,27,,,0,26,,11048,22,,,0,67,,11058,27,,,0,23,,11065,27,,,0,90,,11047,27,,,0,23,,11073,22,,,0,90,,11061,22,,,0
5000,'9493548d-afad-4b26-be65-c3aa23941f37',641,,11091,27,,,0,64,,11097,27,,,0,26,,11102,27,,,0,26,,11079,27,,,0,66,,11090,27,,,0,26,,11082,27,,,0,66,,11085,27,,,0,26,,11093,27,,,0,66,,11078,20,,,0,26,,11111,27,,,0,68,,11099,27,,,0,46,,11092,27,,,0,73,,11086,27,,,0,85,,11084,27,,,0,34,,11103,27,,,0,68,,11087,27,,,0,25,,11104,27,,,0,69,,11105,27,,,0,27,,11096,27,,,0,27,,11109,27,,,0,67,,11101,27,,,0,34,,11098,27,,,0,72,,11100,27,,,0,27,,11088,27,,,0,74,,11094,27,,,0,24,,11081,27,,,0,64,,11095,27,,,0,26,,11113,22,,,0,67,,11080,27,,,0,23,,11083,27,,,0,90,,11112,27,,,0,23,,11110,22,,,0,90,,11089,22,,,0
5000,'9577949b-c1b9-4893-a4cc-d601db41a1fc',641,,11131,27,,,0,64,,11137,27,,,0,26,,11127,27,,,0,26,,11141,27,,,0,66,,11120,27,,,0,26,,11129,27,,,0,66,,11123,27,,,0,26,,11114,27,,,0,66,,11128,20,,,0,26,,11145,27,,,0,68,,11140,27,,,0,46,,11132,27,,,0,73,,11135,27,,,0,85,,11149,27,,,0,34,,11134,27,,,0,68,,11142,27,,,0,25,,11117,27,,,0,69,,11143,27,,,0,27,,11138,27,,,0,27,,11121,27,,,0,67,,11119,27,,,0,34,,11116,27,,,0,72,,11118,27,,,0,27,,11133,27,,,0,74,,11148,27,,,0,24,,11136,27,,,0,64,,11146,27,,,0,26,,11147,22,,,0,67,,11124,27,,,0,23,,11115,27,,,0,90,,11130,27,,,0,23,,11122,22,,,0,90,,11139,22,,,0
5000,'991a1488-6339-4798-a1ff-4cc199131854',641,,11177,27,,,0,64,,11163,27,,,0,26,,11172,27,,,0,26,,11171,27,,,0,66,,11175,27,,,0,26,,11180,27,,,0,66,,11157,27,,,0,26,,11182,27,,,0,66,,11162,20,,,0,26,,11155,27,,,0,68,,11165,27,,,0,46,,11178,27,,,0,73,,11154,27,,,0,85,,11168,27,,,0,34,,11181,27,,,0,68,,11176,27,,,0,25,,11167,27,,,0,69,,11164,27,,,0,27,,11153,27,,,0,27,,11156,27,,,0,67,,11150,27,,,0,34,,11184,27,,,0,72,,11170,27,,,0,27,,11174,27,,,0,74,,11159,27,,,0,24,,11158,27,,,0,64,,11151,27,,,0,26,,11179,22,,,0,67,,11152,27,,,0,23,,11173,27,,,0,90,,11183,27,,,0,23,,11161,22,,,0,90,,11166,22,,,0
5000,'bec99aa0-a127-4e27-ae17-e4c7db42f9ba',1002,,11202,27,,,0,35,,11195,27,,,0,75,,11192,27,,,0,35,,11191,27,,,0,75,,11188,27,,,0,35,,11196,27,,,0,75,,11187,27,,,0,75,,11190,27,,,0,35,,11193,27,,,0,75,,11200,27,,,0,35,,11199,27,,,0,75,,11194,27,,,0,75,,11189,27,,,0,35,,11197,22,,,0,70,,11203,20,,,0,5,,11201,20,,,0
5000,'c38342c9-8898-48ff-bb56-4ee52481c507',1002,,11204,27,,,0,35,,11213,27,,,0,75,,11212,27,,,0,35,,11209,27,,,0,75,,11206,27,,,0,35,,11219,27,,,0,75,,11210,27,,,0,75,,11221,27,,,0,35,,11216,27,,,0,75,,11218,27,,,0,35,,11215,27,,,0,75,,11220,27,,,0,75,,11211,27,,,0,35,,11205,27,,,0,75,,11217,22,,,0,35,,11208,22,,,0,10,,11207,20,,,0
6100,'294e58fc-bc13-4a33-bb1d-a337996c2e9c',536,,12451,26,,,0,75,,12417,26,,,0,35,,12428,26,,,0,56,,12424,26,,,0,20,,12444,26,,,0,20,,12418,26,,,0,60,,12440,26,,,0,20,,12454,26,,,0,20,,12436,26,,,0,60,,12442,26,,,0,20,,12453,26,,,0,80,,12432,26,,,0,40,,12437,26,,,0,80,,12416,26,,,0,80,,12447,26,,,0,40,,12430,26,,,0,60,,12446,26,,,0,25,,12426,26,,,0,20,,12438,26,,,0,60,,12450,26,,,0,20,,12429,26,,,0,25,,12443,26,,,0,60,,12414,26,,,0,25,,12445,26,,,0,20,,12422,26,,,0,65,,12448,26,,,0,20,,12413,26,,,0,65,,12434,26,,,0,20,,12423,26,,,0,25,,12435,26,,,0,60,,12421,26,,,0,20,,12419,26,,,0,20,,12441,26,,,0,60,,12439,26,,,0,20,,12420,26,,,0,15,,12425,26,,,0,75,,12431,26,,,0,36,,12452,26,,,0,74,,12433,26,,,0,75,,12415,26,,,0,35,,12427,26,,,0,74,,12449,26,,,0
6100,'8ab1f009-ab59-4a8c-9771-20e344a37dba',612,,12459,26,,,0,90,,12455,26,,,0,40,,12460,26,,,0,80,,12457,26,,,0,80,,12466,26,,,0,40,,12467,26,,,0,80,,12474,26,,,0,80,,12470,26,,,0,45,,12471,26,,,0,85,,12475,26,,,0,85,,12469,26,,,0,85,,12461,26,,,0,45,,12472,26,,,0,85,,12476,26,,,0,85,,12458,26,,,0,85,,12465,26,,,0,45,,12462,26,,,0,85,,12456,26,,,0,75,,12478,26,,,0,35,,12468,26,,,0,75,,12473,26,,,0,35,,12477,26,,,0,75,,12464,26,,,0,75,,12463,24,,,0
6100,'8e972226-8e68-4b6a-9fd3-2e7f449277f5',536,,12491,26,,,0,75,,12483,26,,,0,35,,12513,26,,,0,56,,12498,26,,,0,20,,12485,26,,,0,20,,12510,26,,,0,60,,12519,26,,,0,20,,12490,26,,,0,20,,12507,26,,,0,60,,12520,26,,,0,20,,12504,26,,,0,80,,12508,26,,,0,40,,12511,26,,,0,80,,12484,26,,,0,80,,12515,26,,,0,40,,12512,26,,,0,60,,12482,26,,,0,25,,12516,26,,,0,20,,12488,26,,,0,60,,12492,26,,,0,20,,12481,26,,,0,25,,12487,26,,,0,60,,12495,26,,,0,25,,12489,26,,,0,20,,12509,26,,,0,65,,12494,26,,,0,20,,12500,26,,,0,65,,12497,26,,,0,20,,12503,26,,,0,25,,12479,26,,,0,60,,12501,26,,,0,20,,12514,26,,,0,20,,12496,26,,,0,60,,12486,26,,,0,20,,12517,26,,,0,15,,12518,26,,,0,75,,12480,26,,,0,36,,12502,26,,,0,74,,12499,26,,,0,75,,12506,26,,,0,35,,12505,26,,,0,74,,12493,26,,,0
6100,'9493548d-afad-4b26-be65-c3aa23941f37',536,,12551,26,,,0,75,,12525,26,,,0,35,,12545,26,,,0,56,,12559,26,,,0,20,,12535,26,,,0,20,,12523,26,,,0,60,,12522,26,,,0,20,,12562,26,,,0,20,,12547,26,,,0,60,,12552,26,,,0,20,,12538,26,,,0,80,,12540,26,,,0,40,,12544,26,,,0,80,,12531,26,,,0,80,,12557,26,,,0,40,,12533,26,,,0,60,,12527,26,,,0,25,,12558,26,,,0,20,,12541,26,,,0,60,,12556,26,,,0,20,,12549,26,,,0,25,,12543,26,,,0,60,,12532,26,,,0,25,,12550,26,,,0,20,,12530,26,,,0,65,,12537,26,,,0,20,,12529,26,,,0,65,,12534,26,,,0,20,,12555,26,,,0,25,,12554,26,,,0,60,,12528,26,,,0,20,,12546,26,,,0,20,,12553,26,,,0,60,,12526,26,,,0,20,,12536,26,,,0,15,,12548,26,,,0,75,,12560,26,,,0,36,,12561,26,,,0,74,,12542,26,,,0,75,,12539,26,,,0,35,,12521,26,,,0,74,,12524,26,,,0
6100,'9577949b-c1b9-4893-a4cc-d601db41a1fc',536,,12576,26,,,0,75,,12564,26,,,0,35,,12594,26,,,0,56,,12573,26,,,0,20,,12599,26,,,0,20,,12567,26,,,0,60,,12596,26,,,0,20,,12580,26,,,0,20,,12575,26,,,0,60,,12600,26,,,0,20,,12586,26,,,0,80,,12603,26,,,0,40,,12588,26,,,0,80,,12566,26,,,0,80,,12591,26,,,0,40,,12568,26,,,0,60,,12587,26,,,0,25,,12565,26,,,0,20,,12590,26,,,0,60,,12570,26,,,0,20,,12593,26,,,0,25,,12595,26,,,0,60,,12569,26,,,0,25,,12581,26,,,0,20,,12572,26,,,0,65,,12578,26,,,0,20,,12579,26,,,0,65,,12584,26,,,0,20,,12589,26,,,0,25,,12604,26,,,0,60,,12574,26,,,0,20,,12582,26,,,0,20,,12592,26,,,0,60,,12585,26,,,0,20,,12598,26,,,0,15,,12601,26,,,0,75,,12571,26,,,0,36,,12577,26,,,0,74,,12602,26,,,0,75,,12597,26,,,0,35,,12563,26,,,0,74,,12583,26,,,0
6100,'991a1488-6339-4798-a1ff-4cc199131854',536,,12641,26,,,0,75,,12616,26,,,0,35,,12635,26,,,0,56,,12643,26,,,0,20,,12634,26,,,0,20,,12621,26,,,0,60,,12622,26,,,0,20,,12624,26,,,0,20,,12619,26,,,0,60,,12633,26,,,0,20,,12636,26,,,0,80,,12628,26,,,0,40,,12639,26,,,0,80,,12615,26,,,0,80,,12645,26,,,0,40,,12638,26,,,0,60,,12609,26,,,0,25,,12606,26,,,0,20,,12610,26,,,0,60,,12626,26,,,0,20,,12617,26,,,0,25,,12611,26,,,0,60,,12623,26,,,0,25,,12629,26,,,0,20,,12630,26,,,0,65,,12605,26,,,0,20,,12640,26,,,0,65,,12631,26,,,0,20,,12612,26,,,0,25,,12646,26,,,0,60,,12627,26,,,0,20,,12618,26,,,0,20,,12614,26,,,0,60,,12608,26,,,0,20,,12607,26,,,0,15,,12644,26,,,0,75,,12637,26,,,0,36,,12632,26,,,0,74,,12620,26,,,0,75,,12613,26,,,0,35,,12625,26,,,0,74,,12642,26,,,0
6100,'bec99aa0-a127-4e27-ae17-e4c7db42f9ba',931,,12647,26,,,0,81,,12654,26,,,0,40,,12653,26,,,0,80,,12656,26,,,0,80,,12648,26,,,0,40,,12652,26,,,0,80,,12657,26,,,0,80,,12651,26,,,0,40,,12655,26,,,0,80,,12650,26,,,0,80,,12649,26,,,0,40,,12659,26,,,0,80,,12658,24,,,0
6100,'c38342c9-8898-48ff-bb56-4ee52481c507',1007,,12673,26,,,0,35,,12664,26,,,0,75,,12669,26,,,0,35,,12663,26,,,0,75,,12671,26,,,0,75,,12660,26,,,0,35,,12665,26,,,0,75,,12668,26,,,0,35,,12667,26,,,0,75,,12672,26,,,0,35,,12666,26,,,0,75,,12662,26,,,0,80,,12670,26,,,0,35,,12674,26,,,0,75,,12661,26,,,0
