8100,'3b7f0ccc-4b86-44f9-804c-3016d4439aa6',2149,,10018,148,,,0
8100,'545fdaed-298a-4873-ae9e-185363247123',1056,,10024,171,,,0,100,,10022,171,,,0,200,,10023,171,,,0,100,,10020,171,,,0,100,,10021,171,,,0,100,,10025,171,,,0,100,,10019,163,,,0
8100,'72a07536-7ac5-462d-91fd-4adacd8d70a1',2149,,10026,148,,,0
8100,'b5be936f-506a-42fd-8fe9-aa394bb7d40c',2149,,10027,148,,,0
8100,'c0258e04-8c49-4a98-8bc9-d3680145007e',2149,,10028,148,,,0
8100,'db4ab86b-f5f5-4d9a-8c75-2988ac0b1af4',656,,10038,171,,,0,100,,10041,171,,,0,100,,10031,171,,,0,200,,10033,171,,,0,100,,10029,171,,,0,100,,10034,171,,,0,200,,10037,171,,,0,100,,10032,171,,,0,100,,10039,171,,,0,100,,10035,171,,,0,100,,10042,171,,,0,100,,10040,171,,,0,100,,10036,171,,,0,93,,10030,148,,,0
8100,'fbc81037-9cf3-4a4d-b4aa-43897a8ca294',2149,,10043,148,,,0
8500,'3b7f0ccc-4b86-44f9-804c-3016d4439aa6',652,,10047,92,,,0,100,,10049,199,,,0,100,,10048,199,,,0,100,,10056,199,,,0,100,,10053,199,,,0,100,,10055,199,,,0,100,,10062,199,,,0,100,,10054,199,,,0,100,,10051,199,,,0,100,,10050,199,,,0,100,,10052,199,,,0,100,,10059,199,,,0,100,,10060,199,,,0,100,,10061,199,,,0,100,,10058,199,,,0,100,,10057,199,,,0
8500,'72a07536-7ac5-462d-91fd-4adacd8d70a1',652,,10076,92,,,0,100,,10073,199,,,0,100,,10063,199,,,0,100,,10066,199,,,0,100,,10072,199,,,0,100,,10077,199,,,0,100,,10071,199,,,0,100,,10070,199,,,0,100,,10064,199,,,0,100,,10068,199,,,0,100,,10069,199,,,0,100,,10078,199,,,0,100,,10075,199,,,0,100,,10074,199,,,0,100,,10067,199,,,0,100,,10065,199,,,0
8500,'b5be936f-506a-42fd-8fe9-aa394bb7d40c',652,,10090,92,,,0,100,,10080,199,,,0,100,,10094,199,,,0,100,,10093,199,,,0,100,,10091,199,,,0,100,,10079,199,,,0,100,,10085,199,,,0,100,,10083,199,,,0,100,,10089,199,,,0,100,,10088,199,,,0,100,,10082,199,,,0,100,,10081,199,,,0,100,,10092,199,,,0,100,,10087,199,,,0,100,,10084,199,,,0,100,,10086,199,,,0
8500,'c0258e04-8c49-4a98-8bc9-d3680145007e',652,,10099,92,,,0,100,,10107,199,,,0,100,,10110,199,,,0,100,,10101,199,,,0,100,,10108,199,,,0,100,,10095,199,,,0,100,,10098,199,,,0,100,,10104,199,,,0,100,,10106,199,,,0,100,,10102,199,,,0,100,,10105,199,,,0,100,,10100,199,,,0,100,,10103,199,,,0,100,,10096,199,,,0,100,,10109,199,,,0,100,,10097,199,,,0
8500,'fbc81037-9cf3-4a4d-b4aa-43897a8ca294',652,,10113,92,,,0,100,,10119,199,,,0,100,,10124,199,,,0,100,,10111,199,,,0,100,,10123,199,,,0,100,,10112,199,,,0,100,,10115,199,,,0,100,,10117,199,,,0,100,,10125,199,,,0,100,,10118,199,,,0,100,,10114,199,,,0,100,,10121,199,,,0,100,,10116,199,,,0,100,,10122,199,,,0,100,,10126,199,,,0,100,,10120,199,,,0
