8100,'3b7f0ccc-4b86-44f9-804c-3016d4439aa6',2132,,10018,21,,,0
8100,'545fdaed-298a-4873-ae9e-185363247123',1033,,10024,22,,,0,100,,10022,22,,,0,200,,10023,22,,,0,100,,10020,22,,,0,100,,10021,22,,,0,100,,10025,22,,,0,100,,10019,22,,,0
8100,'72a07536-7ac5-462d-91fd-4adacd8d70a1',2132,,10026,21,,,0
8100,'b5be936f-506a-42fd-8fe9-aa394bb7d40c',2132,,10027,21,,,0
8100,'c0258e04-8c49-4a98-8bc9-d3680145007e',2132,,10028,21,,,0
8100,'db4ab86b-f5f5-4d9a-8c75-2988ac0b1af4',633,,10038,22,,,0,100,,10041,22,,,0,100,,10031,22,,,0,200,,10033,22,,,0,100,,10029,22,,,0,100,,10034,22,,,0,200,,10037,22,,,0,100,,10032,22,,,0,100,,10039,22,,,0,100,,10035,22,,,0,100,,10042,22,,,0,100,,10040,22,,,0,100,,10036,22,,,0,99,,10030,21,,,0
8100,'fbc81037-9cf3-4a4d-b4aa-43897a8ca294',2132,,10043,21,,,0
8200,'545fdaed-298a-4873-ae9e-185363247123',1233,,10044,23,,,0
8200,'db4ab86b-f5f5-4d9a-8c75-2988ac0b1af4',933,,10046,23,,,0,400,,10045,23,,,0
8600,'3b7f0ccc-4b86-44f9-804c-3016d4439aa6',548,,10151,20,,,0,75,,10131,20,,,0,35,,10138,20,,,0,75,,10128,20,,,0,80,,10139,20,,,0,40,,10129,20,,,0,80,,10130,20,,,0,75,,10142,20,,,0,35,,10149,20,,,0,75,,10152,20,,,0,35,,10133,20,,,0,75,,10132,20,,,0,75,,10134,20,,,0,35,,10127,20,,,0,75,,10150,20,,,0,35,,10141,20,,,0,75,,10147,20,,,0,35,,10136,20,,,0,75,,10140,20,,,0,80,,10145,20,,,0,40,,10146,20,,,0,80,,10143,20,,,0,75,,10135,20,,,0,35,,10144,20,,,0,75,,10148,20,,,0,35,,10137,21,,,0
8600,'72a07536-7ac5-462d-91fd-4adacd8d70a1',548,,10173,20,,,0,75,,10177,20,,,0,35,,10154,20,,,0,75,,10164,20,,,0,80,,10178,20,,,0,40,,10169,20,,,0,80,,10168,20,,,0,75,,10165,20,,,0,35,,10159,20,,,0,75,,10175,20,,,0,35,,10170,20,,,0,75,,10155,20,,,0,75,,10160,20,,,0,35,,10163,20,,,0,75,,10176,20,,,0,35,,10157,20,,,0,75,,10166,20,,,0,35,,10153,20,,,0,75,,10162,20,,,0,80,,10158,20,,,0,40,,10174,20,,,0,80,,10171,20,,,0,75,,10161,20,,,0,35,,10156,20,,,0,75,,10172,20,,,0,35,,10167,21,,,0
8600,'b5be936f-506a-42fd-8fe9-aa394bb7d40c',548,,10193,20,,,0,75,,10190,20,,,0,35,,10199,20,,,0,75,,10192,20,,,0,80,,10179,20,,,0,40,,10198,20,,,0,80,,10183,20,,,0,75,,10201,20,,,0,35,,10184,20,,,0,75,,10181,20,,,0,35,,10180,20,,,0,75,,10197,20,,,0,75,,10194,20,,,0,35,,10187,20,,,0,75,,10195,20,,,0,35,,10200,20,,,0,75,,10202,20,,,0,35,,10191,20,,,0,75,,10188,20,,,0,80,,10182,20,,,0,40,,10186,20,,,0,80,,10189,20,,,0,75,,10196,20,,,0,35,,10185,20,,,0,75,,10204,20,,,0,35,,10203,21,,,0
8600,'c0258e04-8c49-4a98-8bc9-d3680145007e',548,,10221,20,,,0,75,,10214,20,,,0,35,,10227,20,,,0,75,,10211,20,,,0,80,,10215,20,,,0,40,,10216,20,,,0,80,,10207,20,,,0,75,,10205,20,,,0,35,,10218,20,,,0,75,,10230,20,,,0,35,,10208,20,,,0,75,,10209,20,,,0,75,,10229,20,,,0,35,,10228,20,,,0,75,,10217,20,,,0,35,,10223,20,,,0,75,,10210,20,,,0,35,,10206,20,,,0,75,,10212,20,,,0,80,,10213,20,,,0,40,,10219,20,,,0,80,,10225,20,,,0,75,,10222,20,,,0,35,,10220,20,,,0,75,,10226,20,,,0,35,,10224,21,,,0
8600,'fbc81037-9cf3-4a4d-b4aa-43897a8ca294',548,,10243,20,,,0,75,,10246,20,,,0,35,,10251,20,,,0,75,,10239,20,,,0,80,,10237,20,,,0,40,,10231,20,,,0,80,,10248,20,,,0,75,,10249,20,,,0,35,,10232,20,,,0,75,,10256,20,,,0,35,,10242,20,,,0,75,,10233,20,,,0,75,,10247,20,,,0,35,,10238,20,,,0,75,,10245,20,,,0,35,,10234,20,,,0,75,,10240,20,,,0,35,,10241,20,,,0,75,,10253,20,,,0,80,,10255,20,,,0,40,,10244,20,,,0,80,,10252,20,,,0,75,,10250,20,,,0,35,,10235,20,,,0,75,,10254,20,,,0,35,,10236,21,,,0
9500,'3b7f0ccc-4b86-44f9-804c-3016d4439aa6',631,,10648,19,,,0,70,,10644,19,,,0,35,,10661,19,,,0,75,,10641,19,,,0,35,,10640,19,,,0,75,,10643,19,,,0,35,,10655,19,,,0,75,,10658,19,,,0,75,,10656,19,,,0,35,,10663,19,,,0,75,,10653,19,,,0,35,,10662,19,,,0,75,,10645,19,,,0,75,,10646,19,,,0,35,,10650,19,,,0,75,,10654,19,,,0,35,,10657,19,,,0,90,,10647,19,,,0,80,,10638,19,,,0,40,,10639,19,,,0,80,,10652,19,,,0,70,,10649,19,,,0,30,,10659,19,,,0,70,,10642,19,,,0,30,,10637,19,,,0,70,,10651,19,,,0,30,,10660,19,,,0
9500,'545fdaed-298a-4873-ae9e-185363247123',931,,10671,19,,,0,70,,10675,19,,,0,30,,10669,19,,,0,70,,10670,19,,,0,30,,10667,19,,,0,70,,10664,19,,,0,35,,10666,19,,,0,75,,10679,19,,,0,35,,10672,19,,,0,75,,10677,19,,,0,35,,10668,19,,,0,75,,10674,19,,,0,75,,10673,19,,,0,35,,10676,19,,,0,75,,10678,19,,,0,35,,10665,19,,,0
9500,'72a07536-7ac5-462d-91fd-4adacd8d70a1',631,,10684,19,,,0,70,,10706,19,,,0,35,,10696,19,,,0,75,,10689,19,,,0,35,,10694,19,,,0,75,,10695,19,,,0,35,,10690,19,,,0,75,,10697,19,,,0,75,,10682,19,,,0,35,,10683,19,,,0,75,,10685,19,,,0,35,,10691,19,,,0,75,,10680,19,,,0,75,,10681,19,,,0,35,,10688,19,,,0,75,,10693,19,,,0,35,,10698,19,,,0,90,,10687,19,,,0,80,,10700,19,,,0,40,,10704,19,,,0,80,,10703,19,,,0,70,,10686,19,,,0,30,,10701,19,,,0,70,,10705,19,,,0,30,,10692,19,,,0,70,,10702,19,,,0,30,,10699,19,,,0
9500,'b5be936f-506a-42fd-8fe9-aa394bb7d40c',631,,10733,19,,,0,70,,10718,19,,,0,35,,10720,19,,,0,75,,10721,19,,,0,35,,10709,19,,,0,75,,10715,19,,,0,35,,10717,19,,,0,75,,10719,19,,,0,75,,10730,19,,,0,35,,10716,19,,,0,75,,10726,19,,,0,35,,10728,19,,,0,75,,10713,19,,,0,75,,10711,19,,,0,35,,10707,19,,,0,75,,10724,19,,,0,35,,10727,19,,,0,90,,10732,19,,,0,80,,10725,19,,,0,40,,10723,19,,,0,80,,10722,19,,,0,70,,10731,19,,,0,30,,10708,19,,,0,70,,10710,19,,,0,30,,10729,19,,,0,70,,10712,19,,,0,30,,10714,19,,,0
9500,'c0258e04-8c49-4a98-8bc9-d3680145007e',631,,10739,19,,,0,70,,10746,19,,,0,35,,10736,19,,,0,75,,10738,19,,,0,35,,10756,19,,,0,75,,10757,19,,,0,35,,10748,19,,,0,75,,10760,19,,,0,75,,10745,19,,,0,35,,10750,19,,,0,75,,10740,19,,,0,35,,10734,19,,,0,75,,10752,19,,,0,75,,10749,19,,,0,35,,10735,19,,,0,75,,10759,19,,,0,35,,10737,19,,,0,90,,10747,19,,,0,80,,10742,19,,,0,40,,10743,19,,,0,80,,10753,19,,,0,70,,10754,19,,,0,30,,10758,19,,,0,70,,10741,19,,,0,30,,10755,19,,,0,70,,10751,19,,,0,30,,10744,19,,,0
9500,'db4ab86b-f5f5-4d9a-8c75-2988ac0b1af4',631,,10789,19,,,0,70,,10769,19,,,0,30,,10779,19,,,0,70,,10781,19,,,0,30,,10786,19,,,0,70,,10771,19,,,0,30,,10761,19,,,0,70,,10783,19,,,0,30,,10780,19,,,0,75,,10777,19,,,0,35,,10764,19,,,0,75,,10775,19,,,0,35,,10772,19,,,0,75,,10778,19,,,0,75,,10763,19,,,0,35,,10784,19,,,0,75,,10767,19,,,0,35,,10776,19,,,0,75,,10770,19,,,0,35,,10774,19,,,0,75,,10787,19,,,0,70,,10773,19,,,0,30,,10768,19,,,0,70,,10766,19,,,0,30,,10762,19,,,0,70,,10788,19,,,0,30,,10785,19,,,0,70,,10765,19,,,0,30,,10782,19,,,0
9500,'fbc81037-9cf3-4a4d-b4aa-43897a8ca294',631,,10797,19,,,0,70,,10791,19,,,0,35,,10792,19,,,0,75,,10790,19,,,0,35,,10800,19,,,0,75,,10808,19,,,0,35,,10812,19,,,0,75,,10811,19,,,0,75,,10799,19,,,0,35,,10804,19,,,0,75,,10798,19,,,0,35,,10795,19,,,0,75,,10802,19,,,0,75,,10807,19,,,0,35,,10814,19,,,0,75,,10794,19,,,0,35,,10796,19,,,0,90,,10810,19,,,0,80,,10813,19,,,0,40,,10816,19,,,0,80,,10793,19,,,0,70,,10801,19,,,0,30,,10806,19,,,0,70,,10815,19,,,0,30,,10803,19,,,0,70,,10805,19,,,0,30,,10809,19,,,0
