8100,'294e58fc-bc13-4a33-bb1d-a337996c2e9c',2148,,13736,145,,,0
8100,'8ab1f009-ab59-4a8c-9771-20e344a37dba',655,,13746,168,,,0,100,,13737,168,,,0,100,,13743,168,,,0,200,,13744,168,,,0,100,,13745,168,,,0,100,,13738,168,,,0,200,,13739,168,,,0,100,,13750,168,,,0,100,,13742,168,,,0,100,,13741,168,,,0,100,,13747,168,,,0,100,,13749,168,,,0,100,,13740,168,,,0,93,,13748,145,,,0
8100,'8e972226-8e68-4b6a-9fd3-2e7f449277f5',2148,,13751,145,,,0
8100,'9493548d-afad-4b26-be65-c3aa23941f37',2148,,13752,145,,,0
8100,'9577949b-c1b9-4893-a4cc-d601db41a1fc',2148,,13753,145,,,0
8100,'991a1488-6339-4798-a1ff-4cc199131854',2148,,13754,145,,,0
8100,'bec99aa0-a127-4e27-ae17-e4c7db42f9ba',1055,,13755,168,,,0,100,,13756,168,,,0,200,,13760,168,,,0,100,,13759,168,,,0,100,,13758,168,,,0,100,,13761,168,,,0,100,,13757,160,,,0
8100,'c38342c9-8898-48ff-bb56-4ee52481c507',1033,,13763,145,,,0,100,,13762,145,,,0,100,,13769,145,,,0,100,,13764,145,,,0,100,,13770,145,,,0,100,,13767,145,,,0,100,,13766,145,,,0,100,,13765,145,,,0,100,,13768,145,,,0
8500,'294e58fc-bc13-4a33-bb1d-a337996c2e9c',651,,13783,89,,,0,100,,13774,196,,,0,100,,13789,196,,,0,100,,13787,196,,,0,100,,13775,196,,,0,100,,13776,196,,,0,100,,13778,196,,,0,100,,13780,196,,,0,100,,13788,196,,,0,100,,13782,196,,,0,100,,13785,196,,,0,100,,13784,196,,,0,100,,13779,196,,,0,100,,13777,196,,,0,100,,13781,196,,,0,100,,13786,196,,,0
8500,'8e972226-8e68-4b6a-9fd3-2e7f449277f5',651,,13802,89,,,0,100,,13796,196,,,0,100,,13801,196,,,0,100,,13804,196,,,0,100,,13792,196,,,0,100,,13791,196,,,0,100,,13794,196,,,0,100,,13800,196,,,0,100,,13798,196,,,0,100,,13790,196,,,0,100,,13793,196,,,0,100,,13805,196,,,0,100,,13795,196,,,0,100,,13797,196,,,0,100,,13803,196,,,0,100,,13799,196,,,0
8500,'9493548d-afad-4b26-be65-c3aa23941f37',651,,13818,89,,,0,100,,13812,196,,,0,100,,13809,196,,,0,100,,13816,196,,,0,100,,13807,196,,,0,100,,13810,196,,,0,100,,13815,196,,,0,100,,13811,196,,,0,100,,13814,196,,,0,100,,13813,196,,,0,100,,13821,196,,,0,100,,13806,196,,,0,100,,13817,196,,,0,100,,13820,196,,,0,100,,13808,196,,,0,100,,13819,196,,,0
8500,'9577949b-c1b9-4893-a4cc-d601db41a1fc',651,,13835,89,,,0,100,,13826,196,,,0,100,,13836,196,,,0,100,,13830,196,,,0,100,,13832,196,,,0,100,,13833,196,,,0,100,,13834,196,,,0,100,,13837,196,,,0,100,,13824,196,,,0,100,,13827,196,,,0,100,,13825,196,,,0,100,,13823,196,,,0,100,,13831,196,,,0,100,,13828,196,,,0,100,,13822,196,,,0,100,,13829,196,,,0
8500,'991a1488-6339-4798-a1ff-4cc199131854',651,,13852,89,,,0,100,,13839,196,,,0,100,,13838,196,,,0,100,,13843,196,,,0,100,,13844,196,,,0,100,,13849,196,,,0,100,,13846,196,,,0,100,,13845,196,,,0,100,,13847,196,,,0,100,,13848,196,,,0,100,,13841,196,,,0,100,,13853,196,,,0,100,,13851,196,,,0,100,,13840,196,,,0,100,,13842,196,,,0,100,,13850,196,,,0
