6400,'294e58fc-bc13-4a33-bb1d-a337996c2e9c',651,,13088,107,,,0,75,,13067,107,,,0,18,,13059,107,,,0,58,,13083,107,,,0,18,,13075,107,,,0,18,,13057,107,,,0,18,,13061,107,,,0,58,,13062,107,,,0,18,,13073,107,,,0,18,,13069,107,,,0,58,,13090,107,,,0,18,,13064,107,,,0,75,,13074,107,,,0,35,,13066,107,,,0,75,,13084,107,,,0,35,,13091,107,,,0,75,,13071,107,,,0,35,,13086,107,,,0,75,,13076,107,,,0,75,,13080,107,,,0,18,,13089,107,,,0,18,,13087,107,,,0,58,,13092,107,,,0,18,,13079,107,,,0,18,,13056,107,,,0,18,,13063,107,,,0,58,,13081,107,,,0,18,,13072,107,,,0,18,,13058,107,,,0,58,,13065,107,,,0,35,,13078,107,,,0,75,,13077,107,,,0,35,,13060,107,,,0,75,,13085,107,,,0,31,,13070,107,,,0,70,,13068,107,,,0,30,,13082,107,,,0,70,,13055,107,,,0
6400,'8ab1f009-ab59-4a8c-9771-20e344a37dba',651,,13093,107,,,0,75,,13113,107,,,0,79,,13117,107,,,0,40,,13098,107,,,0,80,,13095,107,,,0,76,,13111,107,,,0,35,,13115,107,,,0,75,,13096,107,,,0,35,,13099,107,,,0,75,,13101,107,,,0,35,,13109,107,,,0,75,,13097,107,,,0,75,,13104,107,,,0,35,,13106,107,,,0,75,,13114,107,,,0,35,,13110,107,,,0,79,,13108,107,,,0,80,,13116,107,,,0,40,,13107,107,,,0,80,,13112,107,,,0,76,,13105,107,,,0,35,,13118,107,,,0,75,,13094,107,,,0,35,,13100,107,,,0,75,,13102,107,,,0,75,,13103,107,,,0,31,,13119,107,,,0
6400,'8e972226-8e68-4b6a-9fd3-2e7f449277f5',651,,13132,107,,,0,75,,13135,107,,,0,18,,13154,107,,,0,58,,13137,107,,,0,18,,13140,107,,,0,18,,13157,107,,,0,18,,13155,107,,,0,58,,13121,107,,,0,18,,13122,107,,,0,18,,13153,107,,,0,58,,13139,107,,,0,18,,13144,107,,,0,75,,13149,107,,,0,35,,13136,107,,,0,75,,13126,107,,,0,35,,13123,107,,,0,75,,13138,107,,,0,35,,13151,107,,,0,75,,13125,107,,,0,75,,13150,107,,,0,18,,13145,107,,,0,18,,13143,107,,,0,58,,13148,107,,,0,18,,13147,107,,,0,18,,13146,107,,,0,18,,13128,107,,,0,58,,13127,107,,,0,18,,13142,107,,,0,18,,13134,107,,,0,58,,13152,107,,,0,35,,13120,107,,,0,75,,13124,107,,,0,35,,13133,107,,,0,75,,13141,107,,,0,31,,13129,107,,,0,70,,13131,107,,,0,30,,13156,107,,,0,70,,13130,107,,,0
6400,'9493548d-afad-4b26-be65-c3aa23941f37',651,,13163,107,,,0,75,,13183,107,,,0,18,,13167,107,,,0,58,,13194,107,,,0,18,,13166,107,,,0,18,,13182,107,,,0,18,,13164,107,,,0,58,,13169,107,,,0,18,,13192,107,,,0,18,,13174,107,,,0,58,,13176,107,,,0,18,,13158,107,,,0,75,,13177,107,,,0,35,,13195,107,,,0,75,,13178,107,,,0,35,,13180,107,,,0,75,,13165,107,,,0,35,,13186,107,,,0,75,,13160,107,,,0,75,,13179,107,,,0,18,,13189,107,,,0,18,,13170,107,,,0,58,,13175,107,,,0,18,,13172,107,,,0,18,,13162,107,,,0,18,,13181,107,,,0,58,,13193,107,,,0,18,,13185,107,,,0,18,,13159,107,,,0,58,,13187,107,,,0,35,,13190,107,,,0,75,,13161,107,,,0,35,,13188,107,,,0,75,,13173,107,,,0,31,,13168,107,,,0,70,,13171,107,,,0,30,,13184,107,,,0,70,,13191,107,,,0
6400,'9577949b-c1b9-4893-a4cc-d601db41a1fc',651,,13222,107,,,0,75,,13214,107,,,0,18,,13207,107,,,0,58,,13213,107,,,0,18,,13210,107,,,0,18,,13199,107,,,0,18,,13229,107,,,0,58,,13224,107,,,0,18,,13218,107,,,0,18,,13209,107,,,0,58,,13206,107,,,0,18,,13208,107,,,0,75,,13212,107,,,0,35,,13197,107,,,0,75,,13198,107,,,0,35,,13233,107,,,0,75,,13226,107,,,0,35,,13216,107,,,0,75,,13232,107,,,0,75,,13227,107,,,0,18,,13205,107,,,0,18,,13211,107,,,0,58,,13223,107,,,0,18,,13220,107,,,0,18,,13217,107,,,0,18,,13204,107,,,0,58,,13231,107,,,0,18,,13221,107,,,0,18,,13201,107,,,0,58,,13203,107,,,0,35,,13219,107,,,0,75,,13230,107,,,0,35,,13202,107,,,0,75,,13228,107,,,0,31,,13215,107,,,0,70,,13200,107,,,0,30,,13196,107,,,0,70,,13225,107,,,0
6400,'991a1488-6339-4798-a1ff-4cc199131854',651,,13251,107,,,0,75,,13262,107,,,0,18,,13263,107,,,0,58,,13259,107,,,0,18,,13266,107,,,0,18,,13241,107,,,0,18,,13246,107,,,0,58,,13234,107,,,0,18,,13245,107,,,0,18,,13267,107,,,0,58,,13253,107,,,0,18,,13255,107,,,0,75,,13254,107,,,0,35,,13264,107,,,0,75,,13258,107,,,0,35,,13257,107,,,0,75,,13271,107,,,0,35,,13268,107,,,0,75,,13237,107,,,0,75,,13261,107,,,0,18,,13242,107,,,0,18,,13256,107,,,0,58,,13236,107,,,0,18,,13239,107,,,0,18,,13248,107,,,0,18,,13240,107,,,0,58,,13235,107,,,0,18,,13249,107,,,0,18,,13269,107,,,0,58,,13270,107,,,0,35,,13250,107,,,0,75,,13265,107,,,0,35,,13260,107,,,0,75,,13238,107,,,0,31,,13252,107,,,0,70,,13243,107,,,0,30,,13247,107,,,0,70,,13244,107,,,0
6400,'bec99aa0-a127-4e27-ae17-e4c7db42f9ba',1001,,13286,107,,,0,35,,13274,107,,,0,75,,13272,107,,,0,35,,13278,107,,,0,75,,13277,107,,,0,35,,13287,107,,,0,75,,13279,107,,,0,75,,13285,107,,,0,35,,13276,107,,,0,75,,13281,107,,,0,35,,13284,107,,,0,75,,13282,107,,,0,75,,13273,107,,,0,35,,13280,107,,,0,75,,13275,107,,,0
6400,'c38342c9-8898-48ff-bb56-4ee52481c507',1031,,13293,107,,,0,75,,13289,107,,,0,35,,13299,107,,,0,75,,13302,107,,,0,35,,13290,107,,,0,75,,13301,107,,,0,75,,13294,107,,,0,35,,13300,107,,,0,75,,13297,107,,,0,35,,13303,107,,,0,75,,13288,107,,,0,35,,13291,107,,,0,75,,13295,107,,,0,75,,13298,107,,,0,35,,13292,107,,,0,75,,13296,107,,,0
6600,'294e58fc-bc13-4a33-bb1d-a337996c2e9c',724,,13494,244,,,0,110,,13489,244,,,0,170,,13496,244,,,0,109,,13493,244,,,0,111,,13491,244,,,0,114,,13490,302,0,8,0,111,,13488,244,,,0,110,,13498,244,,,0,150,,13499,244,,,0,110,,13497,244,,,0,114,,13495,302,0,8,0,102,,13492,244,,,0
6600,'8ab1f009-ab59-4a8c-9771-20e344a37dba',724,,13500,244,,,0,100,,13503,244,,,0,800,,13504,244,,,0,100,,13501,244,,,0,100,,13502,244,,,0
6600,'8e972226-8e68-4b6a-9fd3-2e7f449277f5',724,,13506,244,,,0,110,,13507,244,,,0,170,,13505,244,,,0,109,,13510,244,,,0,111,,13508,244,,,0,114,,13514,302,0,8,0,111,,13512,244,,,0,110,,13513,244,,,0,150,,13511,244,,,0,110,,13515,244,,,0,114,,13516,302,0,8,0,102,,13509,244,,,0
6600,'9493548d-afad-4b26-be65-c3aa23941f37',724,,13525,244,,,0,110,,13519,244,,,0,170,,13527,244,,,0,109,,13518,244,,,0,111,,13524,244,,,0,114,,13517,302,0,8,0,111,,13523,244,,,0,110,,13521,244,,,0,150,,13528,244,,,0,110,,13522,244,,,0,114,,13526,302,0,8,0,102,,13520,244,,,0
6600,'9577949b-c1b9-4893-a4cc-d601db41a1fc',724,,13529,244,,,0,110,,13539,244,,,0,170,,13536,244,,,0,109,,13537,244,,,0,111,,13538,244,,,0,114,,13533,302,0,8,0,111,,13531,244,,,0,110,,13534,244,,,0,150,,13540,244,,,0,110,,13530,244,,,0,114,,13535,302,0,8,0,102,,13532,244,,,0
6600,'991a1488-6339-4798-a1ff-4cc199131854',724,,13541,244,,,0,110,,13551,244,,,0,170,,13543,244,,,0,109,,13550,244,,,0,111,,13549,244,,,0,114,,13548,302,0,8,0,111,,13542,244,,,0,110,,13547,244,,,0,150,,13546,244,,,0,110,,13545,244,,,0,114,,13544,302,0,8,0,102,,13552,244,,,0
6600,'bec99aa0-a127-4e27-ae17-e4c7db42f9ba',1124,,13554,244,,,0,200,,13556,244,,,0,200,,13553,244,,,0,200,,13555,244,,,0
