1600,'294e58fc-bc13-4a33-bb1d-a337996c2e9c',652,,10826,43,,,0,70,,10821,43,,,0,35,,10843,43,,,0,75,,10820,43,,,0,70,,10829,43,,,0,30,,10819,43,,,0,70,,10840,43,,,0,30,,10838,43,,,0,70,,10839,43,,,0,30,,10832,43,,,0,70,,10833,43,,,0,40,,10822,43,,,0,75,,10842,43,,,0,35,,10828,43,,,0,75,,10836,43,,,0,75,,10823,43,,,0,35,,10818,43,,,0,75,,10824,43,,,0,40,,10825,43,,,0,80,,10841,43,,,0,80,,10834,43,,,0,30,,10835,43,,,0,70,,10830,43,,,0,30,,10817,43,,,0,70,,10827,43,,,0,30,,10837,43,,,0,70,,10831,50,,,0
1600,'8ab1f009-ab59-4a8c-9771-20e344a37dba',1137,,10856,43,,,0,75,,10846,43,,,0,35,,10845,43,,,0,75,,10855,43,,,0,35,,10844,43,,,0,75,,10853,43,,,0,75,,10851,43,,,0,35,,10852,43,,,0,75,,10849,43,,,0,35,,10854,43,,,0,75,,10848,43,,,0,75,,10847,43,,,0,35,,10850,50,,,0
1600,'8e972226-8e68-4b6a-9fd3-2e7f449277f5',652,,10880,43,,,0,70,,10877,43,,,0,35,,10859,43,,,0,75,,10860,43,,,0,70,,10868,43,,,0,30,,10861,43,,,0,70,,10874,43,,,0,30,,10879,43,,,0,70,,10870,43,,,0,30,,10857,43,,,0,70,,10863,43,,,0,40,,10866,43,,,0,75,,10883,43,,,0,35,,10867,43,,,0,75,,10873,43,,,0,75,,10858,43,,,0,35,,10878,43,,,0,75,,10882,43,,,0,40,,10875,43,,,0,80,,10872,43,,,0,80,,10871,43,,,0,30,,10862,43,,,0,70,,10881,43,,,0,30,,10864,43,,,0,70,,10876,43,,,0,30,,10865,43,,,0,70,,10869,50,,,0
1600,'9493548d-afad-4b26-be65-c3aa23941f37',652,,10904,43,,,0,70,,10903,43,,,0,35,,10896,43,,,0,75,,10894,43,,,0,70,,10899,43,,,0,30,,10884,43,,,0,70,,10889,43,,,0,30,,10895,43,,,0,70,,10908,43,,,0,30,,10905,43,,,0,70,,10906,43,,,0,40,,10891,43,,,0,75,,10907,43,,,0,35,,10892,43,,,0,75,,10910,43,,,0,75,,10900,43,,,0,35,,10902,43,,,0,75,,10898,43,,,0,40,,10893,43,,,0,80,,10888,43,,,0,80,,10890,43,,,0,30,,10885,43,,,0,70,,10886,43,,,0,30,,10897,43,,,0,70,,10901,43,,,0,30,,10887,43,,,0,70,,10909,50,,,0
1600,'9577949b-c1b9-4893-a4cc-d601db41a1fc',652,,10929,43,,,0,70,,10913,43,,,0,35,,10925,43,,,0,75,,10937,43,,,0,70,,10922,43,,,0,30,,10930,43,,,0,70,,10933,43,,,0,30,,10912,43,,,0,70,,10931,43,,,0,30,,10914,43,,,0,70,,10932,43,,,0,40,,10921,43,,,0,75,,10927,43,,,0,35,,10915,43,,,0,75,,10916,43,,,0,75,,10917,43,,,0,35,,10935,43,,,0,75,,10936,43,,,0,40,,10926,43,,,0,80,,10934,43,,,0,80,,10923,43,,,0,30,,10918,43,,,0,70,,10924,43,,,0,30,,10911,43,,,0,70,,10928,43,,,0,30,,10919,43,,,0,70,,10920,50,,,0
1600,'991a1488-6339-4798-a1ff-4cc199131854',652,,10959,43,,,0,70,,10957,43,,,0,35,,10941,43,,,0,75,,10951,43,,,0,70,,10945,43,,,0,30,,10948,43,,,0,70,,10952,43,,,0,30,,10943,43,,,0,70,,10950,43,,,0,30,,10955,43,,,0,70,,10944,43,,,0,40,,10963,43,,,0,75,,10960,43,,,0,35,,10954,43,,,0,75,,10947,43,,,0,75,,10939,43,,,0,35,,10946,43,,,0,75,,10949,43,,,0,40,,10956,43,,,0,80,,10953,43,,,0,80,,10962,43,,,0,30,,10942,43,,,0,70,,10961,43,,,0,30,,10964,43,,,0,70,,10958,43,,,0,30,,10938,43,,,0,70,,10940,50,,,0
1600,'bec99aa0-a127-4e27-ae17-e4c7db42f9ba',1027,,10969,43,,,0,75,,10977,43,,,0,35,,10972,43,,,0,75,,10967,43,,,0,35,,10966,43,,,0,75,,10975,43,,,0,35,,10973,43,,,0,75,,10971,43,,,0,75,,10974,43,,,0,35,,10968,43,,,0,75,,10965,43,,,0,35,,10970,43,,,0,75,,10976,50,,,0
6600,'294e58fc-bc13-4a33-bb1d-a337996c2e9c',627,,13494,45,,,0,110,,13489,45,,,0,170,,13496,45,,,0,110,,13493,45,,,0,110,,13491,45,,,0,110,,13490,43,0,8,0,115,,13488,45,,,0,150,,13498,45,,,0,110,,13499,45,,,0,110,,13497,45,,,0,110,,13495,43,0,8,0,115,,13492,45,,,0
6600,'8ab1f009-ab59-4a8c-9771-20e344a37dba',636,,13500,45,,,0,100,,13503,45,,,0,800,,13504,45,,,0,100,,13501,45,,,0,100,,13502,45,,,0
6600,'8e972226-8e68-4b6a-9fd3-2e7f449277f5',627,,13506,45,,,0,110,,13507,45,,,0,170,,13505,45,,,0,110,,13510,45,,,0,110,,13508,45,,,0,110,,13514,43,0,8,0,115,,13512,45,,,0,150,,13513,45,,,0,110,,13511,45,,,0,110,,13515,45,,,0,110,,13516,43,0,8,0,115,,13509,45,,,0
6600,'9493548d-afad-4b26-be65-c3aa23941f37',627,,13525,45,,,0,110,,13519,45,,,0,170,,13527,45,,,0,110,,13518,45,,,0,110,,13524,45,,,0,110,,13517,43,0,8,0,115,,13523,45,,,0,150,,13521,45,,,0,110,,13528,45,,,0,110,,13522,45,,,0,110,,13526,43,0,8,0,115,,13520,45,,,0
6600,'9577949b-c1b9-4893-a4cc-d601db41a1fc',627,,13529,45,,,0,110,,13539,45,,,0,170,,13536,45,,,0,110,,13537,45,,,0,110,,13538,45,,,0,110,,13533,43,0,8,0,115,,13531,45,,,0,150,,13534,45,,,0,110,,13540,45,,,0,110,,13530,45,,,0,110,,13535,43,0,8,0,115,,13532,45,,,0
6600,'991a1488-6339-4798-a1ff-4cc199131854',627,,13541,45,,,0,110,,13551,45,,,0,170,,13543,45,,,0,110,,13550,45,,,0,110,,13549,45,,,0,110,,13548,43,0,8,0,115,,13542,45,,,0,150,,13547,45,,,0,110,,13546,45,,,0,110,,13545,45,,,0,110,,13544,43,0,8,0,115,,13552,45,,,0
6600,'bec99aa0-a127-4e27-ae17-e4c7db42f9ba',1036,,13554,45,,,0,200,,13556,45,,,0,200,,13553,45,,,0,200,,13555,45,,,0
