6000,'294e58fc-bc13-4a33-bb1d-a337996c2e9c',638,,12231,64,,,0,75,,12244,64,,,0,35,,12234,64,,,0,80,,12241,64,,,0,80,,12236,64,,,0,40,,12247,64,,,0,80,,12251,64,,,0,80,,12246,64,,,0,40,,12230,64,,,0,80,,12235,64,,,0,80,,12240,64,,,0,40,,12232,64,,,0,80,,12229,64,,,0,80,,12227,64,,,0,40,,12243,64,,,0,80,,12250,64,,,0,80,,12249,64,,,0,40,,12239,64,,,0,80,,12228,64,,,0,80,,12242,64,,,0,35,,12226,64,,,0,75,,12238,64,,,0,35,,12245,64,,,0,75,,12237,64,,,0,75,,12248,64,,,0
6000,'8ab1f009-ab59-4a8c-9771-20e344a37dba',638,,12265,64,,,0,75,,12274,64,,,0,35,,12258,64,,,0,80,,12256,64,,,0,80,,12254,64,,,0,40,,12266,64,,,0,80,,12255,64,,,0,80,,12275,64,,,0,40,,12260,64,,,0,80,,12257,64,,,0,80,,12264,64,,,0,40,,12276,64,,,0,80,,12259,64,,,0,80,,12268,64,,,0,40,,12252,64,,,0,80,,12271,64,,,0,80,,12262,64,,,0,40,,12263,64,,,0,80,,12261,64,,,0,80,,12269,64,,,0,35,,12270,64,,,0,75,,12267,64,,,0,35,,12253,64,,,0,75,,12273,64,,,0,75,,12272,64,,,0
6000,'8e972226-8e68-4b6a-9fd3-2e7f449277f5',638,,12283,64,,,0,75,,12296,64,,,0,35,,12286,64,,,0,80,,12302,64,,,0,80,,12292,64,,,0,40,,12281,64,,,0,80,,12300,64,,,0,80,,12303,64,,,0,40,,12297,64,,,0,80,,12282,64,,,0,80,,12279,64,,,0,40,,12287,64,,,0,80,,12294,64,,,0,80,,12280,64,,,0,40,,12278,64,,,0,80,,12295,64,,,0,80,,12298,64,,,0,40,,12285,64,,,0,80,,12291,64,,,0,80,,12290,64,,,0,35,,12288,64,,,0,75,,12301,64,,,0,35,,12299,64,,,0,75,,12289,64,,,0,75,,12293,64,,,0
6000,'9493548d-afad-4b26-be65-c3aa23941f37',638,,12326,64,,,0,75,,12325,64,,,0,35,,12318,64,,,0,80,,12304,64,,,0,80,,12306,64,,,0,40,,12320,64,,,0,80,,12311,64,,,0,80,,12329,64,,,0,40,,12315,64,,,0,80,,12314,64,,,0,80,,12307,64,,,0,40,,12309,64,,,0,80,,12305,64,,,0,80,,12322,64,,,0,40,,12324,64,,,0,80,,12312,64,,,0,80,,12327,64,,,0,40,,12319,64,,,0,80,,12308,64,,,0,80,,12313,64,,,0,35,,12317,64,,,0,75,,12310,64,,,0,35,,12328,64,,,0,75,,12323,64,,,0,75,,12316,64,,,0
6000,'9577949b-c1b9-4893-a4cc-d601db41a1fc',638,,12347,64,,,0,75,,12336,64,,,0,35,,12333,64,,,0,80,,12331,64,,,0,80,,12348,64,,,0,40,,12337,64,,,0,80,,12344,64,,,0,80,,12354,64,,,0,40,,12352,64,,,0,80,,12350,64,,,0,80,,12355,64,,,0,40,,12338,64,,,0,80,,12345,64,,,0,80,,12334,64,,,0,40,,12349,64,,,0,80,,12342,64,,,0,80,,12346,64,,,0,40,,12330,64,,,0,80,,12332,64,,,0,80,,12341,64,,,0,35,,12343,64,,,0,75,,12351,64,,,0,35,,12353,64,,,0,75,,12339,64,,,0,75,,12335,64,,,0
6000,'991a1488-6339-4798-a1ff-4cc199131854',638,,12361,64,,,0,75,,12372,64,,,0,35,,12378,64,,,0,80,,12366,64,,,0,80,,12371,64,,,0,40,,12375,64,,,0,80,,12380,64,,,0,80,,12368,64,,,0,40,,12362,64,,,0,80,,12376,64,,,0,80,,12363,64,,,0,40,,12373,64,,,0,80,,12358,64,,,0,80,,12370,64,,,0,40,,12379,64,,,0,80,,12365,64,,,0,80,,12367,64,,,0,40,,12359,64,,,0,80,,12381,64,,,0,80,,12360,64,,,0,35,,12364,64,,,0,75,,12374,64,,,0,35,,12356,64,,,0,75,,12369,64,,,0,75,,12357,64,,,0
6000,'bec99aa0-a127-4e27-ae17-e4c7db42f9ba',933,,12385,64,,,0,75,,12388,64,,,0,35,,12383,64,,,0,75,,12396,64,,,0,35,,12393,64,,,0,75,,12387,64,,,0,75,,12390,64,,,0,35,,12391,64,,,0,75,,12389,64,,,0,35,,12382,64,,,0,75,,12386,64,,,0,35,,12392,64,,,0,75,,12394,64,,,0,75,,12395,64,,,0,35,,12384,64,,,0
6000,'c38342c9-8898-48ff-bb56-4ee52481c507',1013,,12406,64,,,0,35,,12407,64,,,0,75,,12412,64,,,0,35,,12397,64,,,0,75,,12400,64,,,0,75,,12398,64,,,0,35,,12411,64,,,0,75,,12408,64,,,0,35,,12410,64,,,0,75,,12402,64,,,0,75,,12401,64,,,0,35,,12409,64,,,0,75,,12405,64,,,0,35,,12403,64,,,0,75,,12399,64,,,0,35,,12404,64,,,0
6700,'294e58fc-bc13-4a33-bb1d-a337996c2e9c',655,,13559,89,,,0,70,,13561,89,,,0,76,,13563,89,,,0,35,,13565,89,,,0,71,,13562,89,,,0,30,,13557,89,,,0,100,,13569,89,,,0,522,,13566,89,,,0,75,,13567,89,,,0,75,,13571,89,,,0,35,,13558,89,,,0,71,,13568,89,,,0,100,,13560,89,,,0,100,,13564,89,,,0
6700,'8ab1f009-ab59-4a8c-9771-20e344a37dba',654,,13576,89,,,0,100,,13577,89,,,0,100,,13579,89,,,0,100,,13578,89,,,0,100,,13581,89,,,0,500,,13580,89,,,0,100,,13572,89,,,0,100,,13573,89,,,0,100,,13574,89,,,0,100,,13575,89,,,0
6700,'8e972226-8e68-4b6a-9fd3-2e7f449277f5',655,,13582,89,,,0,70,,13588,89,,,0,76,,13591,89,,,0,35,,13586,89,,,0,71,,13592,89,,,0,30,,13589,89,,,0,100,,13590,89,,,0,522,,13587,89,,,0,75,,13596,89,,,0,75,,13584,89,,,0,35,,13594,89,,,0,71,,13585,89,,,0,100,,13583,89,,,0,100,,13593,89,,,0
6700,'9493548d-afad-4b26-be65-c3aa23941f37',655,,13600,89,,,0,70,,13607,89,,,0,76,,13608,89,,,0,35,,13599,89,,,0,71,,13605,89,,,0,30,,13601,89,,,0,100,,13602,89,,,0,522,,13598,89,,,0,75,,13603,89,,,0,75,,13610,89,,,0,35,,13604,89,,,0,71,,13597,89,,,0,100,,13606,89,,,0,100,,13609,89,,,0
6700,'9577949b-c1b9-4893-a4cc-d601db41a1fc',655,,13615,89,,,0,70,,13612,89,,,0,76,,13619,89,,,0,35,,13621,89,,,0,71,,13614,89,,,0,30,,13616,89,,,0,100,,13623,89,,,0,522,,13620,89,,,0,75,,13625,89,,,0,75,,13622,89,,,0,35,,13624,89,,,0,71,,13626,89,,,0,100,,13618,89,,,0,100,,13617,89,,,0
6700,'991a1488-6339-4798-a1ff-4cc199131854',655,,13629,89,,,0,70,,13630,89,,,0,76,,13637,89,,,0,35,,13631,89,,,0,71,,13639,89,,,0,30,,13627,89,,,0,100,,13635,89,,,0,522,,13638,89,,,0,75,,13640,89,,,0,75,,13636,89,,,0,35,,13633,89,,,0,71,,13628,89,,,0,100,,13641,89,,,0,100,,13634,89,,,0
6700,'bec99aa0-a127-4e27-ae17-e4c7db42f9ba',954,,13643,89,,,0,200,,13642,89,,,0,200,,13646,89,,,0,200,,13645,89,,,0,200,,13644,89,,,0
