9300,'294e58fc-bc13-4a33-bb1d-a337996c2e9c',630,,14000,6,,,0,70,,14007,6,,,0,35,,13984,6,,,0,75,,13992,6,,,0,35,,13986,6,,,0,75,,14002,6,,,0,35,,13993,6,,,0,75,,13996,6,,,0,75,,13994,6,,,0,35,,13991,6,,,0,75,,13990,6,,,0,35,,14006,6,,,0,75,,14003,6,,,0,75,,14005,6,,,0,35,,14009,6,,,0,75,,13987,6,,,0,35,,13989,6,,,0,90,,14010,6,,,0,80,,13998,6,,,0,40,,13995,6,,,0,80,,13985,6,,,0,70,,13997,6,,,0,30,,14004,6,,,0,70,,14001,6,,,0,30,,13999,6,,,0,70,,13988,6,,,0,30,,14008,6,,,0
9300,'8ab1f009-ab59-4a8c-9771-20e344a37dba',630,,14014,6,,,0,70,,14019,6,,,0,30,,14025,6,,,0,70,,14022,6,,,0,30,,14038,6,,,0,70,,14033,6,,,0,30,,14026,6,,,0,70,,14012,6,,,0,30,,14034,6,,,0,75,,14028,6,,,0,35,,14023,6,,,0,75,,14018,6,,,0,35,,14017,6,,,0,75,,14015,6,,,0,75,,14016,6,,,0,35,,14020,6,,,0,75,,14039,6,,,0,35,,14029,6,,,0,75,,14035,6,,,0,35,,14031,6,,,0,75,,14021,6,,,0,70,,14024,6,,,0,30,,14032,6,,,0,70,,14036,6,,,0,30,,14037,6,,,0,70,,14011,6,,,0,30,,14013,6,,,0,70,,14030,6,,,0,30,,14027,6,,,0
9300,'8e972226-8e68-4b6a-9fd3-2e7f449277f5',630,,14042,6,,,0,70,,14058,6,,,0,35,,14050,6,,,0,75,,14047,6,,,0,35,,14041,6,,,0,75,,14051,6,,,0,35,,14062,6,,,0,75,,14052,6,,,0,75,,14048,6,,,0,35,,14065,6,,,0,75,,14053,6,,,0,35,,14061,6,,,0,75,,14063,6,,,0,75,,14066,6,,,0,35,,14059,6,,,0,75,,14057,6,,,0,35,,14056,6,,,0,90,,14045,6,,,0,80,,14046,6,,,0,40,,14060,6,,,0,80,,14049,6,,,0,70,,14040,6,,,0,30,,14055,6,,,0,70,,14044,6,,,0,30,,14064,6,,,0,70,,14043,6,,,0,30,,14054,6,,,0
9300,'9493548d-afad-4b26-be65-c3aa23941f37',630,,14078,6,,,0,70,,14092,6,,,0,35,,14087,6,,,0,75,,14079,6,,,0,35,,14074,6,,,0,75,,14084,6,,,0,35,,14089,6,,,0,75,,14081,6,,,0,75,,14082,6,,,0,35,,14075,6,,,0,75,,14091,6,,,0,35,,14072,6,,,0,75,,14070,6,,,0,75,,14083,6,,,0,35,,14068,6,,,0,75,,14076,6,,,0,35,,14080,6,,,0,90,,14093,6,,,0,80,,14088,6,,,0,40,,14086,6,,,0,80,,14067,6,,,0,70,,14077,6,,,0,30,,14069,6,,,0,70,,14071,6,,,0,30,,14090,6,,,0,70,,14085,6,,,0,30,,14073,6,,,0
9300,'9577949b-c1b9-4893-a4cc-d601db41a1fc',630,,14118,6,,,0,70,,14111,6,,,0,35,,14102,6,,,0,75,,14094,6,,,0,35,,14117,6,,,0,75,,14107,6,,,0,35,,14105,6,,,0,75,,14108,6,,,0,75,,14101,6,,,0,35,,14099,6,,,0,75,,14115,6,,,0,35,,14104,6,,,0,75,,14112,6,,,0,75,,14113,6,,,0,35,,14100,6,,,0,75,,14116,6,,,0,35,,14114,6,,,0,90,,14109,6,,,0,80,,14096,6,,,0,40,,14097,6,,,0,80,,14110,6,,,0,70,,14119,6,,,0,30,,14095,6,,,0,70,,14106,6,,,0,30,,14098,6,,,0,70,,14103,6,,,0,30,,14120,6,,,0
9300,'991a1488-6339-4798-a1ff-4cc199131854',630,,14139,6,,,0,70,,14137,6,,,0,35,,14146,6,,,0,75,,14142,6,,,0,35,,14135,6,,,0,75,,14141,6,,,0,35,,14124,6,,,0,75,,14127,6,,,0,75,,14147,6,,,0,35,,14128,6,,,0,75,,14121,6,,,0,35,,14140,6,,,0,75,,14122,6,,,0,75,,14126,6,,,0,35,,14123,6,,,0,75,,14129,6,,,0,35,,14134,6,,,0,90,,14132,6,,,0,80,,14125,6,,,0,40,,14130,6,,,0,80,,14138,6,,,0,70,,14145,6,,,0,30,,14144,6,,,0,70,,14143,6,,,0,30,,14136,6,,,0,70,,14133,6,,,0,30,,14131,6,,,0
9300,'bec99aa0-a127-4e27-ae17-e4c7db42f9ba',930,,14163,6,,,0,70,,14159,6,,,0,30,,14157,6,,,0,70,,14153,6,,,0,30,,14151,6,,,0,70,,14154,6,,,0,35,,14148,6,,,0,75,,14158,6,,,0,35,,14156,6,,,0,75,,14155,6,,,0,35,,14161,6,,,0,75,,14152,6,,,0,75,,14160,6,,,0,35,,14150,6,,,0,75,,14162,6,,,0,35,,14149,6,,,0
9300,'c38342c9-8898-48ff-bb56-4ee52481c507',1000,,14165,6,,,0,45,,14167,6,,,0,90,,14169,6,,,0,85,,14170,6,,,0,90,,14172,6,,,0,45,,14166,6,,,0,90,,14171,6,,,0,85,,14173,6,,,0,90,,14164,6,,,0,85,,14168,6,,,0,50,,14174,6,,,0
9400,'294e58fc-bc13-4a33-bb1d-a337996c2e9c',625,,14194,4,,,0,75,,14205,4,,,0,20,,14195,4,,,0,20,,14199,4,,,0,60,,14204,4,,,0,20,,14184,4,,,0,20,,14187,4,,,0,60,,14193,4,,,0,20,,14175,5,,,0,35,,14203,4,,,0,80,,14198,4,,,0,80,,14183,4,,,0,40,,14185,4,,,0,80,,14177,4,,,0,80,,14206,4,,,0,85,,14189,4,,,0,40,,14202,4,,,0,60,,14188,4,,,0,20,,14186,4,,,0,20,,14201,4,,,0,60,,14197,4,,,0,20,,14176,4,,,0,20,,14192,4,,,0,60,,14179,5,,,0,20,,14181,4,,,0,80,,14178,4,,,0,35,,14182,4,,,0,75,,14196,4,,,0,35,,14180,4,,,0,75,,14191,4,,,0,80,,14190,4,,,0,35,,14200,5,,,0
9400,'8ab1f009-ab59-4a8c-9771-20e344a37dba',630,,14223,4,,,0,75,,14220,4,,,0,35,,14212,4,,,0,75,,14215,4,,,0,35,,14213,4,,,0,75,,14231,4,,,0,75,,14225,4,,,0,35,,14227,4,,,0,75,,14218,4,,,0,40,,14207,4,,,0,80,,14214,4,,,0,80,,14216,4,,,0,90,,14226,4,,,0,40,,14228,4,,,0,80,,14209,4,,,0,80,,14221,4,,,0,40,,14219,4,,,0,80,,14217,4,,,0,80,,14222,4,,,0,35,,14224,4,,,0,75,,14208,4,,,0,35,,14210,4,,,0,75,,14211,4,,,0,80,,14229,4,,,0,35,,14230,5,,,0
9400,'8e972226-8e68-4b6a-9fd3-2e7f449277f5',625,,14260,4,,,0,75,,14239,4,,,0,20,,14257,4,,,0,20,,14245,4,,,0,60,,14236,4,,,0,20,,14250,4,,,0,20,,14240,4,,,0,60,,14249,4,,,0,20,,14254,5,,,0,35,,14251,4,,,0,80,,14244,4,,,0,80,,14248,4,,,0,40,,14246,4,,,0,80,,14262,4,,,0,80,,14259,4,,,0,85,,14256,4,,,0,40,,14233,4,,,0,60,,14234,4,,,0,20,,14242,4,,,0,20,,14243,4,,,0,60,,14235,4,,,0,20,,14253,4,,,0,20,,14263,4,,,0,60,,14252,5,,,0,20,,14261,4,,,0,80,,14247,4,,,0,35,,14237,4,,,0,75,,14241,4,,,0,35,,14255,4,,,0,75,,14238,4,,,0,80,,14258,4,,,0,35,,14232,5,,,0
9400,'9493548d-afad-4b26-be65-c3aa23941f37',625,,14269,4,,,0,75,,14289,4,,,0,20,,14266,4,,,0,20,,14286,4,,,0,60,,14277,4,,,0,20,,14278,4,,,0,20,,14275,4,,,0,60,,14270,4,,,0,20,,14290,5,,,0,35,,14293,4,,,0,80,,14285,4,,,0,80,,14265,4,,,0,40,,14295,4,,,0,80,,14274,4,,,0,80,,14288,4,,,0,85,,14292,4,,,0,40,,14279,4,,,0,60,,14267,4,,,0,20,,14280,4,,,0,20,,14273,4,,,0,60,,14287,4,,,0,20,,14268,4,,,0,20,,14272,4,,,0,60,,14276,5,,,0,20,,14283,4,,,0,80,,14294,4,,,0,35,,14282,4,,,0,75,,14284,4,,,0,35,,14291,4,,,0,75,,14271,4,,,0,80,,14281,4,,,0,35,,14264,5,,,0
9400,'9577949b-c1b9-4893-a4cc-d601db41a1fc',625,,14317,4,,,0,75,,14322,4,,,0,20,,14326,4,,,0,20,,14310,4,,,0,60,,14308,4,,,0,20,,14303,4,,,0,20,,14304,4,,,0,60,,14297,4,,,0,20,,14315,5,,,0,35,,14323,4,,,0,80,,14298,4,,,0,80,,14306,4,,,0,40,,14309,4,,,0,80,,14319,4,,,0,80,,14321,4,,,0,85,,14307,4,,,0,40,,14299,4,,,0,60,,14314,4,,,0,20,,14324,4,,,0,20,,14296,4,,,0,60,,14320,4,,,0,20,,14301,4,,,0,20,,14311,4,,,0,60,,14300,5,,,0,20,,14327,4,,,0,80,,14325,4,,,0,35,,14302,4,,,0,75,,14316,4,,,0,35,,14318,4,,,0,75,,14312,4,,,0,80,,14305,4,,,0,35,,14313,5,,,0
9400,'991a1488-6339-4798-a1ff-4cc199131854',625,,14329,4,,,0,75,,14335,4,,,0,20,,14331,4,,,0,20,,14337,4,,,0,60,,14358,4,,,0,20,,14347,4,,,0,20,,14334,4,,,0,60,,14348,4,,,0,20,,14345,5,,,0,35,,14333,4,,,0,80,,14343,4,,,0,80,,14355,4,,,0,40,,14332,4,,,0,80,,14339,4,,,0,80,,14359,4,,,0,85,,14349,4,,,0,40,,14354,4,,,0,60,,14342,4,,,0,20,,14340,4,,,0,20,,14330,4,,,0,60,,14357,4,,,0,20,,14350,4,,,0,20,,14351,4,,,0,60,,14346,5,,,0,20,,14344,4,,,0,80,,14353,4,,,0,35,,14328,4,,,0,75,,14341,4,,,0,35,,14356,4,,,0,75,,14336,4,,,0,80,,14338,4,,,0,35,,14352,5,,,0
9400,'bec99aa0-a127-4e27-ae17-e4c7db42f9ba',930,,14365,4,,,0,75,,14363,4,,,0,35,,14361,4,,,0,75,,14364,4,,,0,35,,14374,4,,,0,75,,14372,4,,,0,75,,14360,4,,,0,35,,14368,4,,,0,75,,14367,4,,,0,35,,14369,4,,,0,75,,14362,4,,,0,35,,14371,4,,,0,75,,14370,4,,,0,75,,14366,4,,,0,35,,14373,5,,,0
9400,'c38342c9-8898-48ff-bb56-4ee52481c507',1030,,14383,4,,,0,85,,14381,4,,,0,90,,14382,4,,,0,45,,14375,4,,,0,90,,14377,4,,,0,85,,14378,4,,,0,90,,14384,4,,,0,85,,14376,4,,,0,50,,14379,4,,,0,85,,14380,4,,,0
