8100,'3b7f0ccc-4b86-44f9-804c-3016d4439aa6',2147,,10018,134,,,0
8100,'545fdaed-298a-4873-ae9e-185363247123',1053,,10024,154,,,0,100,,10022,154,,,0,200,,10023,154,,,0,100,,10020,154,,,0,100,,10021,154,,,0,100,,10025,154,,,0,100,,10019,149,,,0
8100,'72a07536-7ac5-462d-91fd-4adacd8d70a1',2147,,10026,134,,,0
8100,'b5be936f-506a-42fd-8fe9-aa394bb7d40c',2147,,10027,134,,,0
8100,'c0258e04-8c49-4a98-8bc9-d3680145007e',2147,,10028,134,,,0
8100,'db4ab86b-f5f5-4d9a-8c75-2988ac0b1af4',653,,10038,154,,,0,100,,10041,154,,,0,100,,10031,154,,,0,200,,10033,154,,,0,100,,10029,154,,,0,100,,10034,154,,,0,200,,10037,154,,,0,100,,10032,154,,,0,100,,10039,154,,,0,100,,10035,154,,,0,100,,10042,154,,,0,100,,10040,154,,,0,100,,10036,154,,,0,94,,10030,134,,,0
8100,'fbc81037-9cf3-4a4d-b4aa-43897a8ca294',2147,,10043,134,,,0
8500,'3b7f0ccc-4b86-44f9-804c-3016d4439aa6',650,,10047,78,,,0,100,,10049,185,,,0,100,,10048,185,,,0,100,,10056,185,,,0,100,,10053,185,,,0,100,,10055,185,,,0,100,,10062,185,,,0,100,,10054,185,,,0,100,,10051,185,,,0,100,,10050,185,,,0,100,,10052,185,,,0,100,,10059,185,,,0,100,,10060,185,,,0,100,,10061,185,,,0,100,,10058,185,,,0,100,,10057,185,,,0
8500,'72a07536-7ac5-462d-91fd-4adacd8d70a1',650,,10076,78,,,0,100,,10073,185,,,0,100,,10063,185,,,0,100,,10066,185,,,0,100,,10072,185,,,0,100,,10077,185,,,0,100,,10071,185,,,0,100,,10070,185,,,0,100,,10064,185,,,0,100,,10068,185,,,0,100,,10069,185,,,0,100,,10078,185,,,0,100,,10075,185,,,0,100,,10074,185,,,0,100,,10067,185,,,0,100,,10065,185,,,0
8500,'b5be936f-506a-42fd-8fe9-aa394bb7d40c',650,,10090,78,,,0,100,,10080,185,,,0,100,,10094,185,,,0,100,,10093,185,,,0,100,,10091,185,,,0,100,,10079,185,,,0,100,,10085,185,,,0,100,,10083,185,,,0,100,,10089,185,,,0,100,,10088,185,,,0,100,,10082,185,,,0,100,,10081,185,,,0,100,,10092,185,,,0,100,,10087,185,,,0,100,,10084,185,,,0,100,,10086,185,,,0
8500,'c0258e04-8c49-4a98-8bc9-d3680145007e',650,,10099,78,,,0,100,,10107,185,,,0,100,,10110,185,,,0,100,,10101,185,,,0,100,,10108,185,,,0,100,,10095,185,,,0,100,,10098,185,,,0,100,,10104,185,,,0,100,,10106,185,,,0,100,,10102,185,,,0,100,,10105,185,,,0,100,,10100,185,,,0,100,,10103,185,,,0,100,,10096,185,,,0,100,,10109,185,,,0,100,,10097,185,,,0
8500,'fbc81037-9cf3-4a4d-b4aa-43897a8ca294',650,,10113,78,,,0,100,,10119,185,,,0,100,,10124,185,,,0,100,,10111,185,,,0,100,,10123,185,,,0,100,,10112,185,,,0,100,,10115,185,,,0,100,,10117,185,,,0,100,,10125,185,,,0,100,,10118,185,,,0,100,,10114,185,,,0,100,,10121,185,,,0,100,,10116,185,,,0,100,,10122,185,,,0,100,,10126,185,,,0,100,,10120,185,,,0
