8100,'294e58fc-bc13-4a33-bb1d-a337996c2e9c',2134,,13736,31,,,0
8100,'8ab1f009-ab59-4a8c-9771-20e344a37dba',2134,,13748,31,,,0
8100,'8e972226-8e68-4b6a-9fd3-2e7f449277f5',2134,,13751,31,,,0
8100,'9493548d-afad-4b26-be65-c3aa23941f37',2134,,13752,31,,,0
8100,'9577949b-c1b9-4893-a4cc-d601db41a1fc',2134,,13753,31,,,0
8100,'991a1488-6339-4798-a1ff-4cc199131854',2134,,13754,31,,,0
8100,'bec99aa0-a127-4e27-ae17-e4c7db42f9ba',1815,,13757,250,,,0
8100,'c38342c9-8898-48ff-bb56-4ee52481c507',1019,,13763,31,,,0,100,,13762,31,,,0,100,,13769,31,,,0,100,,13764,31,,,0,100,,13770,31,,,0,100,,13767,31,,,0,100,,13766,31,,,0,100,,13765,31,,,0,100,,13768,31,,,0
8200,'8ab1f009-ab59-4a8c-9771-20e344a37dba',948,,13771,132,,,0,400,,13772,132,,,0
8200,'bec99aa0-a127-4e27-ae17-e4c7db42f9ba',1248,,13773,132,,,0
8500,'294e58fc-bc13-4a33-bb1d-a337996c2e9c',715,,13774,52,,,0,100,,13789,52,,,0,100,,13787,52,,,0,100,,13775,52,,,0,100,,13776,52,,,0,100,,13778,52,,,0,100,,13780,52,,,0,100,,13788,52,,,0,100,,13782,52,,,0,100,,13785,52,,,0,100,,13784,52,,,0,100,,13779,52,,,0,100,,13777,52,,,0,100,,13781,52,,,0,100,,13786,52,,,0
8500,'8e972226-8e68-4b6a-9fd3-2e7f449277f5',715,,13796,52,,,0,100,,13801,52,,,0,100,,13804,52,,,0,100,,13792,52,,,0,100,,13791,52,,,0,100,,13794,52,,,0,100,,13800,52,,,0,100,,13798,52,,,0,100,,13790,52,,,0,100,,13793,52,,,0,100,,13805,52,,,0,100,,13795,52,,,0,100,,13797,52,,,0,100,,13803,52,,,0,100,,13799,52,,,0
8500,'9493548d-afad-4b26-be65-c3aa23941f37',715,,13812,52,,,0,100,,13809,52,,,0,100,,13816,52,,,0,100,,13807,52,,,0,100,,13810,52,,,0,100,,13815,52,,,0,100,,13811,52,,,0,100,,13814,52,,,0,100,,13813,52,,,0,100,,13821,52,,,0,100,,13806,52,,,0,100,,13817,52,,,0,100,,13820,52,,,0,100,,13808,52,,,0,100,,13819,52,,,0
8500,'9577949b-c1b9-4893-a4cc-d601db41a1fc',715,,13826,52,,,0,100,,13836,52,,,0,100,,13830,52,,,0,100,,13832,52,,,0,100,,13833,52,,,0,100,,13834,52,,,0,100,,13837,52,,,0,100,,13824,52,,,0,100,,13827,52,,,0,100,,13825,52,,,0,100,,13823,52,,,0,100,,13831,52,,,0,100,,13828,52,,,0,100,,13822,52,,,0,100,,13829,52,,,0
8500,'991a1488-6339-4798-a1ff-4cc199131854',715,,13839,52,,,0,100,,13838,52,,,0,100,,13843,52,,,0,100,,13844,52,,,0,100,,13849,52,,,0,100,,13846,52,,,0,100,,13845,52,,,0,100,,13847,52,,,0,100,,13848,52,,,0,100,,13841,52,,,0,100,,13853,52,,,0,100,,13851,52,,,0,100,,13840,52,,,0,100,,13842,52,,,0,100,,13850,52,,,0
