8100,'3b7f0ccc-4b86-44f9-804c-3016d4439aa6',2209,,10018,194,,,0
8100,'545fdaed-298a-4873-ae9e-185363247123',1112,,10024,230,,,0,100,,10022,230,,,0,200,,10023,230,,,0,100,,10020,230,,,0,100,,10021,230,,,0,100,,10025,230,,,0,96,,10019,210,,,0
8100,'72a07536-7ac5-462d-91fd-4adacd8d70a1',2209,,10026,194,,,0
8100,'b5be936f-506a-42fd-8fe9-aa394bb7d40c',2209,,10027,194,,,0
8100,'c0258e04-8c49-4a98-8bc9-d3680145007e',2209,,10028,194,,,0
8100,'db4ab86b-f5f5-4d9a-8c75-2988ac0b1af4',712,,10038,230,,,0,100,,10041,230,,,0,100,,10031,230,,,0,200,,10033,230,,,0,100,,10029,230,,,0,100,,10034,230,,,0,200,,10037,230,,,0,100,,10032,230,,,0,100,,10039,230,,,0,100,,10035,230,,,0,100,,10042,230,,,0,100,,10040,230,,,0,100,,10036,230,,,0,97,,10030,194,,,0
8100,'fbc81037-9cf3-4a4d-b4aa-43897a8ca294',2209,,10043,194,,,0
8500,'3b7f0ccc-4b86-44f9-804c-3016d4439aa6',705,,10047,138,,,0,100,,10049,245,,,0,100,,10048,245,,,0,100,,10056,245,,,0,100,,10053,245,,,0,100,,10055,245,,,0,100,,10062,245,,,0,100,,10054,245,,,0,100,,10051,245,,,0,100,,10050,245,,,0,100,,10052,245,,,0,100,,10059,245,,,0,100,,10060,245,,,0,100,,10061,245,,,0,100,,10058,245,,,0,100,,10057,245,,,0
8500,'72a07536-7ac5-462d-91fd-4adacd8d70a1',705,,10076,138,,,0,100,,10073,245,,,0,100,,10063,245,,,0,100,,10066,245,,,0,100,,10072,245,,,0,100,,10077,245,,,0,100,,10071,245,,,0,100,,10070,245,,,0,100,,10064,245,,,0,100,,10068,245,,,0,100,,10069,245,,,0,100,,10078,245,,,0,100,,10075,245,,,0,100,,10074,245,,,0,100,,10067,245,,,0,100,,10065,245,,,0
8500,'b5be936f-506a-42fd-8fe9-aa394bb7d40c',705,,10090,138,,,0,100,,10080,245,,,0,100,,10094,245,,,0,100,,10093,245,,,0,100,,10091,245,,,0,100,,10079,245,,,0,100,,10085,245,,,0,100,,10083,245,,,0,100,,10089,245,,,0,100,,10088,245,,,0,100,,10082,245,,,0,100,,10081,245,,,0,100,,10092,245,,,0,100,,10087,245,,,0,100,,10084,245,,,0,100,,10086,245,,,0
8500,'c0258e04-8c49-4a98-8bc9-d3680145007e',705,,10099,138,,,0,100,,10107,245,,,0,100,,10110,245,,,0,100,,10101,245,,,0,100,,10108,245,,,0,100,,10095,245,,,0,100,,10098,245,,,0,100,,10104,245,,,0,100,,10106,245,,,0,100,,10102,245,,,0,100,,10105,245,,,0,100,,10100,245,,,0,100,,10103,245,,,0,100,,10096,245,,,0,100,,10109,245,,,0,100,,10097,245,,,0
8500,'fbc81037-9cf3-4a4d-b4aa-43897a8ca294',705,,10113,138,,,0,100,,10119,245,,,0,100,,10124,245,,,0,100,,10111,245,,,0,100,,10123,245,,,0,100,,10112,245,,,0,100,,10115,245,,,0,100,,10117,245,,,0,100,,10125,245,,,0,100,,10118,245,,,0,100,,10114,245,,,0,100,,10121,245,,,0,100,,10116,245,,,0,100,,10122,245,,,0,100,,10126,245,,,0,100,,10120,245,,,0
