8100,'3b7f0ccc-4b86-44f9-804c-3016d4439aa6',2135,,10018,39,,,0
8100,'545fdaed-298a-4873-ae9e-185363247123',1815,,10019,258,,,0
8100,'72a07536-7ac5-462d-91fd-4adacd8d70a1',2135,,10026,39,,,0
8100,'b5be936f-506a-42fd-8fe9-aa394bb7d40c',2135,,10027,39,,,0
8100,'c0258e04-8c49-4a98-8bc9-d3680145007e',2135,,10028,39,,,0
8100,'db4ab86b-f5f5-4d9a-8c75-2988ac0b1af4',2135,,10030,39,,,0
8100,'fbc81037-9cf3-4a4d-b4aa-43897a8ca294',2135,,10043,39,,,0
8200,'545fdaed-298a-4873-ae9e-185363247123',1248,,10044,141,,,0
8200,'db4ab86b-f5f5-4d9a-8c75-2988ac0b1af4',948,,10046,141,,,0,400,,10045,141,,,0
8500,'3b7f0ccc-4b86-44f9-804c-3016d4439aa6',716,,10049,57,,,0,100,,10048,57,,,0,100,,10056,57,,,0,100,,10053,57,,,0,100,,10055,57,,,0,100,,10062,57,,,0,100,,10054,57,,,0,100,,10051,57,,,0,100,,10050,57,,,0,100,,10052,57,,,0,100,,10059,57,,,0,100,,10060,57,,,0,100,,10061,57,,,0,100,,10058,57,,,0,100,,10057,58,,,0
8500,'72a07536-7ac5-462d-91fd-4adacd8d70a1',716,,10073,57,,,0,100,,10063,57,,,0,100,,10066,57,,,0,100,,10072,57,,,0,100,,10077,57,,,0,100,,10071,57,,,0,100,,10070,57,,,0,100,,10064,57,,,0,100,,10068,57,,,0,100,,10069,57,,,0,100,,10078,57,,,0,100,,10075,57,,,0,100,,10074,57,,,0,100,,10067,57,,,0,100,,10065,58,,,0
8500,'b5be936f-506a-42fd-8fe9-aa394bb7d40c',716,,10080,57,,,0,100,,10094,57,,,0,100,,10093,57,,,0,100,,10091,57,,,0,100,,10079,57,,,0,100,,10085,57,,,0,100,,10083,57,,,0,100,,10089,57,,,0,100,,10088,57,,,0,100,,10082,57,,,0,100,,10081,57,,,0,100,,10092,57,,,0,100,,10087,57,,,0,100,,10084,57,,,0,100,,10086,58,,,0
8500,'c0258e04-8c49-4a98-8bc9-d3680145007e',716,,10107,57,,,0,100,,10110,57,,,0,100,,10101,57,,,0,100,,10108,57,,,0,100,,10095,57,,,0,100,,10098,57,,,0,100,,10104,57,,,0,100,,10106,57,,,0,100,,10102,57,,,0,100,,10105,57,,,0,100,,10100,57,,,0,100,,10103,57,,,0,100,,10096,57,,,0,100,,10109,57,,,0,100,,10097,58,,,0
8500,'fbc81037-9cf3-4a4d-b4aa-43897a8ca294',716,,10119,57,,,0,100,,10124,57,,,0,100,,10111,57,,,0,100,,10123,57,,,0,100,,10112,57,,,0,100,,10115,57,,,0,100,,10117,57,,,0,100,,10125,57,,,0,100,,10118,57,,,0,100,,10114,57,,,0,100,,10121,57,,,0,100,,10116,57,,,0,100,,10122,57,,,0,100,,10126,57,,,0,100,,10120,58,,,0
