6100,'294e58fc-bc13-4a33-bb1d-a337996c2e9c',559,,12451,125,,,0,75,,12417,125,,,0,75,,12428,125,,,0,16,,12424,125,,,0,21,,12444,125,,,0,62,,12418,125,,,0,20,,12440,125,,,0,20,,12454,125,,,0,60,,12436,125,,,0,18,,12442,125,,,0,22,,12453,125,,,0,80,,12432,125,,,0,80,,12437,125,,,0,40,,12416,125,,,0,80,,12447,125,,,0,80,,12430,125,,,0,20,,12446,125,,,0,25,,12426,125,,,0,60,,12438,125,,,0,23,,12450,125,,,0,20,,12429,125,,,0,65,,12443,125,,,0,21,,12414,125,,,0,65,,12445,125,,,0,20,,12422,125,,,0,25,,12448,125,,,0,60,,12413,125,,,0,24,,12434,125,,,0,20,,12423,125,,,0,63,,12435,125,,,0,20,,12421,125,,,0,20,,12419,125,,,0,60,,12441,125,,,0,16,,12439,125,,,0,20,,12420,125,,,0,55,,12425,125,,,0,35,,12431,125,,,0,77,,12452,125,,,0,33,,12433,125,,,0,75,,12415,125,,,0,75,,12427,125,,,0,31,,12449,125,,,0
6100,'8ab1f009-ab59-4a8c-9771-20e344a37dba',635,,12459,125,,,0,92,,12455,125,,,0,80,,12460,125,,,0,40,,12457,125,,,0,80,,12466,125,,,0,80,,12467,125,,,0,40,,12474,125,,,0,83,,12470,125,,,0,85,,12471,125,,,0,85,,12475,125,,,0,45,,12469,125,,,0,85,,12461,125,,,0,85,,12472,125,,,0,85,,12476,125,,,0,45,,12458,125,,,0,85,,12465,125,,,0,85,,12462,125,,,0,40,,12456,125,,,0,75,,12478,125,,,0,75,,12468,125,,,0,35,,12473,125,,,0,75,,12477,125,,,0,35,,12464,125,,,0,72,,12463,128,,,0
6100,'8e972226-8e68-4b6a-9fd3-2e7f449277f5',559,,12491,125,,,0,75,,12483,125,,,0,75,,12513,125,,,0,16,,12498,125,,,0,21,,12485,125,,,0,62,,12510,125,,,0,20,,12519,125,,,0,20,,12490,125,,,0,60,,12507,125,,,0,18,,12520,125,,,0,22,,12504,125,,,0,80,,12508,125,,,0,80,,12511,125,,,0,40,,12484,125,,,0,80,,12515,125,,,0,80,,12512,125,,,0,20,,12482,125,,,0,25,,12516,125,,,0,60,,12488,125,,,0,23,,12492,125,,,0,20,,12481,125,,,0,65,,12487,125,,,0,21,,12495,125,,,0,65,,12489,125,,,0,20,,12509,125,,,0,25,,12494,125,,,0,60,,12500,125,,,0,24,,12497,125,,,0,20,,12503,125,,,0,63,,12479,125,,,0,20,,12501,125,,,0,20,,12514,125,,,0,60,,12496,125,,,0,16,,12486,125,,,0,20,,12517,125,,,0,55,,12518,125,,,0,35,,12480,125,,,0,77,,12502,125,,,0,33,,12499,125,,,0,75,,12506,125,,,0,75,,12505,125,,,0,31,,12493,125,,,0
6100,'9493548d-afad-4b26-be65-c3aa23941f37',559,,12551,125,,,0,75,,12525,125,,,0,75,,12545,125,,,0,16,,12559,125,,,0,21,,12535,125,,,0,62,,12523,125,,,0,20,,12522,125,,,0,20,,12562,125,,,0,60,,12547,125,,,0,18,,12552,125,,,0,22,,12538,125,,,0,80,,12540,125,,,0,80,,12544,125,,,0,40,,12531,125,,,0,80,,12557,125,,,0,80,,12533,125,,,0,20,,12527,125,,,0,25,,12558,125,,,0,60,,12541,125,,,0,23,,12556,125,,,0,20,,12549,125,,,0,65,,12543,125,,,0,21,,12532,125,,,0,65,,12550,125,,,0,20,,12530,125,,,0,25,,12537,125,,,0,60,,12529,125,,,0,24,,12534,125,,,0,20,,12555,125,,,0,63,,12554,125,,,0,20,,12528,125,,,0,20,,12546,125,,,0,60,,12553,125,,,0,16,,12526,125,,,0,20,,12536,125,,,0,55,,12548,125,,,0,35,,12560,125,,,0,77,,12561,125,,,0,33,,12542,125,,,0,75,,12539,125,,,0,75,,12521,125,,,0,31,,12524,125,,,0
6100,'9577949b-c1b9-4893-a4cc-d601db41a1fc',559,,12576,125,,,0,75,,12564,125,,,0,75,,12594,125,,,0,16,,12573,125,,,0,21,,12599,125,,,0,62,,12567,125,,,0,20,,12596,125,,,0,20,,12580,125,,,0,60,,12575,125,,,0,18,,12600,125,,,0,22,,12586,125,,,0,80,,12603,125,,,0,80,,12588,125,,,0,40,,12566,125,,,0,80,,12591,125,,,0,80,,12568,125,,,0,20,,12587,125,,,0,25,,12565,125,,,0,60,,12590,125,,,0,23,,12570,125,,,0,20,,12593,125,,,0,65,,12595,125,,,0,21,,12569,125,,,0,65,,12581,125,,,0,20,,12572,125,,,0,25,,12578,125,,,0,60,,12579,125,,,0,24,,12584,125,,,0,20,,12589,125,,,0,63,,12604,125,,,0,20,,12574,125,,,0,20,,12582,125,,,0,60,,12592,125,,,0,16,,12585,125,,,0,20,,12598,125,,,0,55,,12601,125,,,0,35,,12571,125,,,0,77,,12577,125,,,0,33,,12602,125,,,0,75,,12597,125,,,0,75,,12563,125,,,0,31,,12583,125,,,0
6100,'991a1488-6339-4798-a1ff-4cc199131854',559,,12641,125,,,0,75,,12616,125,,,0,75,,12635,125,,,0,16,,12643,125,,,0,21,,12634,125,,,0,62,,12621,125,,,0,20,,12622,125,,,0,20,,12624,125,,,0,60,,12619,125,,,0,18,,12633,125,,,0,22,,12636,125,,,0,80,,12628,125,,,0,80,,12639,125,,,0,40,,12615,125,,,0,80,,12645,125,,,0,80,,12638,125,,,0,20,,12609,125,,,0,25,,12606,125,,,0,60,,12610,125,,,0,23,,12626,125,,,0,20,,12617,125,,,0,65,,12611,125,,,0,21,,12623,125,,,0,65,,12629,125,,,0,20,,12630,125,,,0,25,,12605,125,,,0,60,,12640,125,,,0,24,,12631,125,,,0,20,,12612,125,,,0,63,,12646,125,,,0,20,,12627,125,,,0,20,,12618,125,,,0,60,,12614,125,,,0,16,,12608,125,,,0,20,,12607,125,,,0,55,,12644,125,,,0,35,,12637,125,,,0,77,,12632,125,,,0,33,,12620,125,,,0,75,,12613,125,,,0,75,,12625,125,,,0,31,,12642,125,,,0
6100,'bec99aa0-a127-4e27-ae17-e4c7db42f9ba',956,,12647,125,,,0,81,,12654,125,,,0,80,,12653,125,,,0,40,,12656,125,,,0,80,,12648,125,,,0,80,,12652,125,,,0,40,,12657,125,,,0,80,,12651,125,,,0,80,,12655,125,,,0,40,,12650,125,,,0,80,,12649,125,,,0,80,,12659,125,,,0,38,,12658,128,,,0
6100,'c38342c9-8898-48ff-bb56-4ee52481c507',1030,,12673,125,,,0,75,,12664,125,,,0,35,,12669,125,,,0,75,,12663,125,,,0,35,,12671,125,,,0,75,,12660,125,,,0,75,,12665,125,,,0,35,,12668,125,,,0,75,,12667,125,,,0,35,,12672,125,,,0,75,,12666,125,,,0,35,,12662,125,,,0,80,,12670,125,,,0,75,,12674,125,,,0,35,,12661,125,,,0
6600,'294e58fc-bc13-4a33-bb1d-a337996c2e9c',717,,13494,225,,,0,110,,13489,225,,,0,130,,13496,225,,,0,149,,13493,225,,,0,111,,13491,225,,,0,114,,13490,279,0,8,0,111,,13488,225,,,0,110,,13498,225,,,0,150,,13499,225,,,0,110,,13497,225,,,0,114,,13495,279,0,8,0,105,,13492,225,,,0
6600,'8ab1f009-ab59-4a8c-9771-20e344a37dba',717,,13500,225,,,0,100,,13503,225,,,0,800,,13504,225,,,0,100,,13501,225,,,0,100,,13502,225,,,0
6600,'8e972226-8e68-4b6a-9fd3-2e7f449277f5',717,,13506,225,,,0,110,,13507,225,,,0,130,,13505,225,,,0,149,,13510,225,,,0,111,,13508,225,,,0,114,,13514,279,0,8,0,111,,13512,225,,,0,110,,13513,225,,,0,150,,13511,225,,,0,110,,13515,225,,,0,114,,13516,279,0,8,0,105,,13509,225,,,0
6600,'9493548d-afad-4b26-be65-c3aa23941f37',717,,13525,225,,,0,110,,13519,225,,,0,130,,13527,225,,,0,149,,13518,225,,,0,111,,13524,225,,,0,114,,13517,279,0,8,0,111,,13523,225,,,0,110,,13521,225,,,0,150,,13528,225,,,0,110,,13522,225,,,0,114,,13526,279,0,8,0,105,,13520,225,,,0
6600,'9577949b-c1b9-4893-a4cc-d601db41a1fc',717,,13529,225,,,0,110,,13539,225,,,0,130,,13536,225,,,0,149,,13537,225,,,0,111,,13538,225,,,0,114,,13533,279,0,8,0,111,,13531,225,,,0,110,,13534,225,,,0,150,,13540,225,,,0,110,,13530,225,,,0,114,,13535,279,0,8,0,105,,13532,225,,,0
6600,'991a1488-6339-4798-a1ff-4cc199131854',717,,13541,225,,,0,110,,13551,225,,,0,130,,13543,225,,,0,149,,13550,225,,,0,111,,13549,225,,,0,114,,13548,279,0,8,0,111,,13542,225,,,0,110,,13547,225,,,0,150,,13546,225,,,0,110,,13545,225,,,0,114,,13544,279,0,8,0,105,,13552,225,,,0
6600,'bec99aa0-a127-4e27-ae17-e4c7db42f9ba',1117,,13554,225,,,0,200,,13556,225,,,0,200,,13553,225,,,0,200,,13555,225,,,0
