8100,'294e58fc-bc13-4a33-bb1d-a337996c2e9c',2217,,13736,209,,,0
8100,'8ab1f009-ab59-4a8c-9771-20e344a37dba',717,,13746,247,,,0,100,,13737,247,,,0,100,,13743,247,,,0,200,,13744,247,,,0,100,,13745,247,,,0,100,,13738,247,,,0,200,,13739,247,,,0,100,,13750,247,,,0,100,,13742,247,,,0,100,,13741,247,,,0,100,,13747,247,,,0,100,,13749,247,,,0,100,,13740,247,,,0,100,,13748,209,,,0
8100,'8e972226-8e68-4b6a-9fd3-2e7f449277f5',2217,,13751,209,,,0
8100,'9493548d-afad-4b26-be65-c3aa23941f37',2217,,13752,209,,,0
8100,'9577949b-c1b9-4893-a4cc-d601db41a1fc',2217,,13753,209,,,0
8100,'991a1488-6339-4798-a1ff-4cc199131854',2217,,13754,209,,,0
8100,'bec99aa0-a127-4e27-ae17-e4c7db42f9ba',1117,,13755,247,,,0,100,,13756,247,,,0,200,,13760,247,,,0,100,,13759,247,,,0,100,,13758,247,,,0,100,,13761,247,,,0,94,,13757,227,,,0
8100,'c38342c9-8898-48ff-bb56-4ee52481c507',1102,,13763,209,,,0,100,,13762,209,,,0,100,,13769,209,,,0,100,,13764,209,,,0,100,,13770,209,,,0,100,,13767,209,,,0,100,,13766,209,,,0,100,,13765,209,,,0,100,,13768,209,,,0
8200,'8ab1f009-ab59-4a8c-9771-20e344a37dba',1017,,13771,313,,,0,400,,13772,313,,,0
8200,'bec99aa0-a127-4e27-ae17-e4c7db42f9ba',1317,,13773,313,,,0
