8100,'294e58fc-bc13-4a33-bb1d-a337996c2e9c',2136,,13736,45,,,0
8100,'8ab1f009-ab59-4a8c-9771-20e344a37dba',2136,,13748,45,,,0
8100,'8e972226-8e68-4b6a-9fd3-2e7f449277f5',2136,,13751,45,,,0
8100,'9493548d-afad-4b26-be65-c3aa23941f37',2136,,13752,45,,,0
8100,'9577949b-c1b9-4893-a4cc-d601db41a1fc',2136,,13753,45,,,0
8100,'991a1488-6339-4798-a1ff-4cc199131854',2136,,13754,45,,,0
8100,'bec99aa0-a127-4e27-ae17-e4c7db42f9ba',1816,,13757,264,,,0
8100,'c38342c9-8898-48ff-bb56-4ee52481c507',1021,,13763,45,,,0,100,,13762,45,,,0,100,,13769,45,,,0,100,,13764,45,,,0,100,,13770,45,,,0,100,,13767,45,,,0,100,,13766,45,,,0,100,,13765,45,,,0,100,,13768,45,,,0
8200,'8ab1f009-ab59-4a8c-9771-20e344a37dba',949,,13771,151,,,0,400,,13772,151,,,0
8200,'bec99aa0-a127-4e27-ae17-e4c7db42f9ba',1249,,13773,151,,,0
8500,'294e58fc-bc13-4a33-bb1d-a337996c2e9c',718,,13774,62,,,0,100,,13789,62,,,0,100,,13787,62,,,0,100,,13775,62,,,0,100,,13776,62,,,0,100,,13778,62,,,0,100,,13780,62,,,0,100,,13788,62,,,0,100,,13782,62,,,0,100,,13785,62,,,0,100,,13784,62,,,0,100,,13779,62,,,0,100,,13777,62,,,0,100,,13781,62,,,0,100,,13786,64,,,0
8500,'8e972226-8e68-4b6a-9fd3-2e7f449277f5',718,,13796,62,,,0,100,,13801,62,,,0,100,,13804,62,,,0,100,,13792,62,,,0,100,,13791,62,,,0,100,,13794,62,,,0,100,,13800,62,,,0,100,,13798,62,,,0,100,,13790,62,,,0,100,,13793,62,,,0,100,,13805,62,,,0,100,,13795,62,,,0,100,,13797,62,,,0,100,,13803,62,,,0,100,,13799,64,,,0
8500,'9493548d-afad-4b26-be65-c3aa23941f37',718,,13812,62,,,0,100,,13809,62,,,0,100,,13816,62,,,0,100,,13807,62,,,0,100,,13810,62,,,0,100,,13815,62,,,0,100,,13811,62,,,0,100,,13814,62,,,0,100,,13813,62,,,0,100,,13821,62,,,0,100,,13806,62,,,0,100,,13817,62,,,0,100,,13820,62,,,0,100,,13808,62,,,0,100,,13819,64,,,0
8500,'9577949b-c1b9-4893-a4cc-d601db41a1fc',718,,13826,62,,,0,100,,13836,62,,,0,100,,13830,62,,,0,100,,13832,62,,,0,100,,13833,62,,,0,100,,13834,62,,,0,100,,13837,62,,,0,100,,13824,62,,,0,100,,13827,62,,,0,100,,13825,62,,,0,100,,13823,62,,,0,100,,13831,62,,,0,100,,13828,62,,,0,100,,13822,62,,,0,100,,13829,64,,,0
8500,'991a1488-6339-4798-a1ff-4cc199131854',718,,13839,62,,,0,100,,13838,62,,,0,100,,13843,62,,,0,100,,13844,62,,,0,100,,13849,62,,,0,100,,13846,62,,,0,100,,13845,62,,,0,100,,13847,62,,,0,100,,13848,62,,,0,100,,13841,62,,,0,100,,13853,62,,,0,100,,13851,62,,,0,100,,13840,62,,,0,100,,13842,62,,,0,100,,13850,64,,,0
