8100,'294e58fc-bc13-4a33-bb1d-a337996c2e9c',2152,,13736,167,,,0
8100,'8ab1f009-ab59-4a8c-9771-20e344a37dba',701,,13746,195,,,0,100,,13737,195,,,0,100,,13743,195,,,0,200,,13744,195,,,0,100,,13745,195,,,0,100,,13738,195,,,0,200,,13739,195,,,0,100,,13750,195,,,0,100,,13742,195,,,0,100,,13741,195,,,0,100,,13747,195,,,0,100,,13749,195,,,0,100,,13740,195,,,0,51,,13748,167,,,0
8100,'8e972226-8e68-4b6a-9fd3-2e7f449277f5',2152,,13751,167,,,0
8100,'9493548d-afad-4b26-be65-c3aa23941f37',2152,,13752,167,,,0
8100,'9577949b-c1b9-4893-a4cc-d601db41a1fc',2152,,13753,167,,,0
8100,'991a1488-6339-4798-a1ff-4cc199131854',2152,,13754,167,,,0
8100,'bec99aa0-a127-4e27-ae17-e4c7db42f9ba',1101,,13755,195,,,0,100,,13756,195,,,0,200,,13760,195,,,0,100,,13759,195,,,0,100,,13758,195,,,0,100,,13761,195,,,0,100,,13757,182,,,0
8100,'c38342c9-8898-48ff-bb56-4ee52481c507',1037,,13763,167,,,0,100,,13762,167,,,0,100,,13769,167,,,0,100,,13764,167,,,0,100,,13770,167,,,0,100,,13767,167,,,0,100,,13766,167,,,0,100,,13765,167,,,0,100,,13768,167,,,0
8500,'294e58fc-bc13-4a33-bb1d-a337996c2e9c',655,,13783,110,,,0,100,,13774,217,,,0,100,,13789,217,,,0,100,,13787,217,,,0,100,,13775,217,,,0,100,,13776,217,,,0,100,,13778,217,,,0,100,,13780,217,,,0,100,,13788,217,,,0,100,,13782,217,,,0,100,,13785,217,,,0,100,,13784,217,,,0,100,,13779,217,,,0,100,,13777,217,,,0,100,,13781,217,,,0,100,,13786,217,,,0
8500,'8e972226-8e68-4b6a-9fd3-2e7f449277f5',655,,13802,110,,,0,100,,13796,217,,,0,100,,13801,217,,,0,100,,13804,217,,,0,100,,13792,217,,,0,100,,13791,217,,,0,100,,13794,217,,,0,100,,13800,217,,,0,100,,13798,217,,,0,100,,13790,217,,,0,100,,13793,217,,,0,100,,13805,217,,,0,100,,13795,217,,,0,100,,13797,217,,,0,100,,13803,217,,,0,100,,13799,217,,,0
8500,'9493548d-afad-4b26-be65-c3aa23941f37',655,,13818,110,,,0,100,,13812,217,,,0,100,,13809,217,,,0,100,,13816,217,,,0,100,,13807,217,,,0,100,,13810,217,,,0,100,,13815,217,,,0,100,,13811,217,,,0,100,,13814,217,,,0,100,,13813,217,,,0,100,,13821,217,,,0,100,,13806,217,,,0,100,,13817,217,,,0,100,,13820,217,,,0,100,,13808,217,,,0,100,,13819,217,,,0
8500,'9577949b-c1b9-4893-a4cc-d601db41a1fc',655,,13835,110,,,0,100,,13826,217,,,0,100,,13836,217,,,0,100,,13830,217,,,0,100,,13832,217,,,0,100,,13833,217,,,0,100,,13834,217,,,0,100,,13837,217,,,0,100,,13824,217,,,0,100,,13827,217,,,0,100,,13825,217,,,0,100,,13823,217,,,0,100,,13831,217,,,0,100,,13828,217,,,0,100,,13822,217,,,0,100,,13829,217,,,0
8500,'991a1488-6339-4798-a1ff-4cc199131854',655,,13852,110,,,0,100,,13839,217,,,0,100,,13838,217,,,0,100,,13843,217,,,0,100,,13844,217,,,0,100,,13849,217,,,0,100,,13846,217,,,0,100,,13845,217,,,0,100,,13847,217,,,0,100,,13848,217,,,0,100,,13841,217,,,0,100,,13853,217,,,0,100,,13851,217,,,0,100,,13840,217,,,0,100,,13842,217,,,0,100,,13850,217,,,0
8600,'294e58fc-bc13-4a33-bb1d-a337996c2e9c',559,,13878,62,,,0,75,,13875,62,,,0,75,,13860,62,,,0,37,,13863,62,,,0,80,,13869,62,,,0,80,,13872,62,,,0,38,,13876,62,,,0,75,,13866,62,,,0,35,,13870,62,,,0,75,,13865,62,,,0,75,,13862,62,,,0,35,,13871,62,,,0,75,,13867,62,,,0,35,,13873,62,,,0,75,,13856,62,,,0,35,,13861,62,,,0,75,,13855,62,,,0,75,,13854,62,,,0,37,,13877,62,,,0,80,,13857,62,,,0,78,,13858,62,,,0,40,,13879,62,,,0,75,,13859,62,,,0,35,,13868,62,,,0,75,,13864,62,,,0,75,,13874,62,,,0
8600,'8e972226-8e68-4b6a-9fd3-2e7f449277f5',559,,13900,62,,,0,75,,13904,62,,,0,75,,13894,62,,,0,37,,13888,62,,,0,80,,13883,62,,,0,80,,13903,62,,,0,38,,13895,62,,,0,75,,13885,62,,,0,35,,13899,62,,,0,75,,13896,62,,,0,75,,13892,62,,,0,35,,13897,62,,,0,75,,13893,62,,,0,35,,13889,62,,,0,75,,13882,62,,,0,35,,13884,62,,,0,75,,13902,62,,,0,75,,13881,62,,,0,37,,13887,62,,,0,80,,13898,62,,,0,78,,13905,62,,,0,40,,13890,62,,,0,75,,13880,62,,,0,35,,13891,62,,,0,75,,13901,62,,,0,75,,13886,62,,,0
8600,'9493548d-afad-4b26-be65-c3aa23941f37',559,,13925,62,,,0,75,,13922,62,,,0,75,,13919,62,,,0,37,,13920,62,,,0,80,,13921,62,,,0,80,,13910,62,,,0,38,,13911,62,,,0,75,,13918,62,,,0,35,,13913,62,,,0,75,,13916,62,,,0,75,,13907,62,,,0,35,,13906,62,,,0,75,,13915,62,,,0,35,,13923,62,,,0,75,,13926,62,,,0,35,,13914,62,,,0,75,,13909,62,,,0,75,,13924,62,,,0,37,,13927,62,,,0,80,,13912,62,,,0,78,,13929,62,,,0,40,,13928,62,,,0,75,,13917,62,,,0,35,,13930,62,,,0,75,,13931,62,,,0,75,,13908,62,,,0
8600,'9577949b-c1b9-4893-a4cc-d601db41a1fc',559,,13948,62,,,0,75,,13951,62,,,0,75,,13940,62,,,0,37,,13943,62,,,0,80,,13946,62,,,0,80,,13941,62,,,0,38,,13939,62,,,0,75,,13950,62,,,0,35,,13949,62,,,0,75,,13942,62,,,0,75,,13936,62,,,0,35,,13947,62,,,0,75,,13937,62,,,0,35,,13955,62,,,0,75,,13938,62,,,0,35,,13956,62,,,0,75,,13953,62,,,0,75,,13945,62,,,0,37,,13933,62,,,0,80,,13954,62,,,0,78,,13944,62,,,0,40,,13935,62,,,0,75,,13934,62,,,0,35,,13957,62,,,0,75,,13932,62,,,0,75,,13952,62,,,0
8600,'991a1488-6339-4798-a1ff-4cc199131854',559,,13983,62,,,0,75,,13975,62,,,0,75,,13967,62,,,0,37,,13966,62,,,0,80,,13982,62,,,0,80,,13976,62,,,0,38,,13969,62,,,0,75,,13981,62,,,0,35,,13977,62,,,0,75,,13964,62,,,0,75,,13961,62,,,0,35,,13973,62,,,0,75,,13971,62,,,0,35,,13962,62,,,0,75,,13980,62,,,0,35,,13959,62,,,0,75,,13968,62,,,0,75,,13965,62,,,0,37,,13970,62,,,0,80,,13958,62,,,0,78,,13978,62,,,0,40,,13972,62,,,0,75,,13960,62,,,0,35,,13974,62,,,0,75,,13963,62,,,0,75,,13979,62,,,0
