8100,'294e58fc-bc13-4a33-bb1d-a337996c2e9c',2135,,13736,40,,,0
8100,'8ab1f009-ab59-4a8c-9771-20e344a37dba',2135,,13748,40,,,0
8100,'8e972226-8e68-4b6a-9fd3-2e7f449277f5',2135,,13751,40,,,0
8100,'9493548d-afad-4b26-be65-c3aa23941f37',2135,,13752,40,,,0
8100,'9577949b-c1b9-4893-a4cc-d601db41a1fc',2135,,13753,40,,,0
8100,'991a1488-6339-4798-a1ff-4cc199131854',2135,,13754,40,,,0
8100,'bec99aa0-a127-4e27-ae17-e4c7db42f9ba',1816,,13757,259,,,0
8100,'c38342c9-8898-48ff-bb56-4ee52481c507',1020,,13763,40,,,0,100,,13762,40,,,0,100,,13769,40,,,0,100,,13764,40,,,0,100,,13770,40,,,0,100,,13767,40,,,0,100,,13766,40,,,0,100,,13765,40,,,0,100,,13768,40,,,0
8200,'8ab1f009-ab59-4a8c-9771-20e344a37dba',949,,13771,143,,,0,400,,13772,143,,,0
8200,'bec99aa0-a127-4e27-ae17-e4c7db42f9ba',1249,,13773,143,,,0
8500,'294e58fc-bc13-4a33-bb1d-a337996c2e9c',717,,13774,58,,,0,100,,13789,58,,,0,100,,13787,58,,,0,100,,13775,58,,,0,100,,13776,58,,,0,100,,13778,58,,,0,100,,13780,58,,,0,100,,13788,58,,,0,100,,13782,58,,,0,100,,13785,58,,,0,100,,13784,58,,,0,100,,13779,58,,,0,100,,13777,58,,,0,100,,13781,58,,,0,100,,13786,59,,,0
8500,'8e972226-8e68-4b6a-9fd3-2e7f449277f5',717,,13796,58,,,0,100,,13801,58,,,0,100,,13804,58,,,0,100,,13792,58,,,0,100,,13791,58,,,0,100,,13794,58,,,0,100,,13800,58,,,0,100,,13798,58,,,0,100,,13790,58,,,0,100,,13793,58,,,0,100,,13805,58,,,0,100,,13795,58,,,0,100,,13797,58,,,0,100,,13803,58,,,0,100,,13799,59,,,0
8500,'9493548d-afad-4b26-be65-c3aa23941f37',717,,13812,58,,,0,100,,13809,58,,,0,100,,13816,58,,,0,100,,13807,58,,,0,100,,13810,58,,,0,100,,13815,58,,,0,100,,13811,58,,,0,100,,13814,58,,,0,100,,13813,58,,,0,100,,13821,58,,,0,100,,13806,58,,,0,100,,13817,58,,,0,100,,13820,58,,,0,100,,13808,58,,,0,100,,13819,59,,,0
8500,'9577949b-c1b9-4893-a4cc-d601db41a1fc',717,,13826,58,,,0,100,,13836,58,,,0,100,,13830,58,,,0,100,,13832,58,,,0,100,,13833,58,,,0,100,,13834,58,,,0,100,,13837,58,,,0,100,,13824,58,,,0,100,,13827,58,,,0,100,,13825,58,,,0,100,,13823,58,,,0,100,,13831,58,,,0,100,,13828,58,,,0,100,,13822,58,,,0,100,,13829,59,,,0
8500,'991a1488-6339-4798-a1ff-4cc199131854',717,,13839,58,,,0,100,,13838,58,,,0,100,,13843,58,,,0,100,,13844,58,,,0,100,,13849,58,,,0,100,,13846,58,,,0,100,,13845,58,,,0,100,,13847,58,,,0,100,,13848,58,,,0,100,,13841,58,,,0,100,,13853,58,,,0,100,,13851,58,,,0,100,,13840,58,,,0,100,,13842,58,,,0,100,,13850,59,,,0
