6100,'294e58fc-bc13-4a33-bb1d-a337996c2e9c',556,,12451,119,,,0,75,,12417,119,,,0,75,,12428,119,,,0,16,,12424,119,,,0,21,,12444,119,,,0,62,,12418,119,,,0,20,,12440,119,,,0,20,,12454,119,,,0,60,,12436,119,,,0,18,,12442,119,,,0,21,,12453,119,,,0,80,,12432,119,,,0,80,,12437,119,,,0,40,,12416,119,,,0,80,,12447,119,,,0,80,,12430,119,,,0,20,,12446,119,,,0,25,,12426,119,,,0,60,,12438,119,,,0,24,,12450,119,,,0,20,,12429,119,,,0,65,,12443,119,,,0,20,,12414,119,,,0,65,,12445,119,,,0,20,,12422,119,,,0,25,,12448,119,,,0,60,,12413,119,,,0,25,,12434,119,,,0,20,,12423,119,,,0,63,,12435,119,,,0,20,,12421,119,,,0,20,,12419,119,,,0,60,,12441,119,,,0,16,,12439,119,,,0,20,,12420,119,,,0,55,,12425,119,,,0,35,,12431,119,,,0,78,,12452,119,,,0,32,,12433,119,,,0,75,,12415,119,,,0,75,,12427,119,,,0,32,,12449,119,,,0
6100,'8ab1f009-ab59-4a8c-9771-20e344a37dba',632,,12459,119,,,0,92,,12455,119,,,0,80,,12460,119,,,0,40,,12457,119,,,0,80,,12466,119,,,0,80,,12467,119,,,0,40,,12474,119,,,0,82,,12470,119,,,0,85,,12471,119,,,0,45,,12475,119,,,0,85,,12469,119,,,0,85,,12461,119,,,0,85,,12472,119,,,0,45,,12476,119,,,0,85,,12458,119,,,0,85,,12465,119,,,0,85,,12462,119,,,0,41,,12456,119,,,0,75,,12478,119,,,0,75,,12468,119,,,0,35,,12473,119,,,0,75,,12477,119,,,0,35,,12464,119,,,0,73,,12463,122,,,0
6100,'8e972226-8e68-4b6a-9fd3-2e7f449277f5',556,,12491,119,,,0,75,,12483,119,,,0,75,,12513,119,,,0,16,,12498,119,,,0,21,,12485,119,,,0,62,,12510,119,,,0,20,,12519,119,,,0,20,,12490,119,,,0,60,,12507,119,,,0,18,,12520,119,,,0,21,,12504,119,,,0,80,,12508,119,,,0,80,,12511,119,,,0,40,,12484,119,,,0,80,,12515,119,,,0,80,,12512,119,,,0,20,,12482,119,,,0,25,,12516,119,,,0,60,,12488,119,,,0,24,,12492,119,,,0,20,,12481,119,,,0,65,,12487,119,,,0,20,,12495,119,,,0,65,,12489,119,,,0,20,,12509,119,,,0,25,,12494,119,,,0,60,,12500,119,,,0,25,,12497,119,,,0,20,,12503,119,,,0,63,,12479,119,,,0,20,,12501,119,,,0,20,,12514,119,,,0,60,,12496,119,,,0,16,,12486,119,,,0,20,,12517,119,,,0,55,,12518,119,,,0,35,,12480,119,,,0,78,,12502,119,,,0,32,,12499,119,,,0,75,,12506,119,,,0,75,,12505,119,,,0,32,,12493,119,,,0
6100,'9493548d-afad-4b26-be65-c3aa23941f37',556,,12551,119,,,0,75,,12525,119,,,0,75,,12545,119,,,0,16,,12559,119,,,0,21,,12535,119,,,0,62,,12523,119,,,0,20,,12522,119,,,0,20,,12562,119,,,0,60,,12547,119,,,0,18,,12552,119,,,0,21,,12538,119,,,0,80,,12540,119,,,0,80,,12544,119,,,0,40,,12531,119,,,0,80,,12557,119,,,0,80,,12533,119,,,0,20,,12527,119,,,0,25,,12558,119,,,0,60,,12541,119,,,0,24,,12556,119,,,0,20,,12549,119,,,0,65,,12543,119,,,0,20,,12532,119,,,0,65,,12550,119,,,0,20,,12530,119,,,0,25,,12537,119,,,0,60,,12529,119,,,0,25,,12534,119,,,0,20,,12555,119,,,0,63,,12554,119,,,0,20,,12528,119,,,0,20,,12546,119,,,0,60,,12553,119,,,0,16,,12526,119,,,0,20,,12536,119,,,0,55,,12548,119,,,0,35,,12560,119,,,0,78,,12561,119,,,0,32,,12542,119,,,0,75,,12539,119,,,0,75,,12521,119,,,0,32,,12524,119,,,0
6100,'9577949b-c1b9-4893-a4cc-d601db41a1fc',556,,12576,119,,,0,75,,12564,119,,,0,75,,12594,119,,,0,16,,12573,119,,,0,21,,12599,119,,,0,62,,12567,119,,,0,20,,12596,119,,,0,20,,12580,119,,,0,60,,12575,119,,,0,18,,12600,119,,,0,21,,12586,119,,,0,80,,12603,119,,,0,80,,12588,119,,,0,40,,12566,119,,,0,80,,12591,119,,,0,80,,12568,119,,,0,20,,12587,119,,,0,25,,12565,119,,,0,60,,12590,119,,,0,24,,12570,119,,,0,20,,12593,119,,,0,65,,12595,119,,,0,20,,12569,119,,,0,65,,12581,119,,,0,20,,12572,119,,,0,25,,12578,119,,,0,60,,12579,119,,,0,25,,12584,119,,,0,20,,12589,119,,,0,63,,12604,119,,,0,20,,12574,119,,,0,20,,12582,119,,,0,60,,12592,119,,,0,16,,12585,119,,,0,20,,12598,119,,,0,55,,12601,119,,,0,35,,12571,119,,,0,78,,12577,119,,,0,32,,12602,119,,,0,75,,12597,119,,,0,75,,12563,119,,,0,32,,12583,119,,,0
6100,'991a1488-6339-4798-a1ff-4cc199131854',556,,12641,119,,,0,75,,12616,119,,,0,75,,12635,119,,,0,16,,12643,119,,,0,21,,12634,119,,,0,62,,12621,119,,,0,20,,12622,119,,,0,20,,12624,119,,,0,60,,12619,119,,,0,18,,12633,119,,,0,21,,12636,119,,,0,80,,12628,119,,,0,80,,12639,119,,,0,40,,12615,119,,,0,80,,12645,119,,,0,80,,12638,119,,,0,20,,12609,119,,,0,25,,12606,119,,,0,60,,12610,119,,,0,24,,12626,119,,,0,20,,12617,119,,,0,65,,12611,119,,,0,20,,12623,119,,,0,65,,12629,119,,,0,20,,12630,119,,,0,25,,12605,119,,,0,60,,12640,119,,,0,25,,12631,119,,,0,20,,12612,119,,,0,63,,12646,119,,,0,20,,12627,119,,,0,20,,12618,119,,,0,60,,12614,119,,,0,16,,12608,119,,,0,20,,12607,119,,,0,55,,12644,119,,,0,35,,12637,119,,,0,78,,12632,119,,,0,32,,12620,119,,,0,75,,12613,119,,,0,75,,12625,119,,,0,32,,12642,119,,,0
6100,'bec99aa0-a127-4e27-ae17-e4c7db42f9ba',952,,12647,119,,,0,82,,12654,119,,,0,80,,12653,119,,,0,40,,12656,119,,,0,80,,12648,119,,,0,80,,12652,119,,,0,40,,12657,119,,,0,80,,12651,119,,,0,80,,12655,119,,,0,40,,12650,119,,,0,80,,12649,119,,,0,80,,12659,119,,,0,38,,12658,122,,,0
6100,'c38342c9-8898-48ff-bb56-4ee52481c507',1027,,12673,119,,,0,75,,12664,119,,,0,35,,12669,119,,,0,75,,12663,119,,,0,35,,12671,119,,,0,75,,12660,119,,,0,35,,12665,119,,,0,75,,12668,119,,,0,75,,12667,119,,,0,35,,12672,119,,,0,75,,12666,119,,,0,35,,12662,119,,,0,80,,12670,119,,,0,75,,12674,119,,,0,35,,12661,119,,,0
6600,'294e58fc-bc13-4a33-bb1d-a337996c2e9c',715,,13494,217,,,0,110,,13489,217,,,0,130,,13496,217,,,0,149,,13493,217,,,0,111,,13491,217,,,0,114,,13490,274,0,8,0,111,,13488,217,,,0,110,,13498,217,,,0,150,,13499,217,,,0,110,,13497,217,,,0,114,,13495,274,0,8,0,105,,13492,217,,,0
6600,'8ab1f009-ab59-4a8c-9771-20e344a37dba',715,,13500,217,,,0,100,,13503,217,,,0,800,,13504,217,,,0,100,,13501,217,,,0,100,,13502,217,,,0
6600,'8e972226-8e68-4b6a-9fd3-2e7f449277f5',715,,13506,217,,,0,110,,13507,217,,,0,130,,13505,217,,,0,149,,13510,217,,,0,111,,13508,217,,,0,114,,13514,274,0,8,0,111,,13512,217,,,0,110,,13513,217,,,0,150,,13511,217,,,0,110,,13515,217,,,0,114,,13516,274,0,8,0,105,,13509,217,,,0
6600,'9493548d-afad-4b26-be65-c3aa23941f37',715,,13525,217,,,0,110,,13519,217,,,0,130,,13527,217,,,0,149,,13518,217,,,0,111,,13524,217,,,0,114,,13517,274,0,8,0,111,,13523,217,,,0,110,,13521,217,,,0,150,,13528,217,,,0,110,,13522,217,,,0,114,,13526,274,0,8,0,105,,13520,217,,,0
6600,'9577949b-c1b9-4893-a4cc-d601db41a1fc',715,,13529,217,,,0,110,,13539,217,,,0,130,,13536,217,,,0,149,,13537,217,,,0,111,,13538,217,,,0,114,,13533,274,0,8,0,111,,13531,217,,,0,110,,13534,217,,,0,150,,13540,217,,,0,110,,13530,217,,,0,114,,13535,274,0,8,0,105,,13532,217,,,0
6600,'991a1488-6339-4798-a1ff-4cc199131854',715,,13541,217,,,0,110,,13551,217,,,0,130,,13543,217,,,0,149,,13550,217,,,0,111,,13549,217,,,0,114,,13548,274,0,8,0,111,,13542,217,,,0,110,,13547,217,,,0,150,,13546,217,,,0,110,,13545,217,,,0,114,,13544,274,0,8,0,105,,13552,217,,,0
6600,'bec99aa0-a127-4e27-ae17-e4c7db42f9ba',1115,,13554,217,,,0,200,,13556,217,,,0,200,,13553,217,,,0,200,,13555,217,,,0
