8100,'294e58fc-bc13-4a33-bb1d-a337996c2e9c',2151,,13736,161,,,0
8100,'8ab1f009-ab59-4a8c-9771-20e344a37dba',659,,13746,187,,,0,100,,13737,187,,,0,100,,13743,187,,,0,200,,13744,187,,,0,100,,13745,187,,,0,100,,13738,187,,,0,200,,13739,187,,,0,100,,13750,187,,,0,100,,13742,187,,,0,100,,13741,187,,,0,100,,13747,187,,,0,100,,13749,187,,,0,100,,13740,187,,,0,92,,13748,161,,,0
8100,'8e972226-8e68-4b6a-9fd3-2e7f449277f5',2151,,13751,161,,,0
8100,'9493548d-afad-4b26-be65-c3aa23941f37',2151,,13752,161,,,0
8100,'9577949b-c1b9-4893-a4cc-d601db41a1fc',2151,,13753,161,,,0
8100,'991a1488-6339-4798-a1ff-4cc199131854',2151,,13754,161,,,0
8100,'bec99aa0-a127-4e27-ae17-e4c7db42f9ba',1059,,13755,187,,,0,100,,13756,187,,,0,200,,13760,187,,,0,100,,13759,187,,,0,100,,13758,187,,,0,100,,13761,187,,,0,100,,13757,176,,,0
8100,'c38342c9-8898-48ff-bb56-4ee52481c507',1036,,13763,161,,,0,100,,13762,161,,,0,100,,13769,161,,,0,100,,13764,161,,,0,100,,13770,161,,,0,100,,13767,161,,,0,100,,13766,161,,,0,100,,13765,161,,,0,100,,13768,161,,,0
8500,'294e58fc-bc13-4a33-bb1d-a337996c2e9c',654,,13783,104,,,0,100,,13774,211,,,0,100,,13789,211,,,0,100,,13787,211,,,0,100,,13775,211,,,0,100,,13776,211,,,0,100,,13778,211,,,0,100,,13780,211,,,0,100,,13788,211,,,0,100,,13782,211,,,0,100,,13785,211,,,0,100,,13784,211,,,0,100,,13779,211,,,0,100,,13777,211,,,0,100,,13781,211,,,0,100,,13786,211,,,0
8500,'8e972226-8e68-4b6a-9fd3-2e7f449277f5',654,,13802,104,,,0,100,,13796,211,,,0,100,,13801,211,,,0,100,,13804,211,,,0,100,,13792,211,,,0,100,,13791,211,,,0,100,,13794,211,,,0,100,,13800,211,,,0,100,,13798,211,,,0,100,,13790,211,,,0,100,,13793,211,,,0,100,,13805,211,,,0,100,,13795,211,,,0,100,,13797,211,,,0,100,,13803,211,,,0,100,,13799,211,,,0
8500,'9493548d-afad-4b26-be65-c3aa23941f37',654,,13818,104,,,0,100,,13812,211,,,0,100,,13809,211,,,0,100,,13816,211,,,0,100,,13807,211,,,0,100,,13810,211,,,0,100,,13815,211,,,0,100,,13811,211,,,0,100,,13814,211,,,0,100,,13813,211,,,0,100,,13821,211,,,0,100,,13806,211,,,0,100,,13817,211,,,0,100,,13820,211,,,0,100,,13808,211,,,0,100,,13819,211,,,0
8500,'9577949b-c1b9-4893-a4cc-d601db41a1fc',654,,13835,104,,,0,100,,13826,211,,,0,100,,13836,211,,,0,100,,13830,211,,,0,100,,13832,211,,,0,100,,13833,211,,,0,100,,13834,211,,,0,100,,13837,211,,,0,100,,13824,211,,,0,100,,13827,211,,,0,100,,13825,211,,,0,100,,13823,211,,,0,100,,13831,211,,,0,100,,13828,211,,,0,100,,13822,211,,,0,100,,13829,211,,,0
8500,'991a1488-6339-4798-a1ff-4cc199131854',654,,13852,104,,,0,100,,13839,211,,,0,100,,13838,211,,,0,100,,13843,211,,,0,100,,13844,211,,,0,100,,13849,211,,,0,100,,13846,211,,,0,100,,13845,211,,,0,100,,13847,211,,,0,100,,13848,211,,,0,100,,13841,211,,,0,100,,13853,211,,,0,100,,13851,211,,,0,100,,13840,211,,,0,100,,13842,211,,,0,100,,13850,211,,,0
