6000,'294e58fc-bc13-4a33-bb1d-a337996c2e9c',626,,12231,10,,,0,75,,12244,10,,,0,35,,12234,10,,,0,80,,12241,10,,,0,40,,12236,10,,,0,80,,12247,10,,,0,80,,12251,10,,,0,40,,12246,10,,,0,80,,12230,10,,,0,80,,12235,10,,,0,40,,12240,10,,,0,80,,12232,10,,,0,80,,12229,10,,,0,40,,12227,10,,,0,80,,12243,10,,,0,80,,12250,10,,,0,40,,12249,10,,,0,80,,12239,10,,,0,80,,12228,10,,,0,40,,12242,10,,,0,75,,12226,10,,,0,75,,12238,10,,,0,35,,12245,10,,,0,75,,12237,10,,,0,35,,12248,10,,,0
6000,'8ab1f009-ab59-4a8c-9771-20e344a37dba',626,,12265,10,,,0,75,,12274,10,,,0,35,,12258,10,,,0,80,,12256,10,,,0,40,,12254,10,,,0,80,,12266,10,,,0,80,,12255,10,,,0,40,,12275,10,,,0,80,,12260,10,,,0,80,,12257,10,,,0,40,,12264,10,,,0,80,,12276,10,,,0,80,,12259,10,,,0,40,,12268,10,,,0,80,,12252,10,,,0,80,,12271,10,,,0,40,,12262,10,,,0,80,,12263,10,,,0,80,,12261,10,,,0,40,,12269,10,,,0,75,,12270,10,,,0,75,,12267,10,,,0,35,,12253,10,,,0,75,,12273,10,,,0,35,,12272,10,,,0
6000,'8e972226-8e68-4b6a-9fd3-2e7f449277f5',626,,12283,10,,,0,75,,12296,10,,,0,35,,12286,10,,,0,80,,12302,10,,,0,40,,12292,10,,,0,80,,12281,10,,,0,80,,12300,10,,,0,40,,12303,10,,,0,80,,12297,10,,,0,80,,12282,10,,,0,40,,12279,10,,,0,80,,12287,10,,,0,80,,12294,10,,,0,40,,12280,10,,,0,80,,12278,10,,,0,80,,12295,10,,,0,40,,12298,10,,,0,80,,12285,10,,,0,80,,12291,10,,,0,40,,12290,10,,,0,75,,12288,10,,,0,75,,12301,10,,,0,35,,12299,10,,,0,75,,12289,10,,,0,35,,12293,10,,,0
6000,'9493548d-afad-4b26-be65-c3aa23941f37',626,,12326,10,,,0,75,,12325,10,,,0,35,,12318,10,,,0,80,,12304,10,,,0,40,,12306,10,,,0,80,,12320,10,,,0,80,,12311,10,,,0,40,,12329,10,,,0,80,,12315,10,,,0,80,,12314,10,,,0,40,,12307,10,,,0,80,,12309,10,,,0,80,,12305,10,,,0,40,,12322,10,,,0,80,,12324,10,,,0,80,,12312,10,,,0,40,,12327,10,,,0,80,,12319,10,,,0,80,,12308,10,,,0,40,,12313,10,,,0,75,,12317,10,,,0,75,,12310,10,,,0,35,,12328,10,,,0,75,,12323,10,,,0,35,,12316,10,,,0
6000,'9577949b-c1b9-4893-a4cc-d601db41a1fc',626,,12347,10,,,0,75,,12336,10,,,0,35,,12333,10,,,0,80,,12331,10,,,0,40,,12348,10,,,0,80,,12337,10,,,0,80,,12344,10,,,0,40,,12354,10,,,0,80,,12352,10,,,0,80,,12350,10,,,0,40,,12355,10,,,0,80,,12338,10,,,0,80,,12345,10,,,0,40,,12334,10,,,0,80,,12349,10,,,0,80,,12342,10,,,0,40,,12346,10,,,0,80,,12330,10,,,0,80,,12332,10,,,0,40,,12341,10,,,0,75,,12343,10,,,0,75,,12351,10,,,0,35,,12353,10,,,0,75,,12339,10,,,0,35,,12335,10,,,0
6000,'991a1488-6339-4798-a1ff-4cc199131854',626,,12361,10,,,0,75,,12372,10,,,0,35,,12378,10,,,0,80,,12366,10,,,0,40,,12371,10,,,0,80,,12375,10,,,0,80,,12380,10,,,0,40,,12368,10,,,0,80,,12362,10,,,0,80,,12376,10,,,0,40,,12363,10,,,0,80,,12373,10,,,0,80,,12358,10,,,0,40,,12370,10,,,0,80,,12379,10,,,0,80,,12365,10,,,0,40,,12367,10,,,0,80,,12359,10,,,0,80,,12381,10,,,0,40,,12360,10,,,0,75,,12364,10,,,0,75,,12374,10,,,0,35,,12356,10,,,0,75,,12369,10,,,0,35,,12357,10,,,0
6000,'bec99aa0-a127-4e27-ae17-e4c7db42f9ba',921,,12385,10,,,0,35,,12388,10,,,0,75,,12383,10,,,0,75,,12396,10,,,0,35,,12393,10,,,0,75,,12387,10,,,0,35,,12390,10,,,0,75,,12391,10,,,0,75,,12389,10,,,0,35,,12382,10,,,0,75,,12386,10,,,0,35,,12392,10,,,0,75,,12394,10,,,0,35,,12395,10,,,0,75,,12384,10,,,0
6000,'c38342c9-8898-48ff-bb56-4ee52481c507',1001,,12406,10,,,0,35,,12407,10,,,0,75,,12412,10,,,0,35,,12397,10,,,0,75,,12400,10,,,0,35,,12398,10,,,0,75,,12411,10,,,0,75,,12408,10,,,0,35,,12410,10,,,0,75,,12402,10,,,0,35,,12401,10,,,0,75,,12409,10,,,0,75,,12405,10,,,0,35,,12403,10,,,0,75,,12399,10,,,0,35,,12404,10,,,0
6800,'294e58fc-bc13-4a33-bb1d-a337996c2e9c',631,,13659,18,,,0,70,,13660,18,,,0,30,,13655,18,,,0,70,,13654,18,,,0,30,,13658,17,,,0,112,,13661,17,,,0,100,,13649,17,,,0,488,,13652,18,,,0,70,,13656,18,,,0,30,,13657,18,,,0,70,,13651,18,,,0,30,,13648,17,,,0,90,,13650,17,,,0,100,,13653,17,,,0,100,,13647,17,,,0
6800,'8ab1f009-ab59-4a8c-9771-20e344a37dba',701,,13666,17,,,0,100,,13667,17,,,0,100,,13668,17,,,0,100,,13665,17,,,0,600,,13669,17,,,0,100,,13662,17,,,0,100,,13664,17,,,0,100,,13663,18,,,0,100,,13670,17,,,0
6800,'8e972226-8e68-4b6a-9fd3-2e7f449277f5',631,,13683,18,,,0,70,,13685,18,,,0,30,,13684,18,,,0,70,,13671,18,,,0,30,,13672,17,,,0,112,,13673,17,,,0,100,,13674,17,,,0,488,,13678,18,,,0,70,,13682,18,,,0,30,,13676,18,,,0,70,,13677,18,,,0,30,,13680,17,,,0,90,,13679,17,,,0,100,,13681,17,,,0,100,,13675,17,,,0
6800,'9493548d-afad-4b26-be65-c3aa23941f37',631,,13691,18,,,0,70,,13688,18,,,0,30,,13693,18,,,0,70,,13695,18,,,0,30,,13698,17,,,0,112,,13686,17,,,0,100,,13697,17,,,0,488,,13699,18,,,0,70,,13690,18,,,0,30,,13700,18,,,0,70,,13694,18,,,0,30,,13696,17,,,0,90,,13687,17,,,0,100,,13692,17,,,0,100,,13689,17,,,0
6800,'9577949b-c1b9-4893-a4cc-d601db41a1fc',631,,13702,18,,,0,70,,13706,18,,,0,30,,13711,18,,,0,70,,13704,18,,,0,30,,13710,17,,,0,112,,13705,17,,,0,100,,13713,17,,,0,488,,13708,18,,,0,70,,13707,18,,,0,30,,13714,18,,,0,70,,13712,18,,,0,30,,13715,17,,,0,90,,13703,17,,,0,100,,13709,17,,,0,100,,13701,17,,,0
6800,'991a1488-6339-4798-a1ff-4cc199131854',631,,13727,18,,,0,70,,13716,18,,,0,30,,13719,18,,,0,70,,13726,18,,,0,30,,13718,17,,,0,112,,13721,17,,,0,100,,13725,17,,,0,488,,13730,18,,,0,70,,13717,18,,,0,30,,13722,18,,,0,70,,13720,18,,,0,30,,13723,17,,,0,90,,13729,17,,,0,100,,13724,17,,,0,100,,13728,17,,,0
6800,'bec99aa0-a127-4e27-ae17-e4c7db42f9ba',1001,,13731,17,,,0,200,,13732,17,,,0,200,,13734,17,,,0,200,,13735,17,,,0,200,,13733,17,,,0
