1600,'294e58fc-bc13-4a33-bb1d-a337996c2e9c',704,,10826,85,,,0,33,,10821,85,,,0,75,,10843,85,,,0,32,,10820,85,,,0,70,,10829,85,,,0,30,,10819,85,,,0,70,,10840,85,,,0,30,,10838,85,,,0,70,,10839,85,,,0,30,,10832,85,,,0,75,,10833,85,,,0,38,,10822,85,,,0,75,,10842,85,,,0,75,,10828,85,,,0,35,,10836,85,,,0,75,,10823,85,,,0,35,,10818,85,,,0,77,,10824,85,,,0,80,,10825,85,,,0,40,,10841,85,,,0,75,,10834,85,,,0,30,,10835,85,,,0,70,,10830,85,,,0,30,,10817,85,,,0,70,,10827,85,,,0,30,,10837,85,,,0,70,,10831,93,,,0
1600,'8ab1f009-ab59-4a8c-9771-20e344a37dba',1152,,10856,85,,,0,75,,10846,85,,,0,75,,10845,85,,,0,35,,10855,85,,,0,75,,10844,85,,,0,35,,10853,85,,,0,75,,10851,85,,,0,35,,10852,85,,,0,75,,10849,85,,,0,75,,10854,85,,,0,35,,10848,85,,,0,75,,10847,85,,,0,35,,10850,93,,,0
1600,'8e972226-8e68-4b6a-9fd3-2e7f449277f5',704,,10880,85,,,0,33,,10877,85,,,0,75,,10859,85,,,0,32,,10860,85,,,0,70,,10868,85,,,0,30,,10861,85,,,0,70,,10874,85,,,0,30,,10879,85,,,0,70,,10870,85,,,0,30,,10857,85,,,0,75,,10863,85,,,0,38,,10866,85,,,0,75,,10883,85,,,0,75,,10867,85,,,0,35,,10873,85,,,0,75,,10858,85,,,0,35,,10878,85,,,0,77,,10882,85,,,0,80,,10875,85,,,0,40,,10872,85,,,0,75,,10871,85,,,0,30,,10862,85,,,0,70,,10881,85,,,0,30,,10864,85,,,0,70,,10876,85,,,0,30,,10865,85,,,0,70,,10869,93,,,0
1600,'9493548d-afad-4b26-be65-c3aa23941f37',704,,10904,85,,,0,33,,10903,85,,,0,75,,10896,85,,,0,32,,10894,85,,,0,70,,10899,85,,,0,30,,10884,85,,,0,70,,10889,85,,,0,30,,10895,85,,,0,70,,10908,85,,,0,30,,10905,85,,,0,75,,10906,85,,,0,38,,10891,85,,,0,75,,10907,85,,,0,75,,10892,85,,,0,35,,10910,85,,,0,75,,10900,85,,,0,35,,10902,85,,,0,77,,10898,85,,,0,80,,10893,85,,,0,40,,10888,85,,,0,75,,10890,85,,,0,30,,10885,85,,,0,70,,10886,85,,,0,30,,10897,85,,,0,70,,10901,85,,,0,30,,10887,85,,,0,70,,10909,93,,,0
1600,'9577949b-c1b9-4893-a4cc-d601db41a1fc',704,,10929,85,,,0,33,,10913,85,,,0,75,,10925,85,,,0,32,,10937,85,,,0,70,,10922,85,,,0,30,,10930,85,,,0,70,,10933,85,,,0,30,,10912,85,,,0,70,,10931,85,,,0,30,,10914,85,,,0,75,,10932,85,,,0,38,,10921,85,,,0,75,,10927,85,,,0,75,,10915,85,,,0,35,,10916,85,,,0,75,,10917,85,,,0,35,,10935,85,,,0,77,,10936,85,,,0,80,,10926,85,,,0,40,,10934,85,,,0,75,,10923,85,,,0,30,,10918,85,,,0,70,,10924,85,,,0,30,,10911,85,,,0,70,,10928,85,,,0,30,,10919,85,,,0,70,,10920,93,,,0
1600,'991a1488-6339-4798-a1ff-4cc199131854',704,,10959,85,,,0,33,,10957,85,,,0,75,,10941,85,,,0,32,,10951,85,,,0,70,,10945,85,,,0,30,,10948,85,,,0,70,,10952,85,,,0,30,,10943,85,,,0,70,,10950,85,,,0,30,,10955,85,,,0,75,,10944,85,,,0,38,,10963,85,,,0,75,,10960,85,,,0,75,,10954,85,,,0,35,,10947,85,,,0,75,,10939,85,,,0,35,,10946,85,,,0,77,,10949,85,,,0,80,,10956,85,,,0,40,,10953,85,,,0,75,,10962,85,,,0,30,,10942,85,,,0,70,,10961,85,,,0,30,,10964,85,,,0,70,,10958,85,,,0,30,,10938,85,,,0,70,,10940,93,,,0
1600,'bec99aa0-a127-4e27-ae17-e4c7db42f9ba',1042,,10969,85,,,0,75,,10977,85,,,0,35,,10972,85,,,0,75,,10967,85,,,0,75,,10966,85,,,0,35,,10975,85,,,0,75,,10973,85,,,0,35,,10971,85,,,0,75,,10974,85,,,0,35,,10968,85,,,0,75,,10965,85,,,0,75,,10970,85,,,0,35,,10976,93,,,0
5000,'294e58fc-bc13-4a33-bb1d-a337996c2e9c',652,,10983,365,,,0,64,,11001,365,,,0,24,,11010,365,,,0,69,,10981,365,,,0,26,,11003,365,,,0,66,,10988,365,,,0,26,,11006,365,,,0,23,,10992,365,,,0,67,,10980,365,,,0,25,,10978,365,,,0,64,,10993,313,,,0,31,,10990,365,,,0,69,,11011,365,,,0,48,,11002,365,,,0,71,,11009,365,,,0,85,,10994,365,,,0,34,,10985,365,,,0,67,,10995,365,,,0,28,,10987,365,,,0,69,,10996,365,,,0,32,,11005,365,,,0,72,,11012,365,,,0,27,,10999,365,,,0,74,,10984,365,,,0,26,,10997,365,,,0,66,,11013,365,,,0,27,,11008,365,,,0,24,,10989,365,,,0,63,,10998,365,,,0,93,,10986,365,,,0,23,,10982,365,,,0,90,,11004,365,,,0
5000,'8ab1f009-ab59-4a8c-9771-20e344a37dba',652,,11020,365,,,0,77,,11021,365,,,0,77,,11031,365,,,0,35,,11037,365,,,0,75,,11041,365,,,0,35,,11034,365,,,0,75,,11015,365,,,0,75,,11035,365,,,0,35,,11022,365,,,0,77,,11023,365,,,0,40,,11036,365,,,0,77,,11038,365,,,0,80,,11028,365,,,0,37,,11039,365,,,0,80,,11026,365,,,0,77,,11027,365,,,0,41,,11017,365,,,0,76,,11029,365,,,0,38,,11019,365,,,0,77,,11033,365,,,0,73,,11024,365,,,0,37,,11040,365,,,0,75,,11030,365,,,0,35,,11018,365,,,0,75,,11016,365,,,0
5000,'8e972226-8e68-4b6a-9fd3-2e7f449277f5',652,,11067,365,,,0,64,,11051,365,,,0,24,,11074,365,,,0,69,,11049,365,,,0,26,,11059,365,,,0,66,,11045,365,,,0,26,,11057,365,,,0,23,,11054,365,,,0,67,,11043,365,,,0,25,,11064,365,,,0,64,,11071,313,,,0,31,,11070,365,,,0,69,,11077,365,,,0,48,,11069,365,,,0,71,,11063,365,,,0,85,,11053,365,,,0,34,,11044,365,,,0,67,,11052,365,,,0,28,,11046,365,,,0,69,,11042,365,,,0,32,,11060,365,,,0,72,,11066,365,,,0,27,,11076,365,,,0,74,,11056,365,,,0,26,,11068,365,,,0,66,,11055,365,,,0,27,,11050,365,,,0,24,,11075,365,,,0,63,,11072,365,,,0,93,,11058,365,,,0,23,,11065,365,,,0,90,,11047,365,,,0
5000,'9493548d-afad-4b26-be65-c3aa23941f37',652,,11107,365,,,0,64,,11106,365,,,0,24,,11091,365,,,0,69,,11097,365,,,0,26,,11102,365,,,0,66,,11079,365,,,0,26,,11090,365,,,0,23,,11082,365,,,0,67,,11085,365,,,0,25,,11093,365,,,0,64,,11078,313,,,0,31,,11111,365,,,0,69,,11099,365,,,0,48,,11092,365,,,0,71,,11086,365,,,0,85,,11084,365,,,0,34,,11108,365,,,0,67,,11087,365,,,0,28,,11104,365,,,0,69,,11105,365,,,0,32,,11096,365,,,0,72,,11109,365,,,0,27,,11101,365,,,0,74,,11098,365,,,0,26,,11100,365,,,0,66,,11088,365,,,0,27,,11094,365,,,0,24,,11081,365,,,0,63,,11095,365,,,0,93,,11080,365,,,0,23,,11083,365,,,0,90,,11112,365,,,0
5000,'9577949b-c1b9-4893-a4cc-d601db41a1fc',652,,11126,365,,,0,64,,11125,365,,,0,24,,11131,365,,,0,69,,11137,365,,,0,26,,11127,365,,,0,66,,11141,365,,,0,26,,11120,365,,,0,23,,11129,365,,,0,67,,11123,365,,,0,25,,11114,365,,,0,64,,11128,313,,,0,31,,11145,365,,,0,69,,11140,365,,,0,48,,11132,365,,,0,71,,11135,365,,,0,85,,11149,365,,,0,34,,11144,365,,,0,67,,11142,365,,,0,28,,11117,365,,,0,69,,11143,365,,,0,32,,11138,365,,,0,72,,11121,365,,,0,27,,11119,365,,,0,74,,11116,365,,,0,26,,11118,365,,,0,66,,11133,365,,,0,27,,11148,365,,,0,24,,11136,365,,,0,63,,11146,365,,,0,93,,11124,365,,,0,23,,11115,365,,,0,90,,11130,365,,,0
5000,'991a1488-6339-4798-a1ff-4cc199131854',652,,11160,365,,,0,64,,11185,365,,,0,24,,11177,365,,,0,69,,11163,365,,,0,26,,11172,365,,,0,66,,11171,365,,,0,26,,11175,365,,,0,23,,11180,365,,,0,67,,11157,365,,,0,25,,11182,365,,,0,64,,11162,313,,,0,31,,11155,365,,,0,69,,11165,365,,,0,48,,11178,365,,,0,71,,11154,365,,,0,85,,11168,365,,,0,34,,11169,365,,,0,67,,11176,365,,,0,28,,11167,365,,,0,69,,11164,365,,,0,32,,11153,365,,,0,72,,11156,365,,,0,27,,11150,365,,,0,74,,11184,365,,,0,26,,11170,365,,,0,66,,11174,365,,,0,27,,11159,365,,,0,24,,11158,365,,,0,63,,11151,365,,,0,93,,11152,365,,,0,23,,11173,365,,,0,90,,11183,365,,,0
5000,'bec99aa0-a127-4e27-ae17-e4c7db42f9ba',951,,11198,365,,,0,76,,11186,365,,,0,74,,11202,365,,,0,34,,11195,365,,,0,75,,11192,365,,,0,35,,11191,365,,,0,76,,11188,365,,,0,34,,11196,365,,,0,76,,11187,365,,,0,74,,11190,365,,,0,36,,11193,365,,,0,74,,11200,365,,,0,36,,11199,365,,,0,74,,11194,365,,,0,76,,11189,365,,,0
5000,'c38342c9-8898-48ff-bb56-4ee52481c507',1026,,11214,321,,,0,75,,11204,365,,,0,35,,11213,365,,,0,75,,11212,365,,,0,35,,11209,365,,,0,75,,11206,365,,,0,35,,11219,365,,,0,75,,11210,365,,,0,75,,11221,365,,,0,35,,11216,365,,,0,75,,11218,365,,,0,35,,11215,365,,,0,75,,11220,365,,,0,75,,11211,365,,,0,35,,11205,365,,,0
6400,'294e58fc-bc13-4a33-bb1d-a337996c2e9c',633,,13088,68,,,0,75,,13067,68,,,0,20,,13059,68,,,0,18,,13083,68,,,0,58,,13075,68,,,0,18,,13057,68,,,0,18,,13061,68,,,0,18,,13062,68,,,0,58,,13073,68,,,0,18,,13069,68,,,0,18,,13090,68,,,0,58,,13064,68,,,0,35,,13074,68,,,0,75,,13066,68,,,0,35,,13084,68,,,0,75,,13091,68,,,0,75,,13071,68,,,0,35,,13086,68,,,0,75,,13076,68,,,0,35,,13080,68,,,0,58,,13089,68,,,0,18,,13087,68,,,0,18,,13092,68,,,0,58,,13079,68,,,0,18,,13056,68,,,0,18,,13063,68,,,0,18,,13081,68,,,0,58,,13072,68,,,0,18,,13058,68,,,0,18,,13065,68,,,0,75,,13078,68,,,0,75,,13077,68,,,0,35,,13060,68,,,0,75,,13085,68,,,0,33,,13070,68,,,0,70,,13068,68,,,0,30,,13082,68,,,0,70,,13055,68,,,0
6400,'8ab1f009-ab59-4a8c-9771-20e344a37dba',633,,13093,68,,,0,75,,13113,68,,,0,35,,13117,68,,,0,80,,13098,68,,,0,80,,13095,68,,,0,40,,13111,68,,,0,75,,13115,68,,,0,35,,13096,68,,,0,75,,13099,68,,,0,75,,13101,68,,,0,35,,13109,68,,,0,75,,13097,68,,,0,35,,13104,68,,,0,75,,13106,68,,,0,35,,13114,68,,,0,75,,13110,68,,,0,75,,13108,68,,,0,40,,13116,68,,,0,80,,13107,68,,,0,80,,13112,68,,,0,40,,13105,68,,,0,75,,13118,68,,,0,35,,13094,68,,,0,75,,13100,68,,,0,75,,13102,68,,,0,35,,13103,68,,,0,75,,13119,68,,,0
6400,'8e972226-8e68-4b6a-9fd3-2e7f449277f5',633,,13132,68,,,0,75,,13135,68,,,0,20,,13154,68,,,0,18,,13137,68,,,0,58,,13140,68,,,0,18,,13157,68,,,0,18,,13155,68,,,0,18,,13121,68,,,0,58,,13122,68,,,0,18,,13153,68,,,0,18,,13139,68,,,0,58,,13144,68,,,0,35,,13149,68,,,0,75,,13136,68,,,0,35,,13126,68,,,0,75,,13123,68,,,0,75,,13138,68,,,0,35,,13151,68,,,0,75,,13125,68,,,0,35,,13150,68,,,0,58,,13145,68,,,0,18,,13143,68,,,0,18,,13148,68,,,0,58,,13147,68,,,0,18,,13146,68,,,0,18,,13128,68,,,0,18,,13127,68,,,0,58,,13142,68,,,0,18,,13134,68,,,0,18,,13152,68,,,0,75,,13120,68,,,0,75,,13124,68,,,0,35,,13133,68,,,0,75,,13141,68,,,0,33,,13129,68,,,0,70,,13131,68,,,0,30,,13156,68,,,0,70,,13130,68,,,0
6400,'9493548d-afad-4b26-be65-c3aa23941f37',633,,13163,68,,,0,75,,13183,68,,,0,20,,13167,68,,,0,18,,13194,68,,,0,58,,13166,68,,,0,18,,13182,68,,,0,18,,13164,68,,,0,18,,13169,68,,,0,58,,13192,68,,,0,18,,13174,68,,,0,18,,13176,68,,,0,58,,13158,68,,,0,35,,13177,68,,,0,75,,13195,68,,,0,35,,13178,68,,,0,75,,13180,68,,,0,75,,13165,68,,,0,35,,13186,68,,,0,75,,13160,68,,,0,35,,13179,68,,,0,58,,13189,68,,,0,18,,13170,68,,,0,18,,13175,68,,,0,58,,13172,68,,,0,18,,13162,68,,,0,18,,13181,68,,,0,18,,13193,68,,,0,58,,13185,68,,,0,18,,13159,68,,,0,18,,13187,68,,,0,75,,13190,68,,,0,75,,13161,68,,,0,35,,13188,68,,,0,75,,13173,68,,,0,33,,13168,68,,,0,70,,13171,68,,,0,30,,13184,68,,,0,70,,13191,68,,,0
6400,'9577949b-c1b9-4893-a4cc-d601db41a1fc',633,,13222,68,,,0,75,,13214,68,,,0,20,,13207,68,,,0,18,,13213,68,,,0,58,,13210,68,,,0,18,,13199,68,,,0,18,,13229,68,,,0,18,,13224,68,,,0,58,,13218,68,,,0,18,,13209,68,,,0,18,,13206,68,,,0,58,,13208,68,,,0,35,,13212,68,,,0,75,,13197,68,,,0,35,,13198,68,,,0,75,,13233,68,,,0,75,,13226,68,,,0,35,,13216,68,,,0,75,,13232,68,,,0,35,,13227,68,,,0,58,,13205,68,,,0,18,,13211,68,,,0,18,,13223,68,,,0,58,,13220,68,,,0,18,,13217,68,,,0,18,,13204,68,,,0,18,,13231,68,,,0,58,,13221,68,,,0,18,,13201,68,,,0,18,,13203,68,,,0,75,,13219,68,,,0,75,,13230,68,,,0,35,,13202,68,,,0,75,,13228,68,,,0,33,,13215,68,,,0,70,,13200,68,,,0,30,,13196,68,,,0,70,,13225,68,,,0
6400,'991a1488-6339-4798-a1ff-4cc199131854',633,,13251,68,,,0,75,,13262,68,,,0,20,,13263,68,,,0,18,,13259,68,,,0,58,,13266,68,,,0,18,,13241,68,,,0,18,,13246,68,,,0,18,,13234,68,,,0,58,,13245,68,,,0,18,,13267,68,,,0,18,,13253,68,,,0,58,,13255,68,,,0,35,,13254,68,,,0,75,,13264,68,,,0,35,,13258,68,,,0,75,,13257,68,,,0,75,,13271,68,,,0,35,,13268,68,,,0,75,,13237,68,,,0,35,,13261,68,,,0,58,,13242,68,,,0,18,,13256,68,,,0,18,,13236,68,,,0,58,,13239,68,,,0,18,,13248,68,,,0,18,,13240,68,,,0,18,,13235,68,,,0,58,,13249,68,,,0,18,,13269,68,,,0,18,,13270,68,,,0,75,,13250,68,,,0,75,,13265,68,,,0,35,,13260,68,,,0,75,,13238,68,,,0,33,,13252,68,,,0,70,,13243,68,,,0,30,,13247,68,,,0,70,,13244,68,,,0
6400,'bec99aa0-a127-4e27-ae17-e4c7db42f9ba',943,,13286,68,,,0,75,,13274,68,,,0,35,,13272,68,,,0,75,,13278,68,,,0,75,,13277,68,,,0,35,,13287,68,,,0,75,,13279,68,,,0,35,,13285,68,,,0,75,,13276,68,,,0,35,,13281,68,,,0,75,,13284,68,,,0,75,,13282,68,,,0,35,,13273,68,,,0,75,,13280,68,,,0,35,,13275,68,,,0,75,,13283,68,,,0
6400,'c38342c9-8898-48ff-bb56-4ee52481c507',1013,,13293,68,,,0,35,,13289,68,,,0,75,,13299,68,,,0,35,,13302,68,,,0,75,,13290,68,,,0,75,,13301,68,,,0,35,,13294,68,,,0,75,,13300,68,,,0,35,,13297,68,,,0,75,,13303,68,,,0,75,,13288,68,,,0,35,,13291,68,,,0,75,,13295,68,,,0,35,,13298,68,,,0,75,,13292,68,,,0,35,,13296,68,,,0
