8100,'294e58fc-bc13-4a33-bb1d-a337996c2e9c',2151,,13736,163,,,0
8100,'8ab1f009-ab59-4a8c-9771-20e344a37dba',700,,13746,189,,,0,100,,13737,189,,,0,100,,13743,189,,,0,200,,13744,189,,,0,100,,13745,189,,,0,100,,13738,189,,,0,200,,13739,189,,,0,100,,13750,189,,,0,100,,13742,189,,,0,100,,13741,189,,,0,100,,13747,189,,,0,100,,13749,189,,,0,100,,13740,189,,,0,51,,13748,163,,,0
8100,'8e972226-8e68-4b6a-9fd3-2e7f449277f5',2151,,13751,163,,,0
8100,'9493548d-afad-4b26-be65-c3aa23941f37',2151,,13752,163,,,0
8100,'9577949b-c1b9-4893-a4cc-d601db41a1fc',2151,,13753,163,,,0
8100,'991a1488-6339-4798-a1ff-4cc199131854',2151,,13754,163,,,0
8100,'bec99aa0-a127-4e27-ae17-e4c7db42f9ba',1100,,13755,189,,,0,100,,13756,189,,,0,200,,13760,189,,,0,100,,13759,189,,,0,100,,13758,189,,,0,100,,13761,189,,,0,100,,13757,178,,,0
8100,'c38342c9-8898-48ff-bb56-4ee52481c507',1036,,13763,163,,,0,100,,13762,163,,,0,100,,13769,163,,,0,100,,13764,163,,,0,100,,13770,163,,,0,100,,13767,163,,,0,100,,13766,163,,,0,100,,13765,163,,,0,100,,13768,163,,,0
8500,'294e58fc-bc13-4a33-bb1d-a337996c2e9c',654,,13783,106,,,0,100,,13774,213,,,0,100,,13789,213,,,0,100,,13787,213,,,0,100,,13775,213,,,0,100,,13776,213,,,0,100,,13778,213,,,0,100,,13780,213,,,0,100,,13788,213,,,0,100,,13782,213,,,0,100,,13785,213,,,0,100,,13784,213,,,0,100,,13779,213,,,0,100,,13777,213,,,0,100,,13781,213,,,0,100,,13786,213,,,0
8500,'8e972226-8e68-4b6a-9fd3-2e7f449277f5',654,,13802,106,,,0,100,,13796,213,,,0,100,,13801,213,,,0,100,,13804,213,,,0,100,,13792,213,,,0,100,,13791,213,,,0,100,,13794,213,,,0,100,,13800,213,,,0,100,,13798,213,,,0,100,,13790,213,,,0,100,,13793,213,,,0,100,,13805,213,,,0,100,,13795,213,,,0,100,,13797,213,,,0,100,,13803,213,,,0,100,,13799,213,,,0
8500,'9493548d-afad-4b26-be65-c3aa23941f37',654,,13818,106,,,0,100,,13812,213,,,0,100,,13809,213,,,0,100,,13816,213,,,0,100,,13807,213,,,0,100,,13810,213,,,0,100,,13815,213,,,0,100,,13811,213,,,0,100,,13814,213,,,0,100,,13813,213,,,0,100,,13821,213,,,0,100,,13806,213,,,0,100,,13817,213,,,0,100,,13820,213,,,0,100,,13808,213,,,0,100,,13819,213,,,0
8500,'9577949b-c1b9-4893-a4cc-d601db41a1fc',654,,13835,106,,,0,100,,13826,213,,,0,100,,13836,213,,,0,100,,13830,213,,,0,100,,13832,213,,,0,100,,13833,213,,,0,100,,13834,213,,,0,100,,13837,213,,,0,100,,13824,213,,,0,100,,13827,213,,,0,100,,13825,213,,,0,100,,13823,213,,,0,100,,13831,213,,,0,100,,13828,213,,,0,100,,13822,213,,,0,100,,13829,213,,,0
8500,'991a1488-6339-4798-a1ff-4cc199131854',654,,13852,106,,,0,100,,13839,213,,,0,100,,13838,213,,,0,100,,13843,213,,,0,100,,13844,213,,,0,100,,13849,213,,,0,100,,13846,213,,,0,100,,13845,213,,,0,100,,13847,213,,,0,100,,13848,213,,,0,100,,13841,213,,,0,100,,13853,213,,,0,100,,13851,213,,,0,100,,13840,213,,,0,100,,13842,213,,,0,100,,13850,213,,,0
