8100,'294e58fc-bc13-4a33-bb1d-a337996c2e9c',2154,,13736,171,,,0
8100,'8ab1f009-ab59-4a8c-9771-20e344a37dba',703,,13746,202,,,0,100,,13737,202,,,0,100,,13743,202,,,0,200,,13744,202,,,0,100,,13745,202,,,0,100,,13738,202,,,0,200,,13739,202,,,0,100,,13750,202,,,0,100,,13742,202,,,0,100,,13741,202,,,0,100,,13747,202,,,0,100,,13749,202,,,0,100,,13740,202,,,0,51,,13748,171,,,0
8100,'8e972226-8e68-4b6a-9fd3-2e7f449277f5',2154,,13751,171,,,0
8100,'9493548d-afad-4b26-be65-c3aa23941f37',2154,,13752,171,,,0
8100,'9577949b-c1b9-4893-a4cc-d601db41a1fc',2154,,13753,171,,,0
8100,'991a1488-6339-4798-a1ff-4cc199131854',2154,,13754,171,,,0
8100,'bec99aa0-a127-4e27-ae17-e4c7db42f9ba',1103,,13755,202,,,0,100,,13756,202,,,0,200,,13760,202,,,0,100,,13759,202,,,0,100,,13758,202,,,0,100,,13761,202,,,0,100,,13757,186,,,0
8100,'c38342c9-8898-48ff-bb56-4ee52481c507',1039,,13763,171,,,0,100,,13762,171,,,0,100,,13769,171,,,0,100,,13764,171,,,0,100,,13770,171,,,0,100,,13767,171,,,0,100,,13766,171,,,0,100,,13765,171,,,0,100,,13768,171,,,0
8500,'294e58fc-bc13-4a33-bb1d-a337996c2e9c',657,,13783,114,,,0,100,,13774,221,,,0,100,,13789,221,,,0,100,,13787,221,,,0,100,,13775,221,,,0,100,,13776,221,,,0,100,,13778,221,,,0,100,,13780,221,,,0,100,,13788,221,,,0,100,,13782,221,,,0,100,,13785,221,,,0,100,,13784,221,,,0,100,,13779,221,,,0,100,,13777,221,,,0,100,,13781,221,,,0,100,,13786,221,,,0
8500,'8e972226-8e68-4b6a-9fd3-2e7f449277f5',657,,13802,114,,,0,100,,13796,221,,,0,100,,13801,221,,,0,100,,13804,221,,,0,100,,13792,221,,,0,100,,13791,221,,,0,100,,13794,221,,,0,100,,13800,221,,,0,100,,13798,221,,,0,100,,13790,221,,,0,100,,13793,221,,,0,100,,13805,221,,,0,100,,13795,221,,,0,100,,13797,221,,,0,100,,13803,221,,,0,100,,13799,221,,,0
8500,'9493548d-afad-4b26-be65-c3aa23941f37',657,,13818,114,,,0,100,,13812,221,,,0,100,,13809,221,,,0,100,,13816,221,,,0,100,,13807,221,,,0,100,,13810,221,,,0,100,,13815,221,,,0,100,,13811,221,,,0,100,,13814,221,,,0,100,,13813,221,,,0,100,,13821,221,,,0,100,,13806,221,,,0,100,,13817,221,,,0,100,,13820,221,,,0,100,,13808,221,,,0,100,,13819,221,,,0
8500,'9577949b-c1b9-4893-a4cc-d601db41a1fc',657,,13835,114,,,0,100,,13826,221,,,0,100,,13836,221,,,0,100,,13830,221,,,0,100,,13832,221,,,0,100,,13833,221,,,0,100,,13834,221,,,0,100,,13837,221,,,0,100,,13824,221,,,0,100,,13827,221,,,0,100,,13825,221,,,0,100,,13823,221,,,0,100,,13831,221,,,0,100,,13828,221,,,0,100,,13822,221,,,0,100,,13829,221,,,0
8500,'991a1488-6339-4798-a1ff-4cc199131854',657,,13852,114,,,0,100,,13839,221,,,0,100,,13838,221,,,0,100,,13843,221,,,0,100,,13844,221,,,0,100,,13849,221,,,0,100,,13846,221,,,0,100,,13845,221,,,0,100,,13847,221,,,0,100,,13848,221,,,0,100,,13841,221,,,0,100,,13853,221,,,0,100,,13851,221,,,0,100,,13840,221,,,0,100,,13842,221,,,0,100,,13850,221,,,0
