8100,'294e58fc-bc13-4a33-bb1d-a337996c2e9c',2139,,13736,59,,,0
8100,'8ab1f009-ab59-4a8c-9771-20e344a37dba',2139,,13748,59,,,0
8100,'8e972226-8e68-4b6a-9fd3-2e7f449277f5',2139,,13751,59,,,0
8100,'9493548d-afad-4b26-be65-c3aa23941f37',2139,,13752,59,,,0
8100,'9577949b-c1b9-4893-a4cc-d601db41a1fc',2139,,13753,59,,,0
8100,'991a1488-6339-4798-a1ff-4cc199131854',2139,,13754,59,,,0
8100,'bec99aa0-a127-4e27-ae17-e4c7db42f9ba',1819,,13757,280,,,0
8100,'c38342c9-8898-48ff-bb56-4ee52481c507',1024,,13763,59,,,0,100,,13762,59,,,0,100,,13769,59,,,0,100,,13764,59,,,0,100,,13770,59,,,0,100,,13767,59,,,0,100,,13766,59,,,0,100,,13765,59,,,0,100,,13768,59,,,0
8200,'8ab1f009-ab59-4a8c-9771-20e344a37dba',953,,13771,209,,,0,400,,13772,209,,,0
8200,'bec99aa0-a127-4e27-ae17-e4c7db42f9ba',1253,,13773,209,,,0
8500,'294e58fc-bc13-4a33-bb1d-a337996c2e9c',724,,13774,101,,,0,100,,13789,101,,,0,100,,13787,101,,,0,100,,13775,101,,,0,100,,13776,101,,,0,100,,13778,101,,,0,100,,13780,101,,,0,100,,13788,101,,,0,100,,13782,101,,,0,100,,13785,101,,,0,100,,13784,101,,,0,100,,13779,101,,,0,100,,13777,101,,,0,100,,13781,101,,,0,100,,13786,101,,,0
8500,'8e972226-8e68-4b6a-9fd3-2e7f449277f5',724,,13796,101,,,0,100,,13801,101,,,0,100,,13804,101,,,0,100,,13792,101,,,0,100,,13791,101,,,0,100,,13794,101,,,0,100,,13800,101,,,0,100,,13798,101,,,0,100,,13790,101,,,0,100,,13793,101,,,0,100,,13805,101,,,0,100,,13795,101,,,0,100,,13797,101,,,0,100,,13803,101,,,0,100,,13799,101,,,0
8500,'9493548d-afad-4b26-be65-c3aa23941f37',724,,13812,101,,,0,100,,13809,101,,,0,100,,13816,101,,,0,100,,13807,101,,,0,100,,13810,101,,,0,100,,13815,101,,,0,100,,13811,101,,,0,100,,13814,101,,,0,100,,13813,101,,,0,100,,13821,101,,,0,100,,13806,101,,,0,100,,13817,101,,,0,100,,13820,101,,,0,100,,13808,101,,,0,100,,13819,101,,,0
8500,'9577949b-c1b9-4893-a4cc-d601db41a1fc',724,,13826,101,,,0,100,,13836,101,,,0,100,,13830,101,,,0,100,,13832,101,,,0,100,,13833,101,,,0,100,,13834,101,,,0,100,,13837,101,,,0,100,,13824,101,,,0,100,,13827,101,,,0,100,,13825,101,,,0,100,,13823,101,,,0,100,,13831,101,,,0,100,,13828,101,,,0,100,,13822,101,,,0,100,,13829,101,,,0
8500,'991a1488-6339-4798-a1ff-4cc199131854',724,,13839,101,,,0,100,,13838,101,,,0,100,,13843,101,,,0,100,,13844,101,,,0,100,,13849,101,,,0,100,,13846,101,,,0,100,,13845,101,,,0,100,,13847,101,,,0,100,,13848,101,,,0,100,,13841,101,,,0,100,,13853,101,,,0,100,,13851,101,,,0,100,,13840,101,,,0,100,,13842,101,,,0,100,,13850,101,,,0
