6000,'3cbacc5c-479f-4e46-92a9-193ce5972e98',626,,15791,10,,,0,75,,15792,10,,,0,35,,15803,10,,,0,80,,15807,10,,,0,40,,15796,10,,,0,80,,15802,10,,,0,80,,15804,10,,,0,40,,15798,10,,,0,80,,15790,10,,,0,80,,15793,10,,,0,40,,15788,10,,,0,80,,15784,10,,,0,80,,15789,10,,,0,40,,15786,10,,,0,80,,15799,10,,,0,80,,15800,10,,,0,40,,15794,10,,,0,80,,15805,10,,,0,80,,15797,10,,,0,40,,15783,10,,,0,75,,15787,10,,,0,75,,15782,10,,,0,35,,15806,10,,,0,75,,15795,10,,,0,35,,15801,10,,,0
6000,'5d8e1f33-b15a-4d6c-bc08-744b1977a096',626,,15815,10,,,0,75,,15819,10,,,0,35,,15810,10,,,0,80,,15824,10,,,0,40,,15829,10,,,0,80,,15833,10,,,0,80,,15818,10,,,0,40,,15826,10,,,0,80,,15827,10,,,0,80,,15817,10,,,0,40,,15828,10,,,0,80,,15832,10,,,0,80,,15812,10,,,0,40,,15809,10,,,0,80,,15825,10,,,0,80,,15823,10,,,0,40,,15821,10,,,0,80,,15808,10,,,0,80,,15822,10,,,0,40,,15820,10,,,0,75,,15816,10,,,0,75,,15813,10,,,0,35,,15814,10,,,0,75,,15830,10,,,0,35,,15811,10,,,0
6000,'603637be-3b89-4de4-a225-ae420419f9d6',921,,15843,10,,,0,35,,15848,10,,,0,75,,15846,10,,,0,75,,15836,10,,,0,35,,15835,10,,,0,75,,15839,10,,,0,35,,15841,10,,,0,75,,15847,10,,,0,75,,15838,10,,,0,35,,15834,10,,,0,75,,15844,10,,,0,35,,15842,10,,,0,75,,15845,10,,,0,35,,15840,10,,,0,75,,15837,10,,,0
6000,'7c54d383-1c64-4a24-b06c-a04764f3562f',626,,15865,10,,,0,75,,15850,10,,,0,35,,15863,10,,,0,80,,15857,10,,,0,40,,15851,10,,,0,80,,15867,10,,,0,80,,15853,10,,,0,40,,15856,10,,,0,80,,15870,10,,,0,80,,15860,10,,,0,40,,15861,10,,,0,80,,15852,10,,,0,80,,15869,10,,,0,40,,15874,10,,,0,80,,15859,10,,,0,80,,15873,10,,,0,40,,15866,10,,,0,80,,15854,10,,,0,80,,15849,10,,,0,40,,15871,10,,,0,75,,15862,10,,,0,75,,15868,10,,,0,35,,15855,10,,,0,75,,15872,10,,,0,35,,15864,10,,,0
6000,'8406d080-6e75-4486-a00b-1c9c8d02b55f',626,,15882,10,,,0,75,,15886,10,,,0,35,,15895,10,,,0,80,,15876,10,,,0,40,,15888,10,,,0,80,,15894,10,,,0,80,,15898,10,,,0,40,,15877,10,,,0,80,,15878,10,,,0,80,,15899,10,,,0,40,,15891,10,,,0,80,,15890,10,,,0,80,,15893,10,,,0,40,,15900,10,,,0,80,,15896,10,,,0,80,,15887,10,,,0,40,,15885,10,,,0,80,,15883,10,,,0,80,,15892,10,,,0,40,,15884,10,,,0,75,,15880,10,,,0,75,,15889,10,,,0,35,,15881,10,,,0,75,,15879,10,,,0,35,,15875,10,,,0
6000,'d66d6429-e89f-4376-937c-b6bd14f92a3b',626,,15912,10,,,0,75,,15923,10,,,0,35,,15918,10,,,0,80,,15906,10,,,0,40,,15904,10,,,0,80,,15919,10,,,0,80,,15908,10,,,0,40,,15907,10,,,0,80,,15902,10,,,0,80,,15916,10,,,0,40,,15909,10,,,0,80,,15921,10,,,0,80,,15917,10,,,0,40,,15903,10,,,0,80,,15915,10,,,0,80,,15920,10,,,0,40,,15925,10,,,0,80,,15901,10,,,0,80,,15926,10,,,0,40,,15914,10,,,0,75,,15913,10,,,0,75,,15910,10,,,0,35,,15924,10,,,0,75,,15922,10,,,0,35,,15905,10,,,0
6000,'d696856f-d252-4a8b-bd9f-2960bd70f042',626,,15934,10,,,0,75,,15945,10,,,0,35,,15950,10,,,0,80,,15951,10,,,0,40,,15929,10,,,0,80,,15949,10,,,0,80,,15940,10,,,0,40,,15928,10,,,0,80,,15936,10,,,0,80,,15952,10,,,0,40,,15933,10,,,0,80,,15948,10,,,0,80,,15937,10,,,0,40,,15946,10,,,0,80,,15941,10,,,0,80,,15935,10,,,0,40,,15942,10,,,0,80,,15939,10,,,0,80,,15931,10,,,0,40,,15943,10,,,0,75,,15947,10,,,0,75,,15944,10,,,0,35,,15927,10,,,0,75,,15932,10,,,0,35,,15930,10,,,0
6800,'3cbacc5c-479f-4e46-92a9-193ce5972e98',631,,17153,18,,,0,70,,17152,18,,,0,30,,17151,18,,,0,70,,17142,18,,,0,30,,17148,17,,,0,112,,17147,17,,,0,100,,17146,17,,,0,488,,17143,18,,,0,70,,17154,18,,,0,30,,17144,18,,,0,70,,17141,18,,,0,30,,17145,17,,,0,90,,17149,17,,,0,100,,17150,17,,,0,100,,17155,17,,,0
6800,'5d8e1f33-b15a-4d6c-bc08-744b1977a096',631,,17165,18,,,0,70,,17159,18,,,0,30,,17170,18,,,0,70,,17160,18,,,0,30,,17163,17,,,0,112,,17157,17,,,0,100,,17161,17,,,0,488,,17156,18,,,0,70,,17168,18,,,0,30,,17167,18,,,0,70,,17162,18,,,0,30,,17166,17,,,0,90,,17169,17,,,0,100,,17164,17,,,0,100,,17158,17,,,0
6800,'603637be-3b89-4de4-a225-ae420419f9d6',1001,,17173,17,,,0,200,,17172,17,,,0,200,,17175,17,,,0,200,,17174,17,,,0,200,,17171,17,,,0
6800,'7c54d383-1c64-4a24-b06c-a04764f3562f',631,,17187,18,,,0,70,,17176,18,,,0,30,,17180,18,,,0,70,,17188,18,,,0,30,,17182,17,,,0,112,,17186,17,,,0,100,,17189,17,,,0,488,,17185,18,,,0,70,,17181,18,,,0,30,,17184,18,,,0,70,,17190,18,,,0,30,,17178,17,,,0,90,,17179,17,,,0,100,,17177,17,,,0,100,,17183,17,,,0
6800,'8406d080-6e75-4486-a00b-1c9c8d02b55f',631,,17198,18,,,0,70,,17193,18,,,0,30,,17195,18,,,0,70,,17197,18,,,0,30,,17204,17,,,0,112,,17199,17,,,0,100,,17192,17,,,0,488,,17201,18,,,0,70,,17205,18,,,0,30,,17196,18,,,0,70,,17191,18,,,0,30,,17203,17,,,0,90,,17194,17,,,0,100,,17202,17,,,0,100,,17200,17,,,0
6800,'d66d6429-e89f-4376-937c-b6bd14f92a3b',631,,17219,18,,,0,70,,17209,18,,,0,30,,17213,18,,,0,70,,17207,18,,,0,30,,17217,17,,,0,112,,17220,17,,,0,100,,17216,17,,,0,488,,17212,18,,,0,70,,17206,18,,,0,30,,17215,18,,,0,70,,17208,18,,,0,30,,17210,17,,,0,90,,17211,17,,,0,100,,17218,17,,,0,100,,17214,17,,,0
6800,'d696856f-d252-4a8b-bd9f-2960bd70f042',701,,17229,17,,,0,100,,17225,17,,,0,100,,17221,17,,,0,100,,17224,17,,,0,600,,17226,17,,,0,100,,17223,17,,,0,100,,17222,17,,,0,100,,17227,18,,,0,100,,17228,17,,,0
