9400,'3cbacc5c-479f-4e46-92a9-193ce5972e98',634,,17676,60,,,0,77,,17660,60,,,0,20,,17670,60,,,0,20,,17659,60,,,0,60,,17668,60,,,0,20,,17665,60,,,0,20,,17650,60,,,0,60,,17663,60,,,0,20,,17680,68,,,0,75,,17672,60,,,0,40,,17656,60,,,0,80,,17677,60,,,0,80,,17667,60,,,0,40,,17661,60,,,0,80,,17674,60,,,0,85,,17651,60,,,0,40,,17653,60,,,0,60,,17679,60,,,0,20,,17664,60,,,0,20,,17657,60,,,0,60,,17671,60,,,0,20,,17666,60,,,0,20,,17655,60,,,0,60,,17678,68,,,0,20,,17669,60,,,0,80,,17662,60,,,0,35,,17658,60,,,0,75,,17673,60,,,0,35,,17654,60,,,0,75,,17675,60,,,0,80,,17652,60,,,0,35,,17649,68,,,0
9400,'5d8e1f33-b15a-4d6c-bc08-744b1977a096',634,,17687,60,,,0,77,,17694,60,,,0,20,,17691,60,,,0,20,,17690,60,,,0,60,,17705,60,,,0,20,,17689,60,,,0,20,,17712,60,,,0,60,,17700,60,,,0,20,,17698,68,,,0,75,,17684,60,,,0,40,,17695,60,,,0,80,,17685,60,,,0,80,,17692,60,,,0,40,,17707,60,,,0,80,,17709,60,,,0,85,,17706,60,,,0,40,,17702,60,,,0,60,,17682,60,,,0,20,,17708,60,,,0,20,,17704,60,,,0,60,,17703,60,,,0,20,,17681,60,,,0,20,,17701,60,,,0,60,,17697,68,,,0,20,,17686,60,,,0,80,,17693,60,,,0,35,,17688,60,,,0,75,,17696,60,,,0,35,,17699,60,,,0,75,,17711,60,,,0,80,,17710,60,,,0,35,,17683,68,,,0
9400,'603637be-3b89-4de4-a225-ae420419f9d6',941,,17724,60,,,0,75,,17721,60,,,0,35,,17717,60,,,0,75,,17715,60,,,0,75,,17716,60,,,0,35,,17722,60,,,0,75,,17718,60,,,0,35,,17720,60,,,0,75,,17719,60,,,0,35,,17713,60,,,0,75,,17727,60,,,0,75,,17723,60,,,0,35,,17726,60,,,0,75,,17714,60,,,0,35,,17725,68,,,0
9400,'7c54d383-1c64-4a24-b06c-a04764f3562f',634,,17757,60,,,0,77,,17755,60,,,0,20,,17731,60,,,0,20,,17748,60,,,0,60,,17747,60,,,0,20,,17741,60,,,0,20,,17740,60,,,0,60,,17745,60,,,0,20,,17728,68,,,0,75,,17750,60,,,0,40,,17729,60,,,0,80,,17751,60,,,0,80,,17744,60,,,0,40,,17739,60,,,0,80,,17759,60,,,0,85,,17733,60,,,0,40,,17732,60,,,0,60,,17752,60,,,0,20,,17738,60,,,0,20,,17743,60,,,0,60,,17753,60,,,0,20,,17742,60,,,0,20,,17736,60,,,0,60,,17735,68,,,0,20,,17749,60,,,0,80,,17746,60,,,0,35,,17758,60,,,0,75,,17756,60,,,0,35,,17730,60,,,0,75,,17754,60,,,0,80,,17734,60,,,0,35,,17737,68,,,0
9400,'8406d080-6e75-4486-a00b-1c9c8d02b55f',634,,17766,60,,,0,77,,17787,60,,,0,20,,17785,60,,,0,20,,17789,60,,,0,60,,17780,60,,,0,20,,17790,60,,,0,20,,17784,60,,,0,60,,17791,60,,,0,20,,17767,68,,,0,75,,17781,60,,,0,40,,17775,60,,,0,80,,17776,60,,,0,80,,17773,60,,,0,40,,17772,60,,,0,80,,17768,60,,,0,85,,17778,60,,,0,40,,17774,60,,,0,60,,17783,60,,,0,20,,17763,60,,,0,20,,17764,60,,,0,60,,17782,60,,,0,20,,17786,60,,,0,20,,17762,60,,,0,60,,17771,68,,,0,20,,17760,60,,,0,80,,17770,60,,,0,35,,17779,60,,,0,75,,17788,60,,,0,35,,17777,60,,,0,75,,17765,60,,,0,80,,17769,60,,,0,35,,17761,68,,,0
9400,'d66d6429-e89f-4376-937c-b6bd14f92a3b',634,,17806,60,,,0,77,,17822,60,,,0,20,,17804,60,,,0,20,,17812,60,,,0,60,,17809,60,,,0,20,,17794,60,,,0,20,,17815,60,,,0,60,,17820,60,,,0,20,,17818,68,,,0,75,,17821,60,,,0,40,,17799,60,,,0,80,,17813,60,,,0,80,,17803,60,,,0,40,,17819,60,,,0,80,,17796,60,,,0,85,,17802,60,,,0,40,,17795,60,,,0,60,,17792,60,,,0,20,,17801,60,,,0,20,,17814,60,,,0,60,,17793,60,,,0,20,,17811,60,,,0,20,,17797,60,,,0,60,,17798,68,,,0,20,,17808,60,,,0,80,,17810,60,,,0,35,,17800,60,,,0,75,,17817,60,,,0,35,,17805,60,,,0,75,,17807,60,,,0,80,,17816,60,,,0,35,,17823,68,,,0
9400,'d696856f-d252-4a8b-bd9f-2960bd70f042',641,,17832,60,,,0,75,,17838,60,,,0,35,,17824,60,,,0,75,,17827,60,,,0,75,,17839,60,,,0,35,,17831,60,,,0,75,,17833,60,,,0,35,,17830,60,,,0,75,,17845,60,,,0,80,,17847,60,,,0,40,,17834,60,,,0,80,,17840,60,,,0,90,,17828,60,,,0,40,,17842,60,,,0,80,,17837,60,,,0,80,,17836,60,,,0,40,,17835,60,,,0,80,,17843,60,,,0,80,,17829,60,,,0,35,,17846,60,,,0,75,,17841,60,,,0,35,,17848,60,,,0,75,,17826,60,,,0,80,,17844,60,,,0,35,,17825,68,,,0
9500,'3cbacc5c-479f-4e46-92a9-193ce5972e98',637,,17865,53,,,0,70,,17867,53,,,0,35,,17861,53,,,0,75,,17854,53,,,0,35,,17869,53,,,0,75,,17872,53,,,0,75,,17858,53,,,0,35,,17850,53,,,0,75,,17868,53,,,0,35,,17873,53,,,0,75,,17866,53,,,0,35,,17855,53,,,0,75,,17849,53,,,0,75,,17874,53,,,0,35,,17857,53,,,0,75,,17862,53,,,0,35,,17863,53,,,0,90,,17870,53,,,0,80,,17856,53,,,0,80,,17864,53,,,0,40,,17859,53,,,0,70,,17853,53,,,0,30,,17860,53,,,0,70,,17851,53,,,0,30,,17852,53,,,0,70,,17875,53,,,0,30,,17871,54,,,0
9500,'5d8e1f33-b15a-4d6c-bc08-744b1977a096',637,,17879,53,,,0,70,,17902,53,,,0,35,,17899,53,,,0,75,,17887,53,,,0,35,,17877,53,,,0,75,,17895,53,,,0,75,,17878,53,,,0,35,,17890,53,,,0,75,,17883,53,,,0,35,,17876,53,,,0,75,,17884,53,,,0,35,,17896,53,,,0,75,,17894,53,,,0,75,,17888,53,,,0,35,,17897,53,,,0,75,,17893,53,,,0,35,,17886,53,,,0,90,,17885,53,,,0,80,,17901,53,,,0,80,,17900,53,,,0,40,,17898,53,,,0,70,,17891,53,,,0,30,,17882,53,,,0,70,,17880,53,,,0,30,,17892,53,,,0,70,,17881,53,,,0,30,,17889,54,,,0
9500,'603637be-3b89-4de4-a225-ae420419f9d6',937,,17906,53,,,0,70,,17903,53,,,0,30,,17907,53,,,0,70,,17909,53,,,0,30,,17913,53,,,0,70,,17912,53,,,0,35,,17917,53,,,0,75,,17914,53,,,0,35,,17908,53,,,0,75,,17910,53,,,0,75,,17905,53,,,0,35,,17916,53,,,0,75,,17918,53,,,0,35,,17911,53,,,0,75,,17904,53,,,0,35,,17915,54,,,0
9500,'7c54d383-1c64-4a24-b06c-a04764f3562f',637,,17926,53,,,0,70,,17927,53,,,0,35,,17942,53,,,0,75,,17932,53,,,0,35,,17925,53,,,0,75,,17938,53,,,0,75,,17933,53,,,0,35,,17941,53,,,0,75,,17940,53,,,0,35,,17919,53,,,0,75,,17930,53,,,0,35,,17922,53,,,0,75,,17937,53,,,0,75,,17924,53,,,0,35,,17929,53,,,0,75,,17945,53,,,0,35,,17936,53,,,0,90,,17934,53,,,0,80,,17931,53,,,0,80,,17939,53,,,0,40,,17928,53,,,0,70,,17923,53,,,0,30,,17935,53,,,0,70,,17943,53,,,0,30,,17920,53,,,0,70,,17921,53,,,0,30,,17944,54,,,0
9500,'8406d080-6e75-4486-a00b-1c9c8d02b55f',637,,17960,53,,,0,70,,17967,53,,,0,35,,17954,53,,,0,75,,17969,53,,,0,35,,17956,53,,,0,75,,17953,53,,,0,75,,17950,53,,,0,35,,17972,53,,,0,75,,17962,53,,,0,35,,17961,53,,,0,75,,17964,53,,,0,35,,17948,53,,,0,75,,17965,53,,,0,75,,17946,53,,,0,35,,17968,53,,,0,75,,17966,53,,,0,35,,17949,53,,,0,90,,17970,53,,,0,80,,17947,53,,,0,80,,17952,53,,,0,40,,17955,53,,,0,70,,17957,53,,,0,30,,17958,53,,,0,70,,17959,53,,,0,30,,17963,53,,,0,70,,17971,53,,,0,30,,17951,54,,,0
9500,'d66d6429-e89f-4376-937c-b6bd14f92a3b',637,,17976,53,,,0,70,,17980,53,,,0,35,,17981,53,,,0,75,,17974,53,,,0,35,,17987,53,,,0,75,,17986,53,,,0,75,,17975,53,,,0,35,,17982,53,,,0,75,,17993,53,,,0,35,,17973,53,,,0,75,,17996,53,,,0,35,,17979,53,,,0,75,,17977,53,,,0,75,,17995,53,,,0,35,,17978,53,,,0,75,,17991,53,,,0,35,,17983,53,,,0,90,,17998,53,,,0,80,,17997,53,,,0,80,,17985,53,,,0,40,,17984,53,,,0,70,,17990,53,,,0,30,,17992,53,,,0,70,,17999,53,,,0,30,,17994,53,,,0,70,,17989,53,,,0,30,,17988,54,,,0
9500,'d696856f-d252-4a8b-bd9f-2960bd70f042',637,,18027,53,,,0,70,,18026,53,,,0,30,,18012,53,,,0,70,,18007,53,,,0,30,,18024,53,,,0,70,,18023,53,,,0,30,,18000,53,,,0,70,,18004,53,,,0,30,,18008,53,,,0,75,,18006,53,,,0,35,,18001,53,,,0,75,,18021,53,,,0,35,,18018,53,,,0,75,,18009,53,,,0,75,,18017,53,,,0,35,,18011,53,,,0,75,,18015,53,,,0,35,,18002,53,,,0,75,,18003,53,,,0,75,,18020,53,,,0,35,,18013,53,,,0,70,,18005,53,,,0,30,,18028,53,,,0,70,,18019,53,,,0,30,,18010,53,,,0,70,,18016,53,,,0,30,,18022,53,,,0,70,,18025,53,,,0,30,,18014,54,,,0
