1600,'20e11cfa-d6a6-46ec-932e-c3530533c309',652,,3627,42,,,0,70,,3631,42,,,0,35,,3623,42,,,0,75,,3613,42,,,0,70,,3629,42,,,0,30,,3618,42,,,0,70,,3608,42,,,0,30,,3626,42,,,0,70,,3614,42,,,0,30,,3607,42,,,0,70,,3633,42,,,0,40,,3624,42,,,0,75,,3617,42,,,0,35,,3628,42,,,0,75,,3612,42,,,0,75,,3615,42,,,0,35,,3620,42,,,0,75,,3609,42,,,0,40,,3621,42,,,0,80,,3622,42,,,0,80,,3619,42,,,0,30,,3632,42,,,0,70,,3610,42,,,0,30,,3625,42,,,0,70,,3616,42,,,0,30,,3630,42,,,0,70,,3611,49,,,0
1600,'29539182-f080-4698-b528-b5cea7c0f7e4',652,,3637,42,,,0,70,,3647,42,,,0,35,,3634,42,,,0,75,,3644,42,,,0,70,,3645,42,,,0,30,,3655,42,,,0,70,,3641,42,,,0,30,,3643,42,,,0,70,,3654,42,,,0,30,,3651,42,,,0,70,,3660,42,,,0,40,,3650,42,,,0,75,,3642,42,,,0,35,,3658,42,,,0,75,,3648,42,,,0,75,,3638,42,,,0,35,,3636,42,,,0,75,,3646,42,,,0,40,,3657,42,,,0,80,,3656,42,,,0,80,,3652,42,,,0,30,,3640,42,,,0,70,,3635,42,,,0,30,,3653,42,,,0,70,,3639,42,,,0,30,,3659,42,,,0,70,,3649,49,,,0
1600,'4ff90fe8-7b85-4537-858e-36c817b2ba06',1027,,3664,42,,,0,75,,3672,42,,,0,35,,3665,42,,,0,75,,3671,42,,,0,35,,3662,42,,,0,75,,3669,42,,,0,35,,3673,42,,,0,75,,3670,42,,,0,75,,3666,42,,,0,35,,3663,42,,,0,75,,3661,42,,,0,35,,3668,42,,,0,75,,3667,49,,,0
1600,'53316f13-7e2a-415d-a780-d65e8f9fc920',1137,,3682,42,,,0,75,,3677,42,,,0,35,,3679,42,,,0,75,,3685,42,,,0,35,,3684,42,,,0,75,,3680,42,,,0,75,,3681,42,,,0,35,,3676,42,,,0,75,,3683,42,,,0,35,,3674,42,,,0,75,,3686,42,,,0,75,,3675,42,,,0,35,,3678,49,,,0
1600,'9712db0e-9c6e-4aef-9821-7ba79476301c',652,,3699,42,,,0,70,,3702,42,,,0,35,,3694,42,,,0,75,,3708,42,,,0,70,,3704,42,,,0,30,,3696,42,,,0,70,,3698,42,,,0,30,,3688,42,,,0,70,,3703,42,,,0,30,,3705,42,,,0,70,,3713,42,,,0,40,,3710,42,,,0,75,,3687,42,,,0,35,,3693,42,,,0,75,,3712,42,,,0,75,,3691,42,,,0,35,,3711,42,,,0,75,,3692,42,,,0,40,,3709,42,,,0,80,,3700,42,,,0,80,,3695,42,,,0,30,,3690,42,,,0,70,,3697,42,,,0,30,,3706,42,,,0,70,,3701,42,,,0,30,,3707,42,,,0,70,,3689,49,,,0
1600,'aa100e8f-694c-4b5d-8041-b019347d5019',652,,3729,42,,,0,70,,3737,42,,,0,35,,3716,42,,,0,75,,3733,42,,,0,70,,3728,42,,,0,30,,3727,42,,,0,70,,3725,42,,,0,30,,3740,42,,,0,70,,3730,42,,,0,30,,3726,42,,,0,70,,3719,42,,,0,40,,3722,42,,,0,75,,3739,42,,,0,35,,3721,42,,,0,75,,3736,42,,,0,75,,3720,42,,,0,35,,3715,42,,,0,75,,3714,42,,,0,40,,3738,42,,,0,80,,3731,42,,,0,80,,3724,42,,,0,30,,3732,42,,,0,70,,3735,42,,,0,30,,3734,42,,,0,70,,3723,42,,,0,30,,3718,42,,,0,70,,3717,49,,,0
1600,'e6a8ef7e-0cfa-4bac-b2c4-68d071108359',652,,3749,42,,,0,70,,3759,42,,,0,35,,3766,42,,,0,75,,3750,42,,,0,70,,3743,42,,,0,30,,3758,42,,,0,70,,3757,42,,,0,30,,3741,42,,,0,70,,3761,42,,,0,30,,3767,42,,,0,70,,3751,42,,,0,40,,3747,42,,,0,75,,3755,42,,,0,35,,3764,42,,,0,75,,3753,42,,,0,75,,3752,42,,,0,35,,3748,42,,,0,75,,3763,42,,,0,40,,3745,42,,,0,80,,3756,42,,,0,80,,3765,42,,,0,30,,3746,42,,,0,70,,3754,42,,,0,30,,3760,42,,,0,70,,3742,42,,,0,30,,3762,42,,,0,70,,3744,49,,,0
6600,'20e11cfa-d6a6-46ec-932e-c3530533c309',627,,6166,44,,,0,110,,6169,44,,,0,170,,6177,44,,,0,109,,6174,44,,,0,111,,6175,44,,,0,110,,6172,42,0,8,0,115,,6168,44,,,0,150,,6173,44,,,0,110,,6170,44,,,0,110,,6176,44,,,0,110,,6167,42,0,8,0,115,,6171,44,,,0
6600,'29539182-f080-4698-b528-b5cea7c0f7e4',627,,6182,44,,,0,110,,6179,44,,,0,170,,6181,44,,,0,109,,6183,44,,,0,111,,6185,44,,,0,110,,6180,42,0,8,0,115,,6189,44,,,0,150,,6184,44,,,0,110,,6188,44,,,0,110,,6186,44,,,0,110,,6187,42,0,8,0,115,,6178,44,,,0
6600,'4ff90fe8-7b85-4537-858e-36c817b2ba06',1036,,6192,44,,,0,200,,6190,44,,,0,200,,6191,44,,,0,200,,6193,44,,,0
6600,'53316f13-7e2a-415d-a780-d65e8f9fc920',636,,6197,44,,,0,100,,6196,44,,,0,800,,6194,44,,,0,100,,6195,44,,,0,100,,6198,44,,,0
6600,'9712db0e-9c6e-4aef-9821-7ba79476301c',627,,6200,44,,,0,110,,6204,44,,,0,170,,6206,44,,,0,109,,6209,44,,,0,111,,6201,44,,,0,110,,6203,42,0,8,0,115,,6205,44,,,0,150,,6199,44,,,0,110,,6208,44,,,0,110,,6210,44,,,0,110,,6202,42,0,8,0,115,,6207,44,,,0
6600,'aa100e8f-694c-4b5d-8041-b019347d5019',627,,6216,44,,,0,110,,6220,44,,,0,170,,6221,44,,,0,109,,6213,44,,,0,111,,6215,44,,,0,110,,6212,42,0,8,0,115,,6211,44,,,0,150,,6214,44,,,0,110,,6219,44,,,0,110,,6217,44,,,0,110,,6218,42,0,8,0,115,,6222,44,,,0
6600,'e6a8ef7e-0cfa-4bac-b2c4-68d071108359',627,,6232,44,,,0,110,,6226,44,,,0,170,,6224,44,,,0,109,,6234,44,,,0,111,,6233,44,,,0,110,,6228,42,0,8,0,115,,6231,44,,,0,150,,6225,44,,,0,110,,6229,44,,,0,110,,6223,44,,,0,110,,6230,42,0,8,0,115,,6227,44,,,0
