8100,'3cbacc5c-479f-4e46-92a9-193ce5972e98',2135,,17230,40,,,0
8100,'5d8e1f33-b15a-4d6c-bc08-744b1977a096',2135,,17231,40,,,0
8100,'603637be-3b89-4de4-a225-ae420419f9d6',1816,,17237,259,,,0
8100,'7c54d383-1c64-4a24-b06c-a04764f3562f',2135,,17239,40,,,0
8100,'8406d080-6e75-4486-a00b-1c9c8d02b55f',2135,,17240,40,,,0
8100,'d66d6429-e89f-4376-937c-b6bd14f92a3b',2135,,17241,40,,,0
8100,'d696856f-d252-4a8b-bd9f-2960bd70f042',2135,,17247,40,,,0
8200,'603637be-3b89-4de4-a225-ae420419f9d6',1249,,17256,143,,,0
8200,'d696856f-d252-4a8b-bd9f-2960bd70f042',949,,17257,143,,,0,400,,17258,143,,,0
8500,'3cbacc5c-479f-4e46-92a9-193ce5972e98',717,,17260,58,,,0,100,,17262,58,,,0,100,,17269,58,,,0,100,,17272,58,,,0,100,,17267,58,,,0,100,,17265,58,,,0,100,,17264,58,,,0,100,,17274,58,,,0,100,,17259,58,,,0,100,,17263,58,,,0,100,,17268,58,,,0,100,,17266,58,,,0,100,,17270,58,,,0,100,,17273,58,,,0,100,,17261,59,,,0
8500,'5d8e1f33-b15a-4d6c-bc08-744b1977a096',717,,17275,58,,,0,100,,17288,58,,,0,100,,17279,58,,,0,100,,17276,58,,,0,100,,17285,58,,,0,100,,17284,58,,,0,100,,17277,58,,,0,100,,17287,58,,,0,100,,17289,58,,,0,100,,17280,58,,,0,100,,17286,58,,,0,100,,17282,58,,,0,100,,17278,58,,,0,100,,17281,58,,,0,100,,17283,59,,,0
8500,'7c54d383-1c64-4a24-b06c-a04764f3562f',717,,17291,58,,,0,100,,17306,58,,,0,100,,17299,58,,,0,100,,17302,58,,,0,100,,17305,58,,,0,100,,17303,58,,,0,100,,17297,58,,,0,100,,17300,58,,,0,100,,17301,58,,,0,100,,17294,58,,,0,100,,17295,58,,,0,100,,17296,58,,,0,100,,17304,58,,,0,100,,17298,58,,,0,100,,17293,59,,,0
8500,'8406d080-6e75-4486-a00b-1c9c8d02b55f',717,,17321,58,,,0,100,,17322,58,,,0,100,,17319,58,,,0,100,,17309,58,,,0,100,,17308,58,,,0,100,,17312,58,,,0,100,,17307,58,,,0,100,,17314,58,,,0,100,,17310,58,,,0,100,,17315,58,,,0,100,,17311,58,,,0,100,,17317,58,,,0,100,,17316,58,,,0,100,,17313,58,,,0,100,,17320,59,,,0
8500,'d66d6429-e89f-4376-937c-b6bd14f92a3b',717,,17324,58,,,0,100,,17331,58,,,0,100,,17328,58,,,0,100,,17329,58,,,0,100,,17333,58,,,0,100,,17332,58,,,0,100,,17325,58,,,0,100,,17327,58,,,0,100,,17337,58,,,0,100,,17336,58,,,0,100,,17330,58,,,0,100,,17323,58,,,0,100,,17334,58,,,0,100,,17338,58,,,0,100,,17326,59,,,0
