1600,'20e11cfa-d6a6-46ec-932e-c3530533c309',651,,3627,38,,,0,70,,3631,38,,,0,35,,3623,38,,,0,75,,3613,38,,,0,70,,3629,38,,,0,30,,3618,38,,,0,70,,3608,38,,,0,30,,3626,38,,,0,70,,3614,38,,,0,30,,3607,38,,,0,70,,3633,38,,,0,40,,3624,38,,,0,75,,3617,38,,,0,35,,3628,38,,,0,75,,3612,38,,,0,75,,3615,38,,,0,35,,3620,38,,,0,75,,3609,38,,,0,40,,3621,38,,,0,80,,3622,38,,,0,80,,3619,38,,,0,30,,3632,38,,,0,70,,3610,38,,,0,30,,3625,38,,,0,70,,3616,38,,,0,30,,3630,38,,,0,70,,3611,45,,,0
1600,'29539182-f080-4698-b528-b5cea7c0f7e4',651,,3637,38,,,0,70,,3647,38,,,0,35,,3634,38,,,0,75,,3644,38,,,0,70,,3645,38,,,0,30,,3655,38,,,0,70,,3641,38,,,0,30,,3643,38,,,0,70,,3654,38,,,0,30,,3651,38,,,0,70,,3660,38,,,0,40,,3650,38,,,0,75,,3642,38,,,0,35,,3658,38,,,0,75,,3648,38,,,0,75,,3638,38,,,0,35,,3636,38,,,0,75,,3646,38,,,0,40,,3657,38,,,0,80,,3656,38,,,0,80,,3652,38,,,0,30,,3640,38,,,0,70,,3635,38,,,0,30,,3653,38,,,0,70,,3639,38,,,0,30,,3659,38,,,0,70,,3649,45,,,0
1600,'4ff90fe8-7b85-4537-858e-36c817b2ba06',1026,,3664,38,,,0,75,,3672,38,,,0,35,,3665,38,,,0,75,,3671,38,,,0,35,,3662,38,,,0,75,,3669,38,,,0,35,,3673,38,,,0,75,,3670,38,,,0,75,,3666,38,,,0,35,,3663,38,,,0,75,,3661,38,,,0,35,,3668,38,,,0,75,,3667,45,,,0
1600,'53316f13-7e2a-415d-a780-d65e8f9fc920',1136,,3682,38,,,0,75,,3677,38,,,0,35,,3679,38,,,0,75,,3685,38,,,0,35,,3684,38,,,0,75,,3680,38,,,0,75,,3681,38,,,0,35,,3676,38,,,0,75,,3683,38,,,0,35,,3674,38,,,0,75,,3686,38,,,0,75,,3675,38,,,0,35,,3678,45,,,0
1600,'9712db0e-9c6e-4aef-9821-7ba79476301c',651,,3699,38,,,0,70,,3702,38,,,0,35,,3694,38,,,0,75,,3708,38,,,0,70,,3704,38,,,0,30,,3696,38,,,0,70,,3698,38,,,0,30,,3688,38,,,0,70,,3703,38,,,0,30,,3705,38,,,0,70,,3713,38,,,0,40,,3710,38,,,0,75,,3687,38,,,0,35,,3693,38,,,0,75,,3712,38,,,0,75,,3691,38,,,0,35,,3711,38,,,0,75,,3692,38,,,0,40,,3709,38,,,0,80,,3700,38,,,0,80,,3695,38,,,0,30,,3690,38,,,0,70,,3697,38,,,0,30,,3706,38,,,0,70,,3701,38,,,0,30,,3707,38,,,0,70,,3689,45,,,0
1600,'aa100e8f-694c-4b5d-8041-b019347d5019',651,,3729,38,,,0,70,,3737,38,,,0,35,,3716,38,,,0,75,,3733,38,,,0,70,,3728,38,,,0,30,,3727,38,,,0,70,,3725,38,,,0,30,,3740,38,,,0,70,,3730,38,,,0,30,,3726,38,,,0,70,,3719,38,,,0,40,,3722,38,,,0,75,,3739,38,,,0,35,,3721,38,,,0,75,,3736,38,,,0,75,,3720,38,,,0,35,,3715,38,,,0,75,,3714,38,,,0,40,,3738,38,,,0,80,,3731,38,,,0,80,,3724,38,,,0,30,,3732,38,,,0,70,,3735,38,,,0,30,,3734,38,,,0,70,,3723,38,,,0,30,,3718,38,,,0,70,,3717,45,,,0
1600,'e6a8ef7e-0cfa-4bac-b2c4-68d071108359',651,,3749,38,,,0,70,,3759,38,,,0,35,,3766,38,,,0,75,,3750,38,,,0,70,,3743,38,,,0,30,,3758,38,,,0,70,,3757,38,,,0,30,,3741,38,,,0,70,,3761,38,,,0,30,,3767,38,,,0,70,,3751,38,,,0,40,,3747,38,,,0,75,,3755,38,,,0,35,,3764,38,,,0,75,,3753,38,,,0,75,,3752,38,,,0,35,,3748,38,,,0,75,,3763,38,,,0,40,,3745,38,,,0,80,,3756,38,,,0,80,,3765,38,,,0,30,,3746,38,,,0,70,,3754,38,,,0,30,,3760,38,,,0,70,,3742,38,,,0,30,,3762,38,,,0,70,,3744,45,,,0
6600,'20e11cfa-d6a6-46ec-932e-c3530533c309',626,,6166,40,,,0,110,,6169,40,,,0,170,,6177,40,,,0,110,,6174,40,,,0,110,,6175,40,,,0,110,,6172,38,0,8,0,115,,6168,40,,,0,150,,6173,40,,,0,110,,6170,40,,,0,110,,6176,40,,,0,110,,6167,38,0,8,0,115,,6171,40,,,0
6600,'29539182-f080-4698-b528-b5cea7c0f7e4',626,,6182,40,,,0,110,,6179,40,,,0,170,,6181,40,,,0,110,,6183,40,,,0,110,,6185,40,,,0,110,,6180,38,0,8,0,115,,6189,40,,,0,150,,6184,40,,,0,110,,6188,40,,,0,110,,6186,40,,,0,110,,6187,38,0,8,0,115,,6178,40,,,0
6600,'4ff90fe8-7b85-4537-858e-36c817b2ba06',1035,,6192,40,,,0,200,,6190,40,,,0,200,,6191,40,,,0,200,,6193,40,,,0
6600,'53316f13-7e2a-415d-a780-d65e8f9fc920',635,,6197,40,,,0,100,,6196,40,,,0,800,,6194,40,,,0,100,,6195,40,,,0,100,,6198,40,,,0
6600,'9712db0e-9c6e-4aef-9821-7ba79476301c',626,,6200,40,,,0,110,,6204,40,,,0,170,,6206,40,,,0,110,,6209,40,,,0,110,,6201,40,,,0,110,,6203,38,0,8,0,115,,6205,40,,,0,150,,6199,40,,,0,110,,6208,40,,,0,110,,6210,40,,,0,110,,6202,38,0,8,0,115,,6207,40,,,0
6600,'aa100e8f-694c-4b5d-8041-b019347d5019',626,,6216,40,,,0,110,,6220,40,,,0,170,,6221,40,,,0,110,,6213,40,,,0,110,,6215,40,,,0,110,,6212,38,0,8,0,115,,6211,40,,,0,150,,6214,40,,,0,110,,6219,40,,,0,110,,6217,40,,,0,110,,6218,38,0,8,0,115,,6222,40,,,0
6600,'e6a8ef7e-0cfa-4bac-b2c4-68d071108359',626,,6232,40,,,0,110,,6226,40,,,0,170,,6224,40,,,0,110,,6234,40,,,0,110,,6233,40,,,0,110,,6228,38,0,8,0,115,,6231,40,,,0,150,,6225,40,,,0,110,,6229,40,,,0,110,,6223,40,,,0,110,,6230,38,0,8,0,115,,6227,40,,,0
