8100,'20e11cfa-d6a6-46ec-932e-c3530533c309',2136,,6414,45,,,0
8100,'29539182-f080-4698-b528-b5cea7c0f7e4',2136,,6415,45,,,0
8100,'4ff90fe8-7b85-4537-858e-36c817b2ba06',1816,,6417,264,,,0
8100,'53316f13-7e2a-415d-a780-d65e8f9fc920',2136,,6424,45,,,0
8100,'9712db0e-9c6e-4aef-9821-7ba79476301c',2136,,6437,45,,,0
8100,'aa100e8f-694c-4b5d-8041-b019347d5019',2136,,6438,45,,,0
8100,'e6a8ef7e-0cfa-4bac-b2c4-68d071108359',2136,,6439,45,,,0
8200,'4ff90fe8-7b85-4537-858e-36c817b2ba06',1249,,6440,151,,,0
8200,'53316f13-7e2a-415d-a780-d65e8f9fc920',949,,6441,151,,,0,400,,6442,151,,,0
8500,'20e11cfa-d6a6-46ec-932e-c3530533c309',718,,6443,62,,,0,100,,6455,62,,,0,100,,6457,62,,,0,100,,6458,62,,,0,100,,6444,62,,,0,100,,6453,62,,,0,100,,6456,62,,,0,100,,6454,62,,,0,100,,6451,62,,,0,100,,6447,62,,,0,100,,6449,62,,,0,100,,6452,62,,,0,100,,6448,62,,,0,100,,6445,62,,,0,100,,6450,64,,,0
8500,'29539182-f080-4698-b528-b5cea7c0f7e4',718,,6470,62,,,0,100,,6474,62,,,0,100,,6466,62,,,0,100,,6473,62,,,0,100,,6472,62,,,0,100,,6467,62,,,0,100,,6471,62,,,0,100,,6460,62,,,0,100,,6459,62,,,0,100,,6468,62,,,0,100,,6461,62,,,0,100,,6462,62,,,0,100,,6469,62,,,0,100,,6465,62,,,0,100,,6463,64,,,0
8500,'9712db0e-9c6e-4aef-9821-7ba79476301c',718,,6489,62,,,0,100,,6484,62,,,0,100,,6485,62,,,0,100,,6482,62,,,0,100,,6490,62,,,0,100,,6488,62,,,0,100,,6486,62,,,0,100,,6475,62,,,0,100,,6480,62,,,0,100,,6476,62,,,0,100,,6487,62,,,0,100,,6483,62,,,0,100,,6477,62,,,0,100,,6478,62,,,0,100,,6481,64,,,0
8500,'aa100e8f-694c-4b5d-8041-b019347d5019',718,,6503,62,,,0,100,,6504,62,,,0,100,,6492,62,,,0,100,,6491,62,,,0,100,,6498,62,,,0,100,,6497,62,,,0,100,,6494,62,,,0,100,,6493,62,,,0,100,,6502,62,,,0,100,,6505,62,,,0,100,,6506,62,,,0,100,,6500,62,,,0,100,,6499,62,,,0,100,,6501,62,,,0,100,,6495,64,,,0
8500,'e6a8ef7e-0cfa-4bac-b2c4-68d071108359',718,,6522,62,,,0,100,,6517,62,,,0,100,,6514,62,,,0,100,,6518,62,,,0,100,,6519,62,,,0,100,,6512,62,,,0,100,,6511,62,,,0,100,,6516,62,,,0,100,,6508,62,,,0,100,,6510,62,,,0,100,,6520,62,,,0,100,,6509,62,,,0,100,,6507,62,,,0,100,,6521,62,,,0,100,,6515,64,,,0
