1600,'294e58fc-bc13-4a33-bb1d-a337996c2e9c',649,,10826,27,,,0,70,,10821,27,,,0,35,,10843,27,,,0,75,,10820,27,,,0,30,,10829,27,,,0,70,,10819,27,,,0,30,,10840,27,,,0,70,,10838,27,,,0,30,,10839,27,,,0,70,,10832,27,,,0,30,,10833,27,,,0,80,,10822,27,,,0,75,,10842,27,,,0,35,,10828,27,,,0,75,,10836,27,,,0,35,,10823,27,,,0,75,,10818,27,,,0,75,,10824,27,,,0,40,,10825,27,,,0,80,,10841,27,,,0,80,,10834,27,,,0,30,,10835,27,,,0,70,,10830,27,,,0,30,,10817,27,,,0,70,,10827,27,,,0,30,,10837,27,,,0,70,,10831,34,,,0
1600,'8ab1f009-ab59-4a8c-9771-20e344a37dba',1134,,10856,27,,,0,75,,10846,27,,,0,35,,10845,27,,,0,75,,10855,27,,,0,35,,10844,27,,,0,75,,10853,27,,,0,75,,10851,27,,,0,35,,10852,27,,,0,75,,10849,27,,,0,35,,10854,27,,,0,75,,10848,27,,,0,35,,10847,27,,,0,75,,10850,34,,,0
1600,'8e972226-8e68-4b6a-9fd3-2e7f449277f5',649,,10880,27,,,0,70,,10877,27,,,0,35,,10859,27,,,0,75,,10860,27,,,0,30,,10868,27,,,0,70,,10861,27,,,0,30,,10874,27,,,0,70,,10879,27,,,0,30,,10870,27,,,0,70,,10857,27,,,0,30,,10863,27,,,0,80,,10866,27,,,0,75,,10883,27,,,0,35,,10867,27,,,0,75,,10873,27,,,0,35,,10858,27,,,0,75,,10878,27,,,0,75,,10882,27,,,0,40,,10875,27,,,0,80,,10872,27,,,0,80,,10871,27,,,0,30,,10862,27,,,0,70,,10881,27,,,0,30,,10864,27,,,0,70,,10876,27,,,0,30,,10865,27,,,0,70,,10869,34,,,0
1600,'9493548d-afad-4b26-be65-c3aa23941f37',649,,10904,27,,,0,70,,10903,27,,,0,35,,10896,27,,,0,75,,10894,27,,,0,30,,10899,27,,,0,70,,10884,27,,,0,30,,10889,27,,,0,70,,10895,27,,,0,30,,10908,27,,,0,70,,10905,27,,,0,30,,10906,27,,,0,80,,10891,27,,,0,75,,10907,27,,,0,35,,10892,27,,,0,75,,10910,27,,,0,35,,10900,27,,,0,75,,10902,27,,,0,75,,10898,27,,,0,40,,10893,27,,,0,80,,10888,27,,,0,80,,10890,27,,,0,30,,10885,27,,,0,70,,10886,27,,,0,30,,10897,27,,,0,70,,10901,27,,,0,30,,10887,27,,,0,70,,10909,34,,,0
1600,'9577949b-c1b9-4893-a4cc-d601db41a1fc',649,,10929,27,,,0,70,,10913,27,,,0,35,,10925,27,,,0,75,,10937,27,,,0,30,,10922,27,,,0,70,,10930,27,,,0,30,,10933,27,,,0,70,,10912,27,,,0,30,,10931,27,,,0,70,,10914,27,,,0,30,,10932,27,,,0,80,,10921,27,,,0,75,,10927,27,,,0,35,,10915,27,,,0,75,,10916,27,,,0,35,,10917,27,,,0,75,,10935,27,,,0,75,,10936,27,,,0,40,,10926,27,,,0,80,,10934,27,,,0,80,,10923,27,,,0,30,,10918,27,,,0,70,,10924,27,,,0,30,,10911,27,,,0,70,,10928,27,,,0,30,,10919,27,,,0,70,,10920,34,,,0
1600,'991a1488-6339-4798-a1ff-4cc199131854',649,,10959,27,,,0,70,,10957,27,,,0,35,,10941,27,,,0,75,,10951,27,,,0,30,,10945,27,,,0,70,,10948,27,,,0,30,,10952,27,,,0,70,,10943,27,,,0,30,,10950,27,,,0,70,,10955,27,,,0,30,,10944,27,,,0,80,,10963,27,,,0,75,,10960,27,,,0,35,,10954,27,,,0,75,,10947,27,,,0,35,,10939,27,,,0,75,,10946,27,,,0,75,,10949,27,,,0,40,,10956,27,,,0,80,,10953,27,,,0,80,,10962,27,,,0,30,,10942,27,,,0,70,,10961,27,,,0,30,,10964,27,,,0,70,,10958,27,,,0,30,,10938,27,,,0,70,,10940,34,,,0
1600,'bec99aa0-a127-4e27-ae17-e4c7db42f9ba',1024,,10969,27,,,0,35,,10977,27,,,0,75,,10972,27,,,0,75,,10967,27,,,0,35,,10966,27,,,0,75,,10975,27,,,0,35,,10973,27,,,0,75,,10971,27,,,0,75,,10974,27,,,0,35,,10968,27,,,0,75,,10965,27,,,0,35,,10970,27,,,0,75,,10976,34,,,0
6600,'294e58fc-bc13-4a33-bb1d-a337996c2e9c',624,,13382,29,,,0,110,,13377,29,,,0,170,,13384,29,,,0,110,,13381,29,,,0,110,,13379,29,,,0,110,,13378,28,0,8,0,115,,13376,29,,,0,110,,13386,29,,,0,150,,13387,29,,,0,110,,13385,29,,,0,110,,13383,28,0,8,0,115,,13380,29,,,0
6600,'8ab1f009-ab59-4a8c-9771-20e344a37dba',634,,13388,29,,,0,100,,13391,29,,,0,800,,13392,29,,,0,100,,13389,29,,,0,100,,13390,29,,,0
6600,'8e972226-8e68-4b6a-9fd3-2e7f449277f5',624,,13394,29,,,0,110,,13395,29,,,0,170,,13393,29,,,0,110,,13398,29,,,0,110,,13396,29,,,0,110,,13402,28,0,8,0,115,,13400,29,,,0,110,,13401,29,,,0,150,,13399,29,,,0,110,,13403,29,,,0,110,,13404,28,0,8,0,115,,13397,29,,,0
6600,'9493548d-afad-4b26-be65-c3aa23941f37',624,,13413,29,,,0,110,,13407,29,,,0,170,,13415,29,,,0,110,,13406,29,,,0,110,,13412,29,,,0,110,,13405,28,0,8,0,115,,13411,29,,,0,110,,13409,29,,,0,150,,13416,29,,,0,110,,13410,29,,,0,110,,13414,28,0,8,0,115,,13408,29,,,0
6600,'9577949b-c1b9-4893-a4cc-d601db41a1fc',624,,13417,29,,,0,110,,13427,29,,,0,170,,13424,29,,,0,110,,13425,29,,,0,110,,13426,29,,,0,110,,13421,28,0,8,0,115,,13419,29,,,0,110,,13422,29,,,0,150,,13428,29,,,0,110,,13418,29,,,0,110,,13423,28,0,8,0,115,,13420,29,,,0
6600,'991a1488-6339-4798-a1ff-4cc199131854',624,,13429,29,,,0,110,,13439,29,,,0,170,,13431,29,,,0,110,,13438,29,,,0,110,,13437,29,,,0,110,,13436,28,0,8,0,115,,13430,29,,,0,110,,13435,29,,,0,150,,13434,29,,,0,110,,13433,29,,,0,110,,13432,28,0,8,0,115,,13440,29,,,0
6600,'bec99aa0-a127-4e27-ae17-e4c7db42f9ba',1034,,13442,29,,,0,200,,13444,29,,,0,200,,13441,29,,,0,200,,13443,29,,,0
