8100,'294e58fc-bc13-4a33-bb1d-a337996c2e9c',2219,,13624,214,,,0
8100,'8ab1f009-ab59-4a8c-9771-20e344a37dba',646,,13634,100,,,0,73,,13634,249,,,0,27,,13625,100,,,0,73,,13625,249,,,0,27,,13631,100,,,0,73,,13631,249,,,0,127,,13632,100,,,0,73,,13632,249,,,0,27,,13633,100,,,0,73,,13633,249,,,0,27,,13626,100,,,0,73,,13626,249,,,0,127,,13627,100,,,0,73,,13627,249,,,0,27,,13638,100,,,0,73,,13638,249,,,0,27,,13630,100,,,0,73,,13630,249,,,0,27,,13629,100,,,0,73,,13629,249,,,0,27,,13635,100,,,0,73,,13635,249,,,0,27,,13637,100,,,0,73,,13637,249,,,0,27,,13628,100,,,0,73,,13628,249,,,0,100,,13636,214,,,0
8100,'8e972226-8e68-4b6a-9fd3-2e7f449277f5',2219,,13639,214,,,0
8100,'9493548d-afad-4b26-be65-c3aa23941f37',2219,,13640,214,,,0
8100,'9577949b-c1b9-4893-a4cc-d601db41a1fc',2219,,13641,214,,,0
8100,'991a1488-6339-4798-a1ff-4cc199131854',2219,,13642,214,,,0
8100,'bec99aa0-a127-4e27-ae17-e4c7db42f9ba',1046,,13643,100,,,0,73,,13643,249,,,0,27,,13644,100,,,0,73,,13644,249,,,0,127,,13648,100,,,0,73,,13648,249,,,0,27,,13647,100,,,0,73,,13647,249,,,0,27,,13646,100,,,0,73,,13646,249,,,0,27,,13649,100,,,0,73,,13649,249,,,0,27,,13645,100,,,0,66,,13645,231,,,0
8200,'8ab1f009-ab59-4a8c-9771-20e344a37dba',945,,13650,107,,,0,74,,13650,322,,,0,326,,13651,107,,,0,74,,13651,322,,,0
8200,'bec99aa0-a127-4e27-ae17-e4c7db42f9ba',1245,,13652,107,,,0,74,,13652,322,,,0
8500,'294e58fc-bc13-4a33-bb1d-a337996c2e9c',711,,13653,35,,,0,100,,13668,35,,,0,100,,13666,35,,,0,100,,13654,35,,,0,100,,13655,35,,,0,100,,13657,35,,,0,100,,13659,35,,,0,100,,13667,35,,,0,100,,13661,35,,,0,100,,13664,35,,,0,100,,13663,35,,,0,100,,13658,35,,,0,100,,13656,35,,,0,100,,13660,35,,,0,100,,13665,35,,,0
8500,'8e972226-8e68-4b6a-9fd3-2e7f449277f5',711,,13675,35,,,0,100,,13680,35,,,0,100,,13683,35,,,0,100,,13671,35,,,0,100,,13670,35,,,0,100,,13673,35,,,0,100,,13679,35,,,0,100,,13677,35,,,0,100,,13669,35,,,0,100,,13672,35,,,0,100,,13684,35,,,0,100,,13674,35,,,0,100,,13676,35,,,0,100,,13682,35,,,0,100,,13678,35,,,0
8500,'9493548d-afad-4b26-be65-c3aa23941f37',711,,13691,35,,,0,100,,13688,35,,,0,100,,13695,35,,,0,100,,13686,35,,,0,100,,13689,35,,,0,100,,13694,35,,,0,100,,13690,35,,,0,100,,13693,35,,,0,100,,13692,35,,,0,100,,13700,35,,,0,100,,13685,35,,,0,100,,13696,35,,,0,100,,13699,35,,,0,100,,13687,35,,,0,100,,13698,35,,,0
8500,'9577949b-c1b9-4893-a4cc-d601db41a1fc',711,,13705,35,,,0,100,,13715,35,,,0,100,,13709,35,,,0,100,,13711,35,,,0,100,,13712,35,,,0,100,,13713,35,,,0,100,,13716,35,,,0,100,,13703,35,,,0,100,,13706,35,,,0,100,,13704,35,,,0,100,,13702,35,,,0,100,,13710,35,,,0,100,,13707,35,,,0,100,,13701,35,,,0,100,,13708,35,,,0
8500,'991a1488-6339-4798-a1ff-4cc199131854',711,,13718,35,,,0,100,,13717,35,,,0,100,,13722,35,,,0,100,,13723,35,,,0,100,,13728,35,,,0,100,,13725,35,,,0,100,,13724,35,,,0,100,,13726,35,,,0,100,,13727,35,,,0,100,,13720,35,,,0,100,,13732,35,,,0,100,,13730,35,,,0,100,,13719,35,,,0,100,,13721,35,,,0,100,,13729,35,,,0
