8100,'3b7f0ccc-4b86-44f9-804c-3016d4439aa6',2137,,10018,53,,,0
8100,'545fdaed-298a-4873-ae9e-185363247123',1817,,10019,274,,,0
8100,'72a07536-7ac5-462d-91fd-4adacd8d70a1',2137,,10026,53,,,0
8100,'b5be936f-506a-42fd-8fe9-aa394bb7d40c',2137,,10027,53,,,0
8100,'c0258e04-8c49-4a98-8bc9-d3680145007e',2137,,10028,53,,,0
8100,'db4ab86b-f5f5-4d9a-8c75-2988ac0b1af4',2137,,10030,53,,,0
8100,'fbc81037-9cf3-4a4d-b4aa-43897a8ca294',2137,,10043,53,,,0
8200,'545fdaed-298a-4873-ae9e-185363247123',1251,,10044,194,,,0
8200,'db4ab86b-f5f5-4d9a-8c75-2988ac0b1af4',951,,10046,194,,,0,400,,10045,194,,,0
8500,'3b7f0ccc-4b86-44f9-804c-3016d4439aa6',721,,10049,95,,,0,100,,10048,95,,,0,100,,10056,95,,,0,100,,10053,95,,,0,100,,10055,95,,,0,100,,10062,95,,,0,100,,10054,95,,,0,100,,10051,95,,,0,100,,10050,95,,,0,100,,10052,95,,,0,100,,10059,95,,,0,100,,10060,95,,,0,100,,10061,95,,,0,100,,10058,95,,,0,100,,10057,95,,,0
8500,'72a07536-7ac5-462d-91fd-4adacd8d70a1',721,,10073,95,,,0,100,,10063,95,,,0,100,,10066,95,,,0,100,,10072,95,,,0,100,,10077,95,,,0,100,,10071,95,,,0,100,,10070,95,,,0,100,,10064,95,,,0,100,,10068,95,,,0,100,,10069,95,,,0,100,,10078,95,,,0,100,,10075,95,,,0,100,,10074,95,,,0,100,,10067,95,,,0,100,,10065,95,,,0
8500,'b5be936f-506a-42fd-8fe9-aa394bb7d40c',721,,10080,95,,,0,100,,10094,95,,,0,100,,10093,95,,,0,100,,10091,95,,,0,100,,10079,95,,,0,100,,10085,95,,,0,100,,10083,95,,,0,100,,10089,95,,,0,100,,10088,95,,,0,100,,10082,95,,,0,100,,10081,95,,,0,100,,10092,95,,,0,100,,10087,95,,,0,100,,10084,95,,,0,100,,10086,95,,,0
8500,'c0258e04-8c49-4a98-8bc9-d3680145007e',721,,10107,95,,,0,100,,10110,95,,,0,100,,10101,95,,,0,100,,10108,95,,,0,100,,10095,95,,,0,100,,10098,95,,,0,100,,10104,95,,,0,100,,10106,95,,,0,100,,10102,95,,,0,100,,10105,95,,,0,100,,10100,95,,,0,100,,10103,95,,,0,100,,10096,95,,,0,100,,10109,95,,,0,100,,10097,95,,,0
8500,'fbc81037-9cf3-4a4d-b4aa-43897a8ca294',721,,10119,95,,,0,100,,10124,95,,,0,100,,10111,95,,,0,100,,10123,95,,,0,100,,10112,95,,,0,100,,10115,95,,,0,100,,10117,95,,,0,100,,10125,95,,,0,100,,10118,95,,,0,100,,10114,95,,,0,100,,10121,95,,,0,100,,10116,95,,,0,100,,10122,95,,,0,100,,10126,95,,,0,100,,10120,95,,,0
