8100,'3b7f0ccc-4b86-44f9-804c-3016d4439aa6',2147,,10018,137,,,0
8100,'545fdaed-298a-4873-ae9e-185363247123',1053,,10024,158,,,0,100,,10022,158,,,0,200,,10023,158,,,0,100,,10020,158,,,0,100,,10021,158,,,0,100,,10025,158,,,0,100,,10019,152,,,0
8100,'72a07536-7ac5-462d-91fd-4adacd8d70a1',2147,,10026,137,,,0
8100,'b5be936f-506a-42fd-8fe9-aa394bb7d40c',2147,,10027,137,,,0
8100,'c0258e04-8c49-4a98-8bc9-d3680145007e',2147,,10028,137,,,0
8100,'db4ab86b-f5f5-4d9a-8c75-2988ac0b1af4',653,,10038,158,,,0,100,,10041,158,,,0,100,,10031,158,,,0,200,,10033,158,,,0,100,,10029,158,,,0,100,,10034,158,,,0,200,,10037,158,,,0,100,,10032,158,,,0,100,,10039,158,,,0,100,,10035,158,,,0,100,,10042,158,,,0,100,,10040,158,,,0,100,,10036,158,,,0,94,,10030,137,,,0
8100,'fbc81037-9cf3-4a4d-b4aa-43897a8ca294',2147,,10043,137,,,0
8500,'3b7f0ccc-4b86-44f9-804c-3016d4439aa6',650,,10047,81,,,0,100,,10049,188,,,0,100,,10048,188,,,0,100,,10056,188,,,0,100,,10053,188,,,0,100,,10055,188,,,0,100,,10062,188,,,0,100,,10054,188,,,0,100,,10051,188,,,0,100,,10050,188,,,0,100,,10052,188,,,0,100,,10059,188,,,0,100,,10060,188,,,0,100,,10061,188,,,0,100,,10058,188,,,0,100,,10057,188,,,0
8500,'72a07536-7ac5-462d-91fd-4adacd8d70a1',650,,10076,81,,,0,100,,10073,188,,,0,100,,10063,188,,,0,100,,10066,188,,,0,100,,10072,188,,,0,100,,10077,188,,,0,100,,10071,188,,,0,100,,10070,188,,,0,100,,10064,188,,,0,100,,10068,188,,,0,100,,10069,188,,,0,100,,10078,188,,,0,100,,10075,188,,,0,100,,10074,188,,,0,100,,10067,188,,,0,100,,10065,188,,,0
8500,'b5be936f-506a-42fd-8fe9-aa394bb7d40c',650,,10090,81,,,0,100,,10080,188,,,0,100,,10094,188,,,0,100,,10093,188,,,0,100,,10091,188,,,0,100,,10079,188,,,0,100,,10085,188,,,0,100,,10083,188,,,0,100,,10089,188,,,0,100,,10088,188,,,0,100,,10082,188,,,0,100,,10081,188,,,0,100,,10092,188,,,0,100,,10087,188,,,0,100,,10084,188,,,0,100,,10086,188,,,0
8500,'c0258e04-8c49-4a98-8bc9-d3680145007e',650,,10099,81,,,0,100,,10107,188,,,0,100,,10110,188,,,0,100,,10101,188,,,0,100,,10108,188,,,0,100,,10095,188,,,0,100,,10098,188,,,0,100,,10104,188,,,0,100,,10106,188,,,0,100,,10102,188,,,0,100,,10105,188,,,0,100,,10100,188,,,0,100,,10103,188,,,0,100,,10096,188,,,0,100,,10109,188,,,0,100,,10097,188,,,0
8500,'fbc81037-9cf3-4a4d-b4aa-43897a8ca294',650,,10113,81,,,0,100,,10119,188,,,0,100,,10124,188,,,0,100,,10111,188,,,0,100,,10123,188,,,0,100,,10112,188,,,0,100,,10115,188,,,0,100,,10117,188,,,0,100,,10125,188,,,0,100,,10118,188,,,0,100,,10114,188,,,0,100,,10121,188,,,0,100,,10116,188,,,0,100,,10122,188,,,0,100,,10126,188,,,0,100,,10120,188,,,0
