5000,'0d5c96b9-c5c7-4e47-bc8d-f774254a7580',643,,164,,,0,64,,180,,,0,24,,191,,,0,69,,170,,,0,26,,168,,,0,26,,167,,,0,66,,171,,,0,23,,186,,,0,66,,185,,,0,26,,181,,,0,24,,165,,,0,71,,184,,,0,28,,190,,,0,89,,175,,,0,70,,187,,,0,85,,163,,,0,34,,169,,,0,67,,174,,,0,28,,192,,,0,29,,189,,,0,70,,179,,,0,72,,161,,,0,26,,173,,,0,74,,188,,,0,28,,172,,,0,27,,183,,,0,68,,177,,,0,24,,166,,,0,63,,176,,,0,28,,178,,,0,65,,159,,,0,23,,182,,,0,90,,160,,,0,23,,158,,,0,87,,157,,,0
5000,'254bf088-27c5-409f-95e0-aded341d1ed8',1016,,206,,,0,35,,193,,,0,75,,210,,,0,75,,204,,,0,35,,199,,,0,75,,200,,,0,35,,194,,,0,75,,198,,,0,35,,205,,,0,75,,202,,,0,75,,203,,,0,35,,207,,,0,75,,195,,,0,35,,196,,,0,75,,197,,,0,75,,208,,,0,35,,209,,,0
5000,'48a5c06b-7eda-467f-bced-b2025728d81d',648,,225,,,0,70,,238,,,0,38,,213,,,0,75,,220,,,0,75,,217,,,0,35,,215,,,0,75,,222,,,0,35,,236,,,0,75,,224,,,0,75,,211,,,0,35,,223,,,0,75,,218,,,0,35,,226,,,0,75,,212,,,0,35,,230,,,0,75,,234,,,0,75,,221,,,0,35,,232,,,0,75,,229,,,0,35,,237,,,0,75,,235,,,0,75,,240,,,0,35,,233,,,0,75,,228,,,0,35,,216,,,0,75,,239,,,0,35,,219,,,0,75,,214,,,0
5000,'5ea3716a-5a4b-434c-a8f4-f427803388f2',643,,260,,,0,64,,241,,,0,24,,256,,,0,69,,266,,,0,26,,251,,,0,26,,255,,,0,66,,254,,,0,23,,263,,,0,66,,245,,,0,26,,265,,,0,24,,261,,,0,71,,259,,,0,28,,247,,,0,89,,246,,,0,70,,273,,,0,85,,249,,,0,34,,244,,,0,67,,248,,,0,28,,269,,,0,29,,274,,,0,70,,242,,,0,72,,258,,,0,26,,264,,,0,74,,272,,,0,28,,268,,,0,27,,267,,,0,68,,252,,,0,24,,262,,,0,63,,275,,,0,28,,250,,,0,65,,257,,,0,23,,276,,,0,90,,270,,,0,23,,271,,,0,87,,253,,,0
5000,'868bc121-fb0c-4383-9699-388451a790cf',643,,285,,,0,64,,307,,,0,24,,295,,,0,69,,286,,,0,26,,293,,,0,26,,298,,,0,66,,309,,,0,23,,300,,,0,66,,281,,,0,26,,291,,,0,24,,280,,,0,71,,283,,,0,28,,301,,,0,89,,287,,,0,70,,304,,,0,85,,310,,,0,34,,284,,,0,67,,312,,,0,28,,303,,,0,29,,311,,,0,70,,282,,,0,72,,289,,,0,26,,299,,,0,74,,277,,,0,28,,279,,,0,27,,306,,,0,68,,288,,,0,24,,292,,,0,63,,305,,,0,28,,278,,,0,65,,308,,,0,23,,296,,,0,90,,290,,,0,23,,297,,,0,87,,302,,,0
5000,'9289a134-101b-4987-b6e8-c4ce4a2015fb',643,,317,,,0,64,,320,,,0,24,,336,,,0,69,,330,,,0,26,,316,,,0,26,,319,,,0,66,,323,,,0,23,,334,,,0,66,,322,,,0,26,,325,,,0,24,,331,,,0,71,,344,,,0,28,,314,,,0,89,,338,,,0,70,,318,,,0,85,,348,,,0,34,,329,,,0,67,,333,,,0,28,,332,,,0,29,,326,,,0,70,,346,,,0,72,,347,,,0,26,,327,,,0,74,,345,,,0,28,,343,,,0,27,,340,,,0,68,,339,,,0,24,,315,,,0,63,,324,,,0,28,,337,,,0,65,,342,,,0,23,,328,,,0,90,,321,,,0,23,,313,,,0,87,,341,,,0
5000,'ba06086d-4548-42cd-b016-2de359d3cea0',643,,381,,,0,64,,357,,,0,24,,371,,,0,69,,365,,,0,26,,367,,,0,26,,368,,,0,66,,380,,,0,23,,379,,,0,66,,352,,,0,26,,349,,,0,24,,382,,,0,71,,358,,,0,28,,350,,,0,89,,383,,,0,70,,372,,,0,85,,361,,,0,34,,363,,,0,67,,374,,,0,28,,351,,,0,29,,362,,,0,70,,364,,,0,72,,369,,,0,26,,384,,,0,74,,355,,,0,28,,378,,,0,27,,375,,,0,68,,359,,,0,24,,360,,,0,63,,373,,,0,28,,354,,,0,65,,356,,,0,23,,370,,,0,90,,376,,,0,23,,366,,,0,87,,377,,,0
5000,'be8bf329-48c0-4387-bcac-4bc2f3c23bb8',906,,395,,,0,35,,385,,,0,75,,392,,,0,35,,396,,,0,75,,397,,,0,75,,393,,,0,35,,394,,,0,75,,400,,,0,35,,390,,,0,75,,388,,,0,35,,387,,,0,75,,389,,,0,75,,398,,,0,35,,399,,,0,75,,386,,,0
5000,'caf85986-9e94-44c6-8066-5897e84e46de',941,,406,,,0,77,,404,,,0,33,,417,,,0,73,,409,,,0,35,,405,,,0,75,,411,,,0,77,,408,,,0,33,,416,,,0,77,,407,,,0,33,,418,,,0,77,,413,,,0,73,,403,,,0,37,,415,,,0,73,,410,,,0,37,,412,,,0,73,,414,,,0
5103,'0d5c96b9-c5c7-4e47-bc8d-f774254a7580',600,,459,0,6 1 7,0,13,,449,0,6 1 7,0,14,,429,0,6 1 7,0,14,,424,0,6 1 7,0,17,,421,0,6 1 7,0,53,,434,0,6 1 7,0,17,,473,0,6 1 7,0,16,,431,0,6 1 7,0,14,,481,0,6 1 7,0,58,,447,0,6 1 7,0,15,,435,0,6 1 7,0,13,,438,0,6 1 7,0,14,,442,0,6 1 7,0,58,,441,0,6 1 7,0,17,,419,0,6 1 7,0,15,,484,0,6 1 7,0,58,,467,0,6 1 7,0,15,,428,0,6 1 7,0,13,,437,0,6 1 7,0,15,,425,0,6 1 7,0,55,,464,0,6 1 7,0,18,,433,0,6 1 7,0,15,,457,0,6 1 7,0,15,,471,0,6 1 7,0,55,,445,0,6 1 7,0,20,,448,0,6 1 7,0,20,,480,0,6 1 7,0,55,,465,0,6 1 7,0,18,,440,0,6 1 7,0,18,,453,0,6 1 7,0,15,,436,0,6 1 7,0,55,,426,0,6 1 7,0,20,,483,0,6 1 7,0,19,,466,0,6 1 7,0,57,,461,0,6 1 7,0,17,,443,0,6 1 7,0,21,,450,0,6 1 7,0,15,,485,0,6 1 7,0,55,,463,0,6 1 7,0,18,,432,0,6 1 7,0,18,,452,0,6 1 7,0,58,,451,0,6 1 7,0,18,,478,0,6 1 7,0,20,,427,0,6 1 7,0,57,,444,0,6 1 7,0,15,,446,0,6 1 7,0,13,,420,0,6 1 7,0,18,,455,0,6 1 7,0,58,,474,0,6 1 7,0,18,,422,0,6 1 7,0,18,,439,0,6 1 7,0,18,,456,0,6 1 7,0,58,,486,0,6 1 7,0,10,,468,0,6 1 7,0,15,,423,0,6 1 7,0,15,,458,0,6 1 7,0,55,,469,0,6 1 7,0,14,,472,0,6 1 7,0,17,,460,0,6 1 7,0,58,,477,0,6 1 7,0,13,,462,0,6 1 7,0,12,,454,0,6 1 7,0,15,,479,0,6 1 7,0,15,,470,0,6 1 7,0,51,,475,0,6 1 7,0,16,,482,0,6 1 7,0,15,,476,0,6 1 7,0
5103,'254bf088-27c5-409f-95e0-aded341d1ed8',1045,,491,0,6 1 7,0,75,,499,0,6 1 7,0,35,,494,0,6 1 7,0,75,,497,0,6 1 7,0,75,,500,0,6 1 7,0,35,,492,0,6 1 7,0,75,,501,0,6 1 7,0,35,,493,0,6 1 7,0,75,,489,0,6 1 7,0,75,,490,0,6 1 7,0,35,,488,0,6 1 7,0,75,,487,0,6 1 7,0,35,,495,0,6 1 7,0,75,,498,0,6 1 7,0,35,,502,0,6 1 7,0
5103,'48a5c06b-7eda-467f-bced-b2025728d81d',618,,559,0,6 1 7,0,15,,545,0,6 1 7,0,12,,554,0,6 1 7,0,55,,564,0,6 1 7,0,15,,512,0,6 1 7,0,15,,504,0,6 1 7,0,15,,557,0,6 1 7,0,55,,561,0,6 1 7,0,15,,531,0,6 1 7,0,19,,558,0,6 1 7,0,18,,506,0,6 1 7,0,58,,567,0,6 1 7,0,16,,509,0,6 1 7,0,15,,511,0,6 1 7,0,15,,566,0,6 1 7,0,59,,505,0,6 1 7,0,18,,569,0,6 1 7,0,17,,541,0,6 1 7,0,56,,565,0,6 1 7,0,16,,529,0,6 1 7,0,12,,539,0,6 1 7,0,12,,514,0,6 1 7,0,12,,540,0,6 1 7,0,63,,546,0,6 1 7,0,19,,548,0,6 1 7,0,19,,526,0,6 1 7,0,56,,568,0,6 1 7,0,16,,560,0,6 1 7,0,16,,555,0,6 1 7,0,58,,510,0,6 1 7,0,16,,534,0,6 1 7,0,16,,519,0,6 1 7,0,18,,527,0,6 1 7,0,56,,530,0,6 1 7,0,17,,508,0,6 1 7,0,16,,513,0,6 1 7,0,58,,562,0,6 1 7,0,16,,538,0,6 1 7,0,16,,553,0,6 1 7,0,20,,528,0,6 1 7,0,55,,522,0,6 1 7,0,16,,518,0,6 1 7,0,16,,549,0,6 1 7,0,15,,542,0,6 1 7,0,57,,515,0,6 1 7,0,17,,563,0,6 1 7,0,18,,535,0,6 1 7,0,58,,552,0,6 1 7,0,16,,524,0,6 1 7,0,5,,550,0,6 1 7,0,13,,516,0,6 1 7,0,17,,503,0,6 1 7,0,57,,520,0,6 1 7,0,18,,556,0,6 1 7,0,18,,571,0,6 1 7,0,56,,572,0,6 1 7,0,15,,517,0,6 1 7,0,16,,544,0,6 1 7,0,17,,537,0,6 1 7,0,57,,570,0,6 1 7,0,18,,507,0,6 1 7,0,16,,521,0,6 1 7,0,14,,525,0,6 1 7,0,55,,523,0,6 1 7,0,15,,547,0,6 1 7,0
5103,'5ea3716a-5a4b-434c-a8f4-f427803388f2',600,,622,0,6 1 7,0,13,,607,0,6 1 7,0,14,,586,0,6 1 7,0,14,,573,0,6 1 7,0,17,,579,0,6 1 7,0,53,,589,0,6 1 7,0,17,,581,0,6 1 7,0,16,,593,0,6 1 7,0,14,,610,0,6 1 7,0,58,,599,0,6 1 7,0,15,,623,0,6 1 7,0,13,,618,0,6 1 7,0,14,,574,0,6 1 7,0,58,,596,0,6 1 7,0,17,,580,0,6 1 7,0,15,,587,0,6 1 7,0,58,,631,0,6 1 7,0,15,,595,0,6 1 7,0,13,,637,0,6 1 7,0,15,,602,0,6 1 7,0,55,,598,0,6 1 7,0,18,,588,0,6 1 7,0,15,,628,0,6 1 7,0,15,,575,0,6 1 7,0,55,,605,0,6 1 7,0,20,,614,0,6 1 7,0,20,,601,0,6 1 7,0,55,,639,0,6 1 7,0,18,,592,0,6 1 7,0,18,,576,0,6 1 7,0,15,,608,0,6 1 7,0,55,,615,0,6 1 7,0,20,,597,0,6 1 7,0,19,,582,0,6 1 7,0,57,,621,0,6 1 7,0,17,,620,0,6 1 7,0,21,,625,0,6 1 7,0,15,,590,0,6 1 7,0,55,,640,0,6 1 7,0,18,,634,0,6 1 7,0,18,,585,0,6 1 7,0,58,,594,0,6 1 7,0,18,,612,0,6 1 7,0,20,,611,0,6 1 7,0,57,,630,0,6 1 7,0,15,,632,0,6 1 7,0,13,,627,0,6 1 7,0,18,,626,0,6 1 7,0,58,,583,0,6 1 7,0,18,,603,0,6 1 7,0,18,,633,0,6 1 7,0,18,,604,0,6 1 7,0,58,,636,0,6 1 7,0,10,,591,0,6 1 7,0,15,,584,0,6 1 7,0,15,,609,0,6 1 7,0,55,,624,0,6 1 7,0,14,,635,0,6 1 7,0,17,,619,0,6 1 7,0,58,,577,0,6 1 7,0,13,,606,0,6 1 7,0,12,,613,0,6 1 7,0,15,,629,0,6 1 7,0,15,,616,0,6 1 7,0,51,,638,0,6 1 7,0,16,,617,0,6 1 7,0,15,,578,0,6 1 7,0
5103,'868bc121-fb0c-4383-9699-388451a790cf',600,,692,0,6 1 7,0,13,,705,0,6 1 7,0,14,,681,0,6 1 7,0,14,,675,0,6 1 7,0,17,,674,0,6 1 7,0,53,,704,0,6 1 7,0,17,,695,0,6 1 7,0,16,,696,0,6 1 7,0,14,,662,0,6 1 7,0,58,,701,0,6 1 7,0,15,,652,0,6 1 7,0,13,,687,0,6 1 7,0,14,,679,0,6 1 7,0,58,,694,0,6 1 7,0,17,,647,0,6 1 7,0,15,,689,0,6 1 7,0,58,,657,0,6 1 7,0,15,,649,0,6 1 7,0,13,,671,0,6 1 7,0,15,,658,0,6 1 7,0,55,,672,0,6 1 7,0,18,,678,0,6 1 7,0,15,,682,0,6 1 7,0,15,,655,0,6 1 7,0,55,,648,0,6 1 7,0,20,,677,0,6 1 7,0,20,,690,0,6 1 7,0,55,,708,0,6 1 7,0,18,,680,0,6 1 7,0,18,,641,0,6 1 7,0,15,,688,0,6 1 7,0,55,,684,0,6 1 7,0,20,,706,0,6 1 7,0,19,,651,0,6 1 7,0,57,,665,0,6 1 7,0,17,,645,0,6 1 7,0,21,,666,0,6 1 7,0,15,,697,0,6 1 7,0,55,,703,0,6 1 7,0,18,,667,0,6 1 7,0,18,,698,0,6 1 7,0,58,,653,0,6 1 7,0,18,,654,0,6 1 7,0,20,,702,0,6 1 7,0,57,,685,0,6 1 7,0,15,,670,0,6 1 7,0,13,,663,0,6 1 7,0,18,,683,0,6 1 7,0,58,,656,0,6 1 7,0,18,,707,0,6 1 7,0,18,,643,0,6 1 7,0,18,,644,0,6 1 7,0,58,,699,0,6 1 7,0,10,,668,0,6 1 7,0,15,,660,0,6 1 7,0,15,,700,0,6 1 7,0,55,,642,0,6 1 7,0,14,,646,0,6 1 7,0,17,,659,0,6 1 7,0,58,,661,0,6 1 7,0,13,,650,0,6 1 7,0,12,,673,0,6 1 7,0,15,,676,0,6 1 7,0,15,,691,0,6 1 7,0,51,,664,0,6 1 7,0,16,,669,0,6 1 7,0,15,,693,0,6 1 7,0
5103,'9289a134-101b-4987-b6e8-c4ce4a2015fb',600,,737,0,6 1 7,0,13,,773,0,6 1 7,0,14,,744,0,6 1 7,0,14,,717,0,6 1 7,0,17,,758,0,6 1 7,0,53,,754,0,6 1 7,0,17,,764,0,6 1 7,0,16,,766,0,6 1 7,0,14,,769,0,6 1 7,0,58,,731,0,6 1 7,0,15,,734,0,6 1 7,0,13,,755,0,6 1 7,0,14,,722,0,6 1 7,0,58,,749,0,6 1 7,0,17,,774,0,6 1 7,0,15,,726,0,6 1 7,0,58,,738,0,6 1 7,0,15,,739,0,6 1 7,0,13,,714,0,6 1 7,0,15,,751,0,6 1 7,0,55,,757,0,6 1 7,0,18,,746,0,6 1 7,0,15,,762,0,6 1 7,0,15,,772,0,6 1 7,0,55,,729,0,6 1 7,0,20,,709,0,6 1 7,0,20,,710,0,6 1 7,0,55,,771,0,6 1 7,0,18,,735,0,6 1 7,0,18,,765,0,6 1 7,0,15,,721,0,6 1 7,0,55,,752,0,6 1 7,0,20,,750,0,6 1 7,0,19,,742,0,6 1 7,0,57,,740,0,6 1 7,0,17,,725,0,6 1 7,0,21,,718,0,6 1 7,0,15,,743,0,6 1 7,0,55,,723,0,6 1 7,0,18,,711,0,6 1 7,0,18,,759,0,6 1 7,0,58,,761,0,6 1 7,0,18,,741,0,6 1 7,0,20,,756,0,6 1 7,0,57,,767,0,6 1 7,0,15,,733,0,6 1 7,0,13,,720,0,6 1 7,0,18,,716,0,6 1 7,0,58,,775,0,6 1 7,0,18,,724,0,6 1 7,0,18,,728,0,6 1 7,0,18,,776,0,6 1 7,0,58,,727,0,6 1 7,0,10,,748,0,6 1 7,0,15,,760,0,6 1 7,0,15,,732,0,6 1 7,0,55,,747,0,6 1 7,0,14,,770,0,6 1 7,0,17,,763,0,6 1 7,0,58,,730,0,6 1 7,0,13,,745,0,6 1 7,0,12,,736,0,6 1 7,0,15,,719,0,6 1 7,0,15,,753,0,6 1 7,0,51,,713,0,6 1 7,0,16,,715,0,6 1 7,0,15,,712,0,6 1 7,0
5103,'ba06086d-4548-42cd-b016-2de359d3cea0',600,,817,0,6 1 7,0,13,,804,0,6 1 7,0,14,,803,0,6 1 7,0,14,,838,0,6 1 7,0,17,,791,0,6 1 7,0,53,,781,0,6 1 7,0,17,,780,0,6 1 7,0,16,,843,0,6 1 7,0,14,,782,0,6 1 7,0,58,,839,0,6 1 7,0,15,,827,0,6 1 7,0,13,,821,0,6 1 7,0,14,,805,0,6 1 7,0,58,,841,0,6 1 7,0,17,,837,0,6 1 7,0,15,,800,0,6 1 7,0,58,,786,0,6 1 7,0,15,,834,0,6 1 7,0,13,,793,0,6 1 7,0,15,,808,0,6 1 7,0,55,,815,0,6 1 7,0,18,,809,0,6 1 7,0,15,,789,0,6 1 7,0,15,,818,0,6 1 7,0,55,,828,0,6 1 7,0,20,,820,0,6 1 7,0,20,,840,0,6 1 7,0,55,,783,0,6 1 7,0,18,,794,0,6 1 7,0,18,,778,0,6 1 7,0,15,,830,0,6 1 7,0,55,,822,0,6 1 7,0,20,,792,0,6 1 7,0,19,,799,0,6 1 7,0,57,,796,0,6 1 7,0,17,,798,0,6 1 7,0,21,,844,0,6 1 7,0,15,,777,0,6 1 7,0,55,,833,0,6 1 7,0,18,,832,0,6 1 7,0,18,,826,0,6 1 7,0,58,,785,0,6 1 7,0,18,,795,0,6 1 7,0,20,,829,0,6 1 7,0,57,,811,0,6 1 7,0,15,,797,0,6 1 7,0,13,,813,0,6 1 7,0,18,,816,0,6 1 7,0,58,,825,0,6 1 7,0,18,,787,0,6 1 7,0,18,,831,0,6 1 7,0,18,,788,0,6 1 7,0,58,,823,0,6 1 7,0,10,,801,0,6 1 7,0,15,,842,0,6 1 7,0,15,,779,0,6 1 7,0,55,,806,0,6 1 7,0,14,,784,0,6 1 7,0,17,,812,0,6 1 7,0,58,,790,0,6 1 7,0,13,,836,0,6 1 7,0,12,,819,0,6 1 7,0,15,,835,0,6 1 7,0,15,,814,0,6 1 7,0,51,,824,0,6 1 7,0,16,,810,0,6 1 7,0,15,,802,0,6 1 7,0
5103,'be8bf329-48c0-4387-bcac-4bc2f3c23bb8',825,,856,0,6 1 7,0,75,,848,0,6 1 7,0,35,,859,0,6 1 7,0,75,,853,0,6 1 7,0,35,,857,0,6 1 7,0,75,,851,0,6 1 7,0,35,,858,0,6 1 7,0,75,,847,0,6 1 7,0,75,,862,0,6 1 7,0,35,,861,0,6 1 7,0,75,,854,0,6 1 7,0,35,,852,0,6 1 7,0,75,,860,0,6 1 7,0,75,,855,0,6 1 7,0,35,,849,0,6 1 7,0,75,,850,0,6 1 7,0,35,,845,0,6 1 7,0
5103,'caf85986-9e94-44c6-8066-5897e84e46de',935,,891,0,6 1 7,0,12,,892,0,6 1 7,0,66,,864,0,6 1 7,0,20,,894,0,6 1 7,0,18,,890,0,6 1 7,0,58,,870,0,6 1 7,0,18,,885,0,6 1 7,0,18,,889,0,6 1 7,0,60,,876,0,6 1 7,0,18,,872,0,6 1 7,0,18,,881,0,6 1 7,0,18,,866,0,6 1 7,0,58,,888,0,6 1 7,0,18,,875,0,6 1 7,0,22,,867,0,6 1 7,0,58,,887,0,6 1 7,0,18,,882,0,6 1 7,0,18,,880,0,6 1 7,0,58,,893,0,6 1 7,0,18,,877,0,6 1 7,0,20,,879,0,6 1 7,0,60,,886,0,6 1 7,0,19,,868,0,6 1 7,0,18,,883,0,6 1 7,0,58,,873,0,6 1 7,0,18,,865,0,6 1 7,0,17,,878,0,6 1 7,0,16,,869,0,6 1 7,0,60,,863,0,6 1 7,0,15,,884,0,6 1 7,0,14,,874,0,6 1 7,0
