8100,'20e11cfa-d6a6-46ec-932e-c3530533c309',2139,,6414,62,,,0
8100,'29539182-f080-4698-b528-b5cea7c0f7e4',2139,,6415,62,,,0
8100,'4ff90fe8-7b85-4537-858e-36c817b2ba06',1819,,6417,283,,,0
8100,'53316f13-7e2a-415d-a780-d65e8f9fc920',2139,,6424,62,,,0
8100,'9712db0e-9c6e-4aef-9821-7ba79476301c',2139,,6437,62,,,0
8100,'aa100e8f-694c-4b5d-8041-b019347d5019',2139,,6438,62,,,0
8100,'e6a8ef7e-0cfa-4bac-b2c4-68d071108359',2139,,6439,62,,,0
8200,'4ff90fe8-7b85-4537-858e-36c817b2ba06',1253,,6440,214,,,0
8200,'53316f13-7e2a-415d-a780-d65e8f9fc920',953,,6441,214,,,0,400,,6442,214,,,0
8500,'20e11cfa-d6a6-46ec-932e-c3530533c309',725,,6443,105,,,0,100,,6455,105,,,0,100,,6457,105,,,0,100,,6458,105,,,0,100,,6444,105,,,0,100,,6453,105,,,0,100,,6456,105,,,0,100,,6454,105,,,0,100,,6451,105,,,0,100,,6447,105,,,0,100,,6449,105,,,0,100,,6452,105,,,0,100,,6448,105,,,0,100,,6445,105,,,0,100,,6450,105,,,0
8500,'29539182-f080-4698-b528-b5cea7c0f7e4',725,,6470,105,,,0,100,,6474,105,,,0,100,,6466,105,,,0,100,,6473,105,,,0,100,,6472,105,,,0,100,,6467,105,,,0,100,,6471,105,,,0,100,,6460,105,,,0,100,,6459,105,,,0,100,,6468,105,,,0,100,,6461,105,,,0,100,,6462,105,,,0,100,,6469,105,,,0,100,,6465,105,,,0,100,,6463,105,,,0
8500,'9712db0e-9c6e-4aef-9821-7ba79476301c',725,,6489,105,,,0,100,,6484,105,,,0,100,,6485,105,,,0,100,,6482,105,,,0,100,,6490,105,,,0,100,,6488,105,,,0,100,,6486,105,,,0,100,,6475,105,,,0,100,,6480,105,,,0,100,,6476,105,,,0,100,,6487,105,,,0,100,,6483,105,,,0,100,,6477,105,,,0,100,,6478,105,,,0,100,,6481,105,,,0
8500,'aa100e8f-694c-4b5d-8041-b019347d5019',725,,6503,105,,,0,100,,6504,105,,,0,100,,6492,105,,,0,100,,6491,105,,,0,100,,6498,105,,,0,100,,6497,105,,,0,100,,6494,105,,,0,100,,6493,105,,,0,100,,6502,105,,,0,100,,6505,105,,,0,100,,6506,105,,,0,100,,6500,105,,,0,100,,6499,105,,,0,100,,6501,105,,,0,100,,6495,105,,,0
8500,'e6a8ef7e-0cfa-4bac-b2c4-68d071108359',725,,6522,105,,,0,100,,6517,105,,,0,100,,6514,105,,,0,100,,6518,105,,,0,100,,6519,105,,,0,100,,6512,105,,,0,100,,6511,105,,,0,100,,6516,105,,,0,100,,6508,105,,,0,100,,6510,105,,,0,100,,6520,105,,,0,100,,6509,105,,,0,100,,6507,105,,,0,100,,6521,105,,,0,100,,6515,105,,,0
