9300,'294e58fc-bc13-4a33-bb1d-a337996c2e9c',655,,13879,88,,,0,72,,13886,88,,,0,77,,13863,88,,,0,35,,13871,88,,,0,75,,13865,88,,,0,35,,13881,88,,,0,75,,13872,88,,,0,35,,13875,88,,,0,75,,13873,88,,,0,75,,13870,88,,,0,35,,13869,88,,,0,75,,13885,88,,,0,35,,13882,88,,,0,75,,13884,88,,,0,75,,13888,88,,,0,35,,13866,88,,,0,75,,13868,88,,,0,91,,13889,88,,,0,41,,13877,88,,,0,80,,13874,88,,,0,33,,13864,88,,,0,70,,13876,88,,,0,30,,13883,88,,,0,70,,13880,88,,,0,30,,13878,88,,,0,70,,13867,88,,,0,30,,13887,88,,,0
9300,'8ab1f009-ab59-4a8c-9771-20e344a37dba',655,,13893,88,,,0,70,,13898,88,,,0,30,,13904,88,,,0,70,,13901,88,,,0,30,,13917,88,,,0,70,,13912,88,,,0,30,,13905,88,,,0,70,,13891,88,,,0,30,,13913,88,,,0,77,,13907,88,,,0,75,,13902,88,,,0,35,,13897,88,,,0,75,,13896,88,,,0,35,,13894,88,,,0,75,,13895,88,,,0,75,,13899,88,,,0,35,,13918,88,,,0,75,,13908,88,,,0,35,,13914,88,,,0,75,,13910,88,,,0,33,,13900,88,,,0,70,,13903,88,,,0,30,,13911,88,,,0,70,,13915,88,,,0,30,,13916,88,,,0,70,,13890,88,,,0,30,,13892,88,,,0,70,,13909,88,,,0,30,,13906,88,,,0
9300,'8e972226-8e68-4b6a-9fd3-2e7f449277f5',655,,13921,88,,,0,72,,13937,88,,,0,77,,13929,88,,,0,35,,13926,88,,,0,75,,13920,88,,,0,35,,13930,88,,,0,75,,13941,88,,,0,35,,13931,88,,,0,75,,13927,88,,,0,75,,13944,88,,,0,35,,13932,88,,,0,75,,13940,88,,,0,35,,13942,88,,,0,75,,13945,88,,,0,75,,13938,88,,,0,35,,13936,88,,,0,75,,13935,88,,,0,91,,13924,88,,,0,41,,13925,88,,,0,80,,13939,88,,,0,33,,13928,88,,,0,70,,13919,88,,,0,30,,13934,88,,,0,70,,13923,88,,,0,30,,13943,88,,,0,70,,13922,88,,,0,30,,13933,88,,,0
9300,'9493548d-afad-4b26-be65-c3aa23941f37',655,,13957,88,,,0,72,,13971,88,,,0,77,,13966,88,,,0,35,,13958,88,,,0,75,,13953,88,,,0,35,,13963,88,,,0,75,,13968,88,,,0,35,,13960,88,,,0,75,,13961,88,,,0,75,,13954,88,,,0,35,,13970,88,,,0,75,,13951,88,,,0,35,,13949,88,,,0,75,,13962,88,,,0,75,,13947,88,,,0,35,,13955,88,,,0,75,,13959,88,,,0,91,,13972,88,,,0,41,,13967,88,,,0,80,,13965,88,,,0,33,,13946,88,,,0,70,,13956,88,,,0,30,,13948,88,,,0,70,,13950,88,,,0,30,,13969,88,,,0,70,,13964,88,,,0,30,,13952,88,,,0
9300,'9577949b-c1b9-4893-a4cc-d601db41a1fc',655,,13997,88,,,0,72,,13990,88,,,0,77,,13981,88,,,0,35,,13973,88,,,0,75,,13996,88,,,0,35,,13986,88,,,0,75,,13984,88,,,0,35,,13987,88,,,0,75,,13980,88,,,0,75,,13978,88,,,0,35,,13994,88,,,0,75,,13983,88,,,0,35,,13991,88,,,0,75,,13992,88,,,0,75,,13979,88,,,0,35,,13995,88,,,0,75,,13993,88,,,0,91,,13988,88,,,0,41,,13975,88,,,0,80,,13976,88,,,0,33,,13989,88,,,0,70,,13998,88,,,0,30,,13974,88,,,0,70,,13985,88,,,0,30,,13977,88,,,0,70,,13982,88,,,0,30,,13999,88,,,0
9300,'991a1488-6339-4798-a1ff-4cc199131854',655,,14018,88,,,0,72,,14016,88,,,0,77,,14025,88,,,0,35,,14021,88,,,0,75,,14014,88,,,0,35,,14020,88,,,0,75,,14003,88,,,0,35,,14006,88,,,0,75,,14026,88,,,0,75,,14007,88,,,0,35,,14000,88,,,0,75,,14019,88,,,0,35,,14001,88,,,0,75,,14005,88,,,0,75,,14002,88,,,0,35,,14008,88,,,0,75,,14013,88,,,0,91,,14011,88,,,0,41,,14004,88,,,0,80,,14009,88,,,0,33,,14017,88,,,0,70,,14024,88,,,0,30,,14023,88,,,0,70,,14022,88,,,0,30,,14015,88,,,0,70,,14012,88,,,0,30,,14010,88,,,0
9300,'bec99aa0-a127-4e27-ae17-e4c7db42f9ba',955,,14042,88,,,0,70,,14038,88,,,0,30,,14036,88,,,0,70,,14032,88,,,0,30,,14030,88,,,0,72,,14033,88,,,0,75,,14027,88,,,0,35,,14037,88,,,0,75,,14035,88,,,0,35,,14034,88,,,0,75,,14040,88,,,0,35,,14031,88,,,0,75,,14039,88,,,0,75,,14029,88,,,0,35,,14041,88,,,0,75,,14028,88,,,0
9500,'294e58fc-bc13-4a33-bb1d-a337996c2e9c',656,,14252,126,,,0,75,,14258,126,,,0,75,,14246,126,,,0,35,,14253,126,,,0,75,,14260,126,,,0,35,,14262,126,,,0,75,,14243,126,,,0,75,,14249,126,,,0,35,,14266,126,,,0,75,,14255,126,,,0,35,,14259,126,,,0,75,,14247,126,,,0,35,,14251,126,,,0,75,,14269,126,,,0,75,,14244,126,,,0,35,,14261,126,,,0,75,,14248,126,,,0,92,,14250,126,,,0,42,,14245,126,,,0,80,,14263,126,,,0,71,,14256,126,,,0,30,,14265,126,,,0,70,,14268,126,,,0,30,,14264,126,,,0,70,,14267,126,,,0,30,,14254,126,,,0,70,,14257,131,,,0
9500,'8ab1f009-ab59-4a8c-9771-20e344a37dba',656,,14294,126,,,0,70,,14280,126,,,0,30,,14276,126,,,0,70,,14278,126,,,0,30,,14275,126,,,0,70,,14285,126,,,0,30,,14291,126,,,0,70,,14290,126,,,0,30,,14293,126,,,0,80,,14286,126,,,0,75,,14270,126,,,0,35,,14295,126,,,0,75,,14271,126,,,0,35,,14289,126,,,0,75,,14288,126,,,0,75,,14283,126,,,0,35,,14292,126,,,0,75,,14282,126,,,0,35,,14287,126,,,0,75,,14277,126,,,0,30,,14284,126,,,0,70,,14272,126,,,0,30,,14273,126,,,0,70,,14279,126,,,0,30,,14298,126,,,0,70,,14274,126,,,0,30,,14296,126,,,0,70,,14297,126,,,0,30,,14281,131,,,0
9500,'8e972226-8e68-4b6a-9fd3-2e7f449277f5',656,,14302,126,,,0,75,,14322,126,,,0,75,,14304,126,,,0,35,,14318,126,,,0,75,,14313,126,,,0,35,,14301,126,,,0,75,,14315,126,,,0,75,,14320,126,,,0,35,,14305,126,,,0,75,,14319,126,,,0,35,,14314,126,,,0,75,,14306,126,,,0,35,,14316,126,,,0,75,,14312,126,,,0,75,,14325,126,,,0,35,,14303,126,,,0,75,,14299,126,,,0,92,,14310,126,,,0,42,,14317,126,,,0,80,,14307,126,,,0,71,,14309,126,,,0,30,,14321,126,,,0,70,,14323,126,,,0,30,,14311,126,,,0,70,,14324,126,,,0,30,,14300,126,,,0,70,,14308,131,,,0
9500,'9493548d-afad-4b26-be65-c3aa23941f37',656,,14348,126,,,0,75,,14329,126,,,0,75,,14333,126,,,0,35,,14327,126,,,0,75,,14338,126,,,0,35,,14345,126,,,0,75,,14339,126,,,0,75,,14340,126,,,0,35,,14349,126,,,0,75,,14335,126,,,0,35,,14334,126,,,0,75,,14326,126,,,0,35,,14344,126,,,0,75,,14330,126,,,0,75,,14332,126,,,0,35,,14346,126,,,0,75,,14337,126,,,0,92,,14350,126,,,0,42,,14336,126,,,0,80,,14341,126,,,0,71,,14328,126,,,0,30,,14343,126,,,0,70,,14352,126,,,0,30,,14351,126,,,0,70,,14342,126,,,0,30,,14347,126,,,0,70,,14331,131,,,0
9500,'9577949b-c1b9-4893-a4cc-d601db41a1fc',656,,14372,126,,,0,75,,14353,126,,,0,75,,14378,126,,,0,35,,14375,126,,,0,75,,14376,126,,,0,35,,14357,126,,,0,75,,14354,126,,,0,75,,14377,126,,,0,35,,14356,126,,,0,75,,14359,126,,,0,35,,14379,126,,,0,75,,14364,126,,,0,35,,14365,126,,,0,75,,14370,126,,,0,75,,14360,126,,,0,35,,14362,126,,,0,75,,14358,126,,,0,92,,14363,126,,,0,42,,14371,126,,,0,80,,14366,126,,,0,71,,14367,126,,,0,30,,14369,126,,,0,70,,14361,126,,,0,30,,14355,126,,,0,70,,14368,126,,,0,30,,14374,126,,,0,70,,14373,131,,,0
9500,'991a1488-6339-4798-a1ff-4cc199131854',656,,14406,126,,,0,75,,14401,126,,,0,75,,14405,126,,,0,35,,14389,126,,,0,75,,14385,126,,,0,35,,14384,126,,,0,75,,14392,126,,,0,75,,14387,126,,,0,35,,14403,126,,,0,75,,14388,126,,,0,35,,14397,126,,,0,75,,14404,126,,,0,35,,14399,126,,,0,75,,14380,126,,,0,75,,14398,126,,,0,35,,14393,126,,,0,75,,14386,126,,,0,92,,14391,126,,,0,42,,14381,126,,,0,80,,14390,126,,,0,71,,14396,126,,,0,30,,14402,126,,,0,70,,14394,126,,,0,30,,14383,126,,,0,70,,14382,126,,,0,30,,14395,126,,,0,70,,14400,131,,,0
9500,'bec99aa0-a127-4e27-ae17-e4c7db42f9ba',956,,14414,126,,,0,70,,14416,126,,,0,30,,14410,126,,,0,70,,14418,126,,,0,30,,14413,126,,,0,75,,14419,126,,,0,75,,14415,126,,,0,35,,14409,126,,,0,75,,14417,126,,,0,35,,14422,126,,,0,75,,14407,126,,,0,75,,14411,126,,,0,35,,14408,126,,,0,75,,14420,126,,,0,35,,14421,126,,,0,75,,14412,131,,,0
