6100,'3cbacc5c-479f-4e46-92a9-193ce5972e98',559,,15974,125,,,0,75,,15963,125,,,0,75,,15978,125,,,0,16,,15983,125,,,0,21,,15989,125,,,0,62,,15986,125,,,0,20,,15988,125,,,0,20,,15957,125,,,0,60,,15959,125,,,0,18,,15984,125,,,0,22,,15966,125,,,0,80,,15981,125,,,0,80,,15956,125,,,0,40,,15954,125,,,0,80,,15982,125,,,0,80,,15993,125,,,0,20,,15955,125,,,0,25,,15990,125,,,0,60,,15962,125,,,0,23,,15979,125,,,0,20,,15973,125,,,0,65,,15987,125,,,0,21,,15972,125,,,0,65,,15971,125,,,0,20,,15980,125,,,0,25,,15964,125,,,0,60,,15969,125,,,0,24,,15977,125,,,0,20,,15994,125,,,0,63,,15953,125,,,0,20,,15985,125,,,0,20,,15975,125,,,0,60,,15976,125,,,0,16,,15961,125,,,0,20,,15965,125,,,0,55,,15970,125,,,0,35,,15967,125,,,0,77,,15991,125,,,0,33,,15968,125,,,0,75,,15992,125,,,0,75,,15960,125,,,0,31,,15958,125,,,0
6100,'5d8e1f33-b15a-4d6c-bc08-744b1977a096',559,,16031,125,,,0,75,,16022,125,,,0,75,,15998,125,,,0,16,,16005,125,,,0,21,,16018,125,,,0,62,,15999,125,,,0,20,,16028,125,,,0,20,,16036,125,,,0,60,,16020,125,,,0,18,,16016,125,,,0,22,,16002,125,,,0,80,,16007,125,,,0,80,,16012,125,,,0,40,,16024,125,,,0,80,,16006,125,,,0,80,,16025,125,,,0,20,,16033,125,,,0,25,,15997,125,,,0,60,,16017,125,,,0,23,,16027,125,,,0,20,,16015,125,,,0,65,,16000,125,,,0,21,,16030,125,,,0,65,,16001,125,,,0,20,,16014,125,,,0,25,,16035,125,,,0,60,,16003,125,,,0,24,,16011,125,,,0,20,,15995,125,,,0,63,,16009,125,,,0,20,,16032,125,,,0,20,,16034,125,,,0,60,,16004,125,,,0,16,,16023,125,,,0,20,,16021,125,,,0,55,,16010,125,,,0,35,,16013,125,,,0,77,,16008,125,,,0,33,,16029,125,,,0,75,,15996,125,,,0,75,,16026,125,,,0,31,,16019,125,,,0
6100,'603637be-3b89-4de4-a225-ae420419f9d6',956,,16045,125,,,0,81,,16042,125,,,0,80,,16048,125,,,0,40,,16038,125,,,0,80,,16047,125,,,0,80,,16037,125,,,0,40,,16046,125,,,0,80,,16043,125,,,0,80,,16039,125,,,0,40,,16041,125,,,0,80,,16040,125,,,0,80,,16049,125,,,0,38,,16044,128,,,0
6100,'7c54d383-1c64-4a24-b06c-a04764f3562f',559,,16077,125,,,0,75,,16072,125,,,0,75,,16078,125,,,0,16,,16071,125,,,0,21,,16064,125,,,0,62,,16059,125,,,0,20,,16061,125,,,0,20,,16069,125,,,0,60,,16068,125,,,0,18,,16057,125,,,0,22,,16052,125,,,0,80,,16089,125,,,0,80,,16084,125,,,0,40,,16086,125,,,0,80,,16087,125,,,0,80,,16053,125,,,0,20,,16050,125,,,0,25,,16079,125,,,0,60,,16074,125,,,0,23,,16075,125,,,0,20,,16063,125,,,0,65,,16091,125,,,0,21,,16054,125,,,0,65,,16066,125,,,0,20,,16085,125,,,0,25,,16058,125,,,0,60,,16051,125,,,0,24,,16076,125,,,0,20,,16062,125,,,0,63,,16083,125,,,0,20,,16081,125,,,0,20,,16060,125,,,0,60,,16067,125,,,0,16,,16088,125,,,0,20,,16056,125,,,0,55,,16080,125,,,0,35,,16070,125,,,0,77,,16090,125,,,0,33,,16055,125,,,0,75,,16065,125,,,0,75,,16073,125,,,0,31,,16082,125,,,0
6100,'8406d080-6e75-4486-a00b-1c9c8d02b55f',559,,16121,125,,,0,75,,16103,125,,,0,75,,16116,125,,,0,16,,16118,125,,,0,21,,16107,125,,,0,62,,16111,125,,,0,20,,16128,125,,,0,20,,16098,125,,,0,60,,16117,125,,,0,18,,16092,125,,,0,22,,16120,125,,,0,80,,16097,125,,,0,80,,16122,125,,,0,40,,16095,125,,,0,80,,16106,125,,,0,80,,16132,125,,,0,20,,16127,125,,,0,25,,16119,125,,,0,60,,16130,125,,,0,23,,16129,125,,,0,20,,16096,125,,,0,65,,16093,125,,,0,21,,16126,125,,,0,65,,16131,125,,,0,20,,16125,125,,,0,25,,16094,125,,,0,60,,16124,125,,,0,24,,16100,125,,,0,20,,16102,125,,,0,63,,16115,125,,,0,20,,16114,125,,,0,20,,16108,125,,,0,60,,16133,125,,,0,16,,16123,125,,,0,20,,16112,125,,,0,55,,16110,125,,,0,35,,16099,125,,,0,77,,16104,125,,,0,33,,16105,125,,,0,75,,16113,125,,,0,75,,16101,125,,,0,31,,16109,125,,,0
6100,'d66d6429-e89f-4376-937c-b6bd14f92a3b',559,,16139,125,,,0,75,,16152,125,,,0,75,,16140,125,,,0,16,,16167,125,,,0,21,,16141,125,,,0,62,,16135,125,,,0,20,,16137,125,,,0,20,,16144,125,,,0,60,,16136,125,,,0,18,,16164,125,,,0,22,,16145,125,,,0,80,,16157,125,,,0,80,,16151,125,,,0,40,,16170,125,,,0,80,,16155,125,,,0,80,,16147,125,,,0,20,,16159,125,,,0,25,,16142,125,,,0,60,,16146,125,,,0,23,,16156,125,,,0,20,,16143,125,,,0,65,,16163,125,,,0,21,,16153,125,,,0,65,,16168,125,,,0,20,,16165,125,,,0,25,,16169,125,,,0,60,,16161,125,,,0,24,,16172,125,,,0,20,,16160,125,,,0,63,,16166,125,,,0,20,,16148,125,,,0,20,,16173,125,,,0,60,,16162,125,,,0,16,,16134,125,,,0,20,,16149,125,,,0,55,,16171,125,,,0,35,,16175,125,,,0,77,,16174,125,,,0,33,,16138,125,,,0,75,,16158,125,,,0,75,,16154,125,,,0,31,,16150,125,,,0
6100,'d696856f-d252-4a8b-bd9f-2960bd70f042',635,,16182,125,,,0,92,,16180,125,,,0,80,,16189,125,,,0,40,,16198,125,,,0,80,,16193,125,,,0,80,,16177,125,,,0,40,,16179,125,,,0,83,,16196,125,,,0,85,,16183,125,,,0,85,,16181,125,,,0,45,,16176,125,,,0,85,,16187,125,,,0,85,,16192,125,,,0,85,,16199,125,,,0,45,,16194,125,,,0,85,,16190,125,,,0,85,,16197,125,,,0,40,,16178,125,,,0,75,,16191,125,,,0,75,,16195,125,,,0,35,,16185,125,,,0,75,,16184,125,,,0,35,,16186,125,,,0,72,,16188,128,,,0
6600,'3cbacc5c-479f-4e46-92a9-193ce5972e98',717,,16993,225,,,0,110,,16985,225,,,0,130,,16982,225,,,0,149,,16984,225,,,0,111,,16987,225,,,0,114,,16990,279,0,8,0,111,,16983,225,,,0,110,,16986,225,,,0,150,,16988,225,,,0,110,,16991,225,,,0,114,,16989,279,0,8,0,105,,16992,225,,,0
6600,'5d8e1f33-b15a-4d6c-bc08-744b1977a096',717,,17001,225,,,0,110,,16997,225,,,0,130,,17003,225,,,0,149,,17004,225,,,0,111,,17002,225,,,0,114,,16994,279,0,8,0,111,,16999,225,,,0,110,,17000,225,,,0,150,,17005,225,,,0,110,,16996,225,,,0,114,,16998,279,0,8,0,105,,16995,225,,,0
6600,'603637be-3b89-4de4-a225-ae420419f9d6',1117,,17009,225,,,0,200,,17006,225,,,0,200,,17008,225,,,0,200,,17007,225,,,0
6600,'7c54d383-1c64-4a24-b06c-a04764f3562f',717,,17017,225,,,0,110,,17021,225,,,0,130,,17018,225,,,0,149,,17020,225,,,0,111,,17013,225,,,0,114,,17012,279,0,8,0,111,,17011,225,,,0,110,,17015,225,,,0,150,,17010,225,,,0,110,,17016,225,,,0,114,,17014,279,0,8,0,105,,17019,225,,,0
6600,'8406d080-6e75-4486-a00b-1c9c8d02b55f',717,,17030,225,,,0,110,,17032,225,,,0,130,,17026,225,,,0,149,,17023,225,,,0,111,,17028,225,,,0,114,,17027,279,0,8,0,111,,17029,225,,,0,110,,17022,225,,,0,150,,17025,225,,,0,110,,17024,225,,,0,114,,17031,279,0,8,0,105,,17033,225,,,0
6600,'d66d6429-e89f-4376-937c-b6bd14f92a3b',717,,17037,225,,,0,110,,17041,225,,,0,130,,17038,225,,,0,149,,17040,225,,,0,111,,17034,225,,,0,114,,17036,279,0,8,0,111,,17045,225,,,0,110,,17044,225,,,0,150,,17035,225,,,0,110,,17043,225,,,0,114,,17039,279,0,8,0,105,,17042,225,,,0
6600,'d696856f-d252-4a8b-bd9f-2960bd70f042',717,,17050,225,,,0,100,,17049,225,,,0,800,,17048,225,,,0,100,,17046,225,,,0,100,,17047,225,,,0
