6000,'3cbacc5c-479f-4e46-92a9-193ce5972e98',638,,15791,64,,,0,75,,15792,64,,,0,35,,15803,64,,,0,80,,15807,64,,,0,80,,15796,64,,,0,40,,15802,64,,,0,80,,15804,64,,,0,80,,15798,64,,,0,40,,15790,64,,,0,80,,15793,64,,,0,80,,15788,64,,,0,40,,15784,64,,,0,80,,15789,64,,,0,80,,15786,64,,,0,40,,15799,64,,,0,80,,15800,64,,,0,80,,15794,64,,,0,40,,15805,64,,,0,80,,15797,64,,,0,80,,15783,64,,,0,35,,15787,64,,,0,75,,15782,64,,,0,35,,15806,64,,,0,75,,15795,64,,,0,75,,15801,64,,,0
6000,'5d8e1f33-b15a-4d6c-bc08-744b1977a096',638,,15815,64,,,0,75,,15819,64,,,0,35,,15810,64,,,0,80,,15824,64,,,0,80,,15829,64,,,0,40,,15833,64,,,0,80,,15818,64,,,0,80,,15826,64,,,0,40,,15827,64,,,0,80,,15817,64,,,0,80,,15828,64,,,0,40,,15832,64,,,0,80,,15812,64,,,0,80,,15809,64,,,0,40,,15825,64,,,0,80,,15823,64,,,0,80,,15821,64,,,0,40,,15808,64,,,0,80,,15822,64,,,0,80,,15820,64,,,0,35,,15816,64,,,0,75,,15813,64,,,0,35,,15814,64,,,0,75,,15830,64,,,0,75,,15811,64,,,0
6000,'603637be-3b89-4de4-a225-ae420419f9d6',933,,15843,64,,,0,75,,15848,64,,,0,35,,15846,64,,,0,75,,15836,64,,,0,35,,15835,64,,,0,75,,15839,64,,,0,75,,15841,64,,,0,35,,15847,64,,,0,75,,15838,64,,,0,35,,15834,64,,,0,75,,15844,64,,,0,35,,15842,64,,,0,75,,15845,64,,,0,75,,15840,64,,,0,35,,15837,64,,,0
6000,'7c54d383-1c64-4a24-b06c-a04764f3562f',638,,15865,64,,,0,75,,15850,64,,,0,35,,15863,64,,,0,80,,15857,64,,,0,80,,15851,64,,,0,40,,15867,64,,,0,80,,15853,64,,,0,80,,15856,64,,,0,40,,15870,64,,,0,80,,15860,64,,,0,80,,15861,64,,,0,40,,15852,64,,,0,80,,15869,64,,,0,80,,15874,64,,,0,40,,15859,64,,,0,80,,15873,64,,,0,80,,15866,64,,,0,40,,15854,64,,,0,80,,15849,64,,,0,80,,15871,64,,,0,35,,15862,64,,,0,75,,15868,64,,,0,35,,15855,64,,,0,75,,15872,64,,,0,75,,15864,64,,,0
6000,'8406d080-6e75-4486-a00b-1c9c8d02b55f',638,,15882,64,,,0,75,,15886,64,,,0,35,,15895,64,,,0,80,,15876,64,,,0,80,,15888,64,,,0,40,,15894,64,,,0,80,,15898,64,,,0,80,,15877,64,,,0,40,,15878,64,,,0,80,,15899,64,,,0,80,,15891,64,,,0,40,,15890,64,,,0,80,,15893,64,,,0,80,,15900,64,,,0,40,,15896,64,,,0,80,,15887,64,,,0,80,,15885,64,,,0,40,,15883,64,,,0,80,,15892,64,,,0,80,,15884,64,,,0,35,,15880,64,,,0,75,,15889,64,,,0,35,,15881,64,,,0,75,,15879,64,,,0,75,,15875,64,,,0
6000,'d66d6429-e89f-4376-937c-b6bd14f92a3b',638,,15912,64,,,0,75,,15923,64,,,0,35,,15918,64,,,0,80,,15906,64,,,0,80,,15904,64,,,0,40,,15919,64,,,0,80,,15908,64,,,0,80,,15907,64,,,0,40,,15902,64,,,0,80,,15916,64,,,0,80,,15909,64,,,0,40,,15921,64,,,0,80,,15917,64,,,0,80,,15903,64,,,0,40,,15915,64,,,0,80,,15920,64,,,0,80,,15925,64,,,0,40,,15901,64,,,0,80,,15926,64,,,0,80,,15914,64,,,0,35,,15913,64,,,0,75,,15910,64,,,0,35,,15924,64,,,0,75,,15922,64,,,0,75,,15905,64,,,0
6000,'d696856f-d252-4a8b-bd9f-2960bd70f042',638,,15934,64,,,0,75,,15945,64,,,0,35,,15950,64,,,0,80,,15951,64,,,0,80,,15929,64,,,0,40,,15949,64,,,0,80,,15940,64,,,0,80,,15928,64,,,0,40,,15936,64,,,0,80,,15952,64,,,0,80,,15933,64,,,0,40,,15948,64,,,0,80,,15937,64,,,0,80,,15946,64,,,0,40,,15941,64,,,0,80,,15935,64,,,0,80,,15942,64,,,0,40,,15939,64,,,0,80,,15931,64,,,0,80,,15943,64,,,0,35,,15947,64,,,0,75,,15944,64,,,0,35,,15927,64,,,0,75,,15932,64,,,0,75,,15930,64,,,0
6700,'3cbacc5c-479f-4e46-92a9-193ce5972e98',655,,17060,89,,,0,70,,17058,89,,,0,76,,17057,89,,,0,35,,17059,89,,,0,71,,17056,89,,,0,30,,17065,89,,,0,100,,17051,89,,,0,522,,17053,89,,,0,75,,17052,89,,,0,75,,17062,89,,,0,35,,17064,89,,,0,71,,17054,89,,,0,100,,17063,89,,,0,100,,17061,89,,,0
6700,'5d8e1f33-b15a-4d6c-bc08-744b1977a096',655,,17070,89,,,0,70,,17066,89,,,0,76,,17073,89,,,0,35,,17077,89,,,0,71,,17068,89,,,0,30,,17076,89,,,0,100,,17074,89,,,0,522,,17080,89,,,0,75,,17075,89,,,0,75,,17079,89,,,0,35,,17072,89,,,0,71,,17067,89,,,0,100,,17071,89,,,0,100,,17078,89,,,0
6700,'603637be-3b89-4de4-a225-ae420419f9d6',954,,17083,89,,,0,200,,17085,89,,,0,200,,17082,89,,,0,200,,17081,89,,,0,200,,17084,89,,,0
6700,'7c54d383-1c64-4a24-b06c-a04764f3562f',655,,17088,89,,,0,70,,17097,89,,,0,76,,17099,89,,,0,35,,17087,89,,,0,71,,17096,89,,,0,30,,17090,89,,,0,100,,17100,89,,,0,522,,17086,89,,,0,75,,17092,89,,,0,75,,17091,89,,,0,35,,17098,89,,,0,71,,17095,89,,,0,100,,17089,89,,,0,100,,17094,89,,,0
6700,'8406d080-6e75-4486-a00b-1c9c8d02b55f',655,,17113,89,,,0,70,,17101,89,,,0,76,,17102,89,,,0,35,,17104,89,,,0,71,,17106,89,,,0,30,,17112,89,,,0,100,,17115,89,,,0,522,,17111,89,,,0,75,,17103,89,,,0,75,,17114,89,,,0,35,,17105,89,,,0,71,,17110,89,,,0,100,,17107,89,,,0,100,,17108,89,,,0
6700,'d66d6429-e89f-4376-937c-b6bd14f92a3b',655,,17121,89,,,0,70,,17117,89,,,0,76,,17116,89,,,0,35,,17118,89,,,0,71,,17122,89,,,0,30,,17123,89,,,0,100,,17129,89,,,0,522,,17120,89,,,0,75,,17127,89,,,0,75,,17128,89,,,0,35,,17119,89,,,0,71,,17124,89,,,0,100,,17125,89,,,0,100,,17126,89,,,0
6700,'d696856f-d252-4a8b-bd9f-2960bd70f042',654,,17133,89,,,0,100,,17135,89,,,0,100,,17134,89,,,0,100,,17140,89,,,0,100,,17132,89,,,0,500,,17136,89,,,0,100,,17139,89,,,0,100,,17131,89,,,0,100,,17137,89,,,0,100,,17138,89,,,0
