6000,'20e11cfa-d6a6-46ec-932e-c3530533c309',625,,4977,2,,,0,75,,4984,2,,,0,35,,4968,2,,,0,80,,4967,2,,,0,40,,4970,2,,,0,80,,4985,2,,,0,80,,4991,2,,,0,40,,4983,2,,,0,80,,4978,2,,,0,80,,4989,2,,,0,40,,4986,2,,,0,80,,4990,2,,,0,80,,4971,2,,,0,40,,4976,2,,,0,80,,4972,2,,,0,80,,4987,2,,,0,40,,4980,2,,,0,80,,4969,2,,,0,80,,4973,2,,,0,40,,4982,2,,,0,75,,4981,2,,,0,75,,4974,2,,,0,35,,4988,2,,,0,75,,4966,2,,,0,35,,4975,2,,,0
6000,'29539182-f080-4698-b528-b5cea7c0f7e4',625,,5015,2,,,0,75,,4994,2,,,0,35,,5000,2,,,0,80,,5007,2,,,0,40,,5006,2,,,0,80,,5002,2,,,0,80,,5013,2,,,0,40,,5016,2,,,0,80,,4992,2,,,0,80,,5017,2,,,0,40,,4998,2,,,0,80,,5003,2,,,0,80,,5011,2,,,0,40,,5010,2,,,0,80,,5001,2,,,0,80,,5009,2,,,0,40,,4995,2,,,0,80,,5005,2,,,0,80,,5004,2,,,0,40,,4993,2,,,0,75,,4997,2,,,0,75,,4996,2,,,0,35,,5008,2,,,0,75,,5014,2,,,0,35,,5012,2,,,0
6000,'4ff90fe8-7b85-4537-858e-36c817b2ba06',920,,5028,2,,,0,35,,5027,2,,,0,75,,5021,2,,,0,75,,5019,2,,,0,35,,5022,2,,,0,75,,5025,2,,,0,35,,5029,2,,,0,75,,5024,2,,,0,75,,5032,2,,,0,35,,5026,2,,,0,75,,5020,2,,,0,35,,5031,2,,,0,75,,5023,2,,,0,35,,5030,2,,,0,75,,5018,2,,,0
6000,'53316f13-7e2a-415d-a780-d65e8f9fc920',625,,5043,2,,,0,75,,5041,2,,,0,35,,5050,2,,,0,80,,5034,2,,,0,40,,5037,2,,,0,80,,5056,2,,,0,80,,5042,2,,,0,40,,5053,2,,,0,80,,5036,2,,,0,80,,5047,2,,,0,40,,5035,2,,,0,80,,5033,2,,,0,80,,5058,2,,,0,40,,5057,2,,,0,80,,5051,2,,,0,80,,5039,2,,,0,40,,5048,2,,,0,80,,5046,2,,,0,80,,5055,2,,,0,40,,5049,2,,,0,75,,5045,2,,,0,75,,5052,2,,,0,35,,5038,2,,,0,75,,5054,2,,,0,35,,5044,2,,,0
6000,'9712db0e-9c6e-4aef-9821-7ba79476301c',625,,5084,2,,,0,75,,5072,2,,,0,35,,5069,2,,,0,80,,5071,2,,,0,40,,5074,2,,,0,80,,5067,2,,,0,80,,5080,2,,,0,40,,5059,2,,,0,80,,5064,2,,,0,80,,5078,2,,,0,40,,5068,2,,,0,80,,5081,2,,,0,80,,5061,2,,,0,40,,5079,2,,,0,80,,5083,2,,,0,80,,5060,2,,,0,40,,5066,2,,,0,80,,5062,2,,,0,80,,5077,2,,,0,40,,5075,2,,,0,75,,5076,2,,,0,75,,5063,2,,,0,35,,5082,2,,,0,75,,5073,2,,,0,35,,5070,2,,,0
6000,'aa100e8f-694c-4b5d-8041-b019347d5019',625,,5095,2,,,0,75,,5097,2,,,0,35,,5092,2,,,0,80,,5087,2,,,0,40,,5093,2,,,0,80,,5094,2,,,0,80,,5088,2,,,0,40,,5086,2,,,0,80,,5107,2,,,0,80,,5106,2,,,0,40,,5108,2,,,0,80,,5089,2,,,0,80,,5104,2,,,0,40,,5103,2,,,0,80,,5100,2,,,0,80,,5110,2,,,0,40,,5102,2,,,0,80,,5090,2,,,0,80,,5098,2,,,0,40,,5091,2,,,0,75,,5099,2,,,0,75,,5105,2,,,0,35,,5096,2,,,0,75,,5101,2,,,0,35,,5109,2,,,0
6000,'e6a8ef7e-0cfa-4bac-b2c4-68d071108359',625,,5117,2,,,0,75,,5116,2,,,0,35,,5133,2,,,0,80,,5135,2,,,0,40,,5131,2,,,0,80,,5118,2,,,0,80,,5112,2,,,0,40,,5130,2,,,0,80,,5123,2,,,0,80,,5136,2,,,0,40,,5119,2,,,0,80,,5122,2,,,0,80,,5126,2,,,0,40,,5128,2,,,0,80,,5127,2,,,0,80,,5121,2,,,0,40,,5114,2,,,0,80,,5115,2,,,0,80,,5132,2,,,0,40,,5113,2,,,0,75,,5125,2,,,0,75,,5124,2,,,0,35,,5111,2,,,0,75,,5120,2,,,0,35,,5129,2,,,0
6400,'20e11cfa-d6a6-46ec-932e-c3530533c309',620,,5774,1,,,0,35,,5779,1,,,0,58,,5782,1,,,0,18,,5786,1,,,0,18,,5763,1,,,0,58,,5759,1,,,0,18,,5758,1,,,0,18,,5761,1,,,0,58,,5753,1,,,0,18,,5762,1,,,0,18,,5755,1,,,0,18,,5769,1,,,0,75,,5760,1,,,0,75,,5785,1,,,0,35,,5764,1,,,0,75,,5775,1,,,0,35,,5771,1,,,0,75,,5776,1,,,0,75,,5780,1,,,0,35,,5749,1,,,0,18,,5783,1,,,0,58,,5772,1,,,0,18,,5768,1,,,0,18,,5754,1,,,0,58,,5773,1,,,0,18,,5766,1,,,0,18,,5751,1,,,0,18,,5767,1,,,0,58,,5765,1,,,0,18,,5757,1,,,0,75,,5756,1,,,0,35,,5778,1,,,0,75,,5784,1,,,0,35,,5777,1,,,0,75,,5752,1,,,0,70,,5781,1,,,0,30,,5770,1,,,0,70,,5750,1,,,0
6400,'29539182-f080-4698-b528-b5cea7c0f7e4',620,,5802,1,,,0,35,,5820,1,,,0,58,,5823,1,,,0,18,,5794,1,,,0,18,,5814,1,,,0,58,,5811,1,,,0,18,,5800,1,,,0,18,,5813,1,,,0,58,,5812,1,,,0,18,,5796,1,,,0,18,,5797,1,,,0,18,,5787,1,,,0,75,,5798,1,,,0,75,,5801,1,,,0,35,,5795,1,,,0,75,,5818,1,,,0,35,,5819,1,,,0,75,,5824,1,,,0,75,,5792,1,,,0,35,,5791,1,,,0,18,,5807,1,,,0,58,,5790,1,,,0,18,,5815,1,,,0,18,,5817,1,,,0,58,,5805,1,,,0,18,,5793,1,,,0,18,,5804,1,,,0,18,,5809,1,,,0,58,,5789,1,,,0,18,,5806,1,,,0,75,,5803,1,,,0,35,,5788,1,,,0,75,,5816,1,,,0,35,,5821,1,,,0,75,,5808,1,,,0,70,,5810,1,,,0,30,,5822,1,,,0,70,,5799,1,,,0
6400,'4ff90fe8-7b85-4537-858e-36c817b2ba06',930,,5833,1,,,0,75,,5838,1,,,0,35,,5828,1,,,0,75,,5825,1,,,0,35,,5831,1,,,0,75,,5826,1,,,0,75,,5839,1,,,0,35,,5836,1,,,0,75,,5829,1,,,0,35,,5835,1,,,0,75,,5834,1,,,0,35,,5837,1,,,0,75,,5840,1,,,0,75,,5830,1,,,0,35,,5832,1,,,0,75,,5827,1,,,0
6400,'53316f13-7e2a-415d-a780-d65e8f9fc920',620,,5864,1,,,0,35,,5847,1,,,0,75,,5844,1,,,0,80,,5858,1,,,0,40,,5857,1,,,0,80,,5848,1,,,0,75,,5867,1,,,0,35,,5850,1,,,0,75,,5846,1,,,0,35,,5863,1,,,0,75,,5865,1,,,0,75,,5845,1,,,0,35,,5842,1,,,0,75,,5862,1,,,0,35,,5856,1,,,0,75,,5841,1,,,0,35,,5843,1,,,0,80,,5859,1,,,0,80,,5866,1,,,0,40,,5851,1,,,0,80,,5861,1,,,0,75,,5852,1,,,0,35,,5854,1,,,0,75,,5860,1,,,0,35,,5849,1,,,0,75,,5853,1,,,0,75,,5855,1,,,0
6400,'9712db0e-9c6e-4aef-9821-7ba79476301c',620,,5883,1,,,0,35,,5868,1,,,0,58,,5892,1,,,0,18,,5895,1,,,0,18,,5878,1,,,0,58,,5888,1,,,0,18,,5898,1,,,0,18,,5882,1,,,0,58,,5893,1,,,0,18,,5903,1,,,0,18,,5904,1,,,0,18,,5886,1,,,0,75,,5870,1,,,0,75,,5873,1,,,0,35,,5877,1,,,0,75,,5880,1,,,0,35,,5889,1,,,0,75,,5881,1,,,0,75,,5894,1,,,0,35,,5897,1,,,0,18,,5887,1,,,0,58,,5899,1,,,0,18,,5890,1,,,0,18,,5879,1,,,0,58,,5902,1,,,0,18,,5869,1,,,0,18,,5905,1,,,0,18,,5874,1,,,0,58,,5884,1,,,0,18,,5900,1,,,0,75,,5901,1,,,0,35,,5876,1,,,0,75,,5871,1,,,0,35,,5896,1,,,0,75,,5891,1,,,0,70,,5885,1,,,0,30,,5875,1,,,0,70,,5872,1,,,0
6400,'aa100e8f-694c-4b5d-8041-b019347d5019',620,,5929,1,,,0,35,,5911,1,,,0,58,,5931,1,,,0,18,,5926,1,,,0,18,,5921,1,,,0,58,,5937,1,,,0,18,,5923,1,,,0,18,,5920,1,,,0,58,,5913,1,,,0,18,,5918,1,,,0,18,,5916,1,,,0,18,,5932,1,,,0,75,,5915,1,,,0,75,,5910,1,,,0,35,,5940,1,,,0,75,,5927,1,,,0,35,,5922,1,,,0,75,,5908,1,,,0,75,,5928,1,,,0,35,,5925,1,,,0,18,,5914,1,,,0,58,,5935,1,,,0,18,,5924,1,,,0,18,,5906,1,,,0,58,,5934,1,,,0,18,,5938,1,,,0,18,,5936,1,,,0,18,,5912,1,,,0,58,,5941,1,,,0,18,,5909,1,,,0,75,,5939,1,,,0,35,,5933,1,,,0,75,,5919,1,,,0,35,,5942,1,,,0,75,,5943,1,,,0,70,,5917,1,,,0,30,,5930,1,,,0,70,,5907,1,,,0
6400,'e6a8ef7e-0cfa-4bac-b2c4-68d071108359',620,,5980,1,,,0,35,,5960,1,,,0,58,,5976,1,,,0,18,,5951,1,,,0,18,,5962,1,,,0,58,,5954,1,,,0,18,,5944,1,,,0,18,,5961,1,,,0,58,,5965,1,,,0,18,,5971,1,,,0,18,,5969,1,,,0,18,,5946,1,,,0,75,,5950,1,,,0,75,,5968,1,,,0,35,,5972,1,,,0,75,,5957,1,,,0,35,,5974,1,,,0,75,,5978,1,,,0,75,,5970,1,,,0,35,,5958,1,,,0,18,,5945,1,,,0,58,,5948,1,,,0,18,,5973,1,,,0,18,,5955,1,,,0,58,,5981,1,,,0,18,,5975,1,,,0,18,,5952,1,,,0,18,,5947,1,,,0,58,,5977,1,,,0,18,,5967,1,,,0,75,,5966,1,,,0,35,,5953,1,,,0,75,,5963,1,,,0,35,,5959,1,,,0,75,,5956,1,,,0,70,,5979,1,,,0,30,,5949,1,,,0,70,,5964,1,,,0
6800,'20e11cfa-d6a6-46ec-932e-c3530533c309',631,,6339,10,,,0,70,,6335,10,,,0,30,,6329,10,,,0,70,,6328,10,,,0,30,,6327,10,,,0,112,,6325,10,,,0,100,,6336,10,,,0,488,,6333,10,,,0,70,,6337,10,,,0,30,,6334,10,,,0,70,,6330,10,,,0,30,,6332,10,,,0,90,,6338,10,,,0,100,,6331,10,,,0,100,,6326,10,,,0
6800,'29539182-f080-4698-b528-b5cea7c0f7e4',631,,6340,10,,,0,70,,6347,10,,,0,30,,6345,10,,,0,70,,6341,10,,,0,30,,6342,10,,,0,112,,6352,10,,,0,100,,6343,10,,,0,488,,6351,10,,,0,70,,6350,10,,,0,30,,6353,10,,,0,70,,6346,10,,,0,30,,6348,10,,,0,90,,6344,10,,,0,100,,6349,10,,,0,100,,6354,10,,,0
6800,'4ff90fe8-7b85-4537-858e-36c817b2ba06',1001,,6359,10,,,0,200,,6358,10,,,0,200,,6355,10,,,0,200,,6356,10,,,0,200,,6357,10,,,0
6800,'53316f13-7e2a-415d-a780-d65e8f9fc920',701,,6362,10,,,0,100,,6365,10,,,0,100,,6363,10,,,0,100,,6368,10,,,0,600,,6366,10,,,0,100,,6367,10,,,0,100,,6364,10,,,0,100,,6361,10,,,0,100,,6360,10,,,0
6800,'9712db0e-9c6e-4aef-9821-7ba79476301c',631,,6380,10,,,0,70,,6369,10,,,0,30,,6383,10,,,0,70,,6370,10,,,0,30,,6371,10,,,0,112,,6376,10,,,0,100,,6372,10,,,0,488,,6381,10,,,0,70,,6373,10,,,0,30,,6378,10,,,0,70,,6377,10,,,0,30,,6374,10,,,0,90,,6375,10,,,0,100,,6379,10,,,0,100,,6382,10,,,0
6800,'aa100e8f-694c-4b5d-8041-b019347d5019',631,,6391,10,,,0,70,,6386,10,,,0,30,,6387,10,,,0,70,,6394,10,,,0,30,,6385,10,,,0,112,,6393,10,,,0,100,,6397,10,,,0,488,,6388,10,,,0,70,,6384,10,,,0,30,,6392,10,,,0,70,,6389,10,,,0,30,,6396,10,,,0,90,,6395,10,,,0,100,,6398,10,,,0,100,,6390,10,,,0
6800,'e6a8ef7e-0cfa-4bac-b2c4-68d071108359',631,,6413,10,,,0,70,,6408,10,,,0,30,,6411,10,,,0,70,,6403,10,,,0,30,,6412,10,,,0,112,,6407,10,,,0,100,,6402,10,,,0,488,,6409,10,,,0,70,,6410,10,,,0,30,,6400,10,,,0,70,,6406,10,,,0,30,,6401,10,,,0,90,,6405,10,,,0,100,,6399,10,,,0,100,,6404,10,,,0
8100,'20e11cfa-d6a6-46ec-932e-c3530533c309',2131,,6414,8,,,0
8100,'29539182-f080-4698-b528-b5cea7c0f7e4',2131,,6415,8,,,0
8100,'4ff90fe8-7b85-4537-858e-36c817b2ba06',1031,,6418,8,,,0,100,,6420,8,,,0,200,,6416,8,,,0,100,,6421,8,,,0,100,,6422,8,,,0,100,,6419,8,,,0,100,,6417,8,,,0
8100,'53316f13-7e2a-415d-a780-d65e8f9fc920',631,,6431,8,,,0,100,,6425,8,,,0,100,,6435,8,,,0,200,,6433,8,,,0,100,,6434,8,,,0,100,,6423,8,,,0,200,,6428,8,,,0,100,,6430,8,,,0,100,,6436,8,,,0,100,,6429,8,,,0,100,,6427,8,,,0,100,,6432,8,,,0,100,,6426,8,,,0,100,,6424,8,,,0
8100,'9712db0e-9c6e-4aef-9821-7ba79476301c',2131,,6437,8,,,0
8100,'aa100e8f-694c-4b5d-8041-b019347d5019',2131,,6438,8,,,0
8100,'e6a8ef7e-0cfa-4bac-b2c4-68d071108359',2131,,6439,8,,,0
8200,'4ff90fe8-7b85-4537-858e-36c817b2ba06',1231,,6440,8,,,0
8200,'53316f13-7e2a-415d-a780-d65e8f9fc920',931,,6441,8,,,0,400,,6442,8,,,0
8600,'20e11cfa-d6a6-46ec-932e-c3530533c309',546,,6530,9,,,0,75,,6541,9,,,0,35,,6537,9,,,0,75,,6543,9,,,0,80,,6536,9,,,0,40,,6528,9,,,0,80,,6540,9,,,0,75,,6534,9,,,0,35,,6523,9,,,0,75,,6527,9,,,0,35,,6544,9,,,0,75,,6526,9,,,0,75,,6539,9,,,0,35,,6547,9,,,0,75,,6533,9,,,0,35,,6529,9,,,0,75,,6525,9,,,0,35,,6531,9,,,0,75,,6542,9,,,0,80,,6548,9,,,0,40,,6545,9,,,0,80,,6546,9,,,0,75,,6524,9,,,0,35,,6535,9,,,0,75,,6532,9,,,0,35,,6538,10,,,0
8600,'29539182-f080-4698-b528-b5cea7c0f7e4',546,,6565,9,,,0,75,,6568,9,,,0,35,,6560,9,,,0,75,,6562,9,,,0,80,,6571,9,,,0,40,,6559,9,,,0,80,,6574,9,,,0,75,,6573,9,,,0,35,,6563,9,,,0,75,,6561,9,,,0,35,,6553,9,,,0,75,,6549,9,,,0,75,,6566,9,,,0,35,,6555,9,,,0,75,,6551,9,,,0,35,,6554,9,,,0,75,,6564,9,,,0,35,,6556,9,,,0,75,,6558,9,,,0,80,,6552,9,,,0,40,,6557,9,,,0,80,,6567,9,,,0,75,,6569,9,,,0,35,,6572,9,,,0,75,,6570,9,,,0,35,,6550,10,,,0
8600,'9712db0e-9c6e-4aef-9821-7ba79476301c',546,,6577,9,,,0,75,,6597,9,,,0,35,,6585,9,,,0,75,,6596,9,,,0,80,,6587,9,,,0,40,,6580,9,,,0,80,,6575,9,,,0,75,,6594,9,,,0,35,,6588,9,,,0,75,,6586,9,,,0,35,,6582,9,,,0,75,,6598,9,,,0,75,,6581,9,,,0,35,,6592,9,,,0,75,,6599,9,,,0,35,,6578,9,,,0,75,,6579,9,,,0,35,,6589,9,,,0,75,,6590,9,,,0,80,,6576,9,,,0,40,,6593,9,,,0,80,,6595,9,,,0,75,,6583,9,,,0,35,,6584,9,,,0,75,,6591,9,,,0,35,,6600,10,,,0
8600,'aa100e8f-694c-4b5d-8041-b019347d5019',546,,6609,9,,,0,75,,6604,9,,,0,35,,6607,9,,,0,75,,6614,9,,,0,80,,6624,9,,,0,40,,6613,9,,,0,80,,6612,9,,,0,75,,6617,9,,,0,35,,6603,9,,,0,75,,6626,9,,,0,35,,6616,9,,,0,75,,6602,9,,,0,75,,6618,9,,,0,35,,6601,9,,,0,75,,6615,9,,,0,35,,6608,9,,,0,75,,6619,9,,,0,35,,6625,9,,,0,75,,6622,9,,,0,80,,6611,9,,,0,40,,6610,9,,,0,80,,6621,9,,,0,75,,6620,9,,,0,35,,6623,9,,,0,75,,6605,9,,,0,35,,6606,10,,,0
8600,'e6a8ef7e-0cfa-4bac-b2c4-68d071108359',546,,6641,9,,,0,75,,6649,9,,,0,35,,6627,9,,,0,75,,6637,9,,,0,80,,6642,9,,,0,40,,6634,9,,,0,80,,6646,9,,,0,75,,6648,9,,,0,35,,6628,9,,,0,75,,6636,9,,,0,35,,6652,9,,,0,75,,6644,9,,,0,75,,6632,9,,,0,35,,6638,9,,,0,75,,6650,9,,,0,35,,6631,9,,,0,75,,6640,9,,,0,35,,6645,9,,,0,75,,6629,9,,,0,80,,6651,9,,,0,40,,6643,9,,,0,80,,6633,9,,,0,75,,6647,9,,,0,35,,6639,9,,,0,75,,6630,9,,,0,35,,6635,10,,,0
