8100,'3cbacc5c-479f-4e46-92a9-193ce5972e98',2227,,17230,230,,,0
8100,'5d8e1f33-b15a-4d6c-bc08-744b1977a096',2227,,17231,230,,,0
8100,'603637be-3b89-4de4-a225-ae420419f9d6',1127,,17232,269,,,0,100,,17234,269,,,0,200,,17236,269,,,0,100,,17235,269,,,0,100,,17238,269,,,0,100,,17233,269,,,0,101,,17237,318,,,0
8100,'7c54d383-1c64-4a24-b06c-a04764f3562f',2227,,17239,230,,,0
8100,'8406d080-6e75-4486-a00b-1c9c8d02b55f',2227,,17240,230,,,0
8100,'d66d6429-e89f-4376-937c-b6bd14f92a3b',2227,,17241,230,,,0
8100,'d696856f-d252-4a8b-bd9f-2960bd70f042',727,,17254,269,,,0,100,,17242,269,,,0,100,,17250,269,,,0,200,,17243,269,,,0,100,,17253,269,,,0,100,,17255,269,,,0,200,,17252,269,,,0,100,,17244,269,,,0,100,,17245,269,,,0,100,,17251,269,,,0,100,,17246,269,,,0,100,,17249,269,,,0,100,,17248,269,,,0,100,,17247,230,,,0
8200,'603637be-3b89-4de4-a225-ae420419f9d6',1327,,17256,356,,,0
8200,'d696856f-d252-4a8b-bd9f-2960bd70f042',1027,,17257,356,,,0,400,,17258,356,,,0
8600,'3cbacc5c-479f-4e46-92a9-193ce5972e98',613,,17344,112,,,0,35,,17350,112,,,0,75,,17351,112,,,0,80,,17339,112,,,0,40,,17362,112,,,0,80,,17352,112,,,0,35,,17363,112,,,0,75,,17359,112,,,0,75,,17340,112,,,0,35,,17360,112,,,0,75,,17342,112,,,0,35,,17354,112,,,0,75,,17357,112,,,0,75,,17348,112,,,0,35,,17346,112,,,0,75,,17353,112,,,0,35,,17361,112,,,0,75,,17356,112,,,0,80,,17343,112,,,0,40,,17347,112,,,0,75,,17345,112,,,0,40,,17341,112,,,0,75,,17349,112,,,0,75,,17358,112,,,0,35,,17355,112,,,0,75,,17364,110,,,0
8600,'5d8e1f33-b15a-4d6c-bc08-744b1977a096',613,,17373,112,,,0,35,,17376,112,,,0,75,,17365,112,,,0,80,,17381,112,,,0,40,,17385,112,,,0,80,,17371,112,,,0,35,,17368,112,,,0,75,,17384,112,,,0,75,,17369,112,,,0,35,,17370,112,,,0,75,,17390,112,,,0,35,,17387,112,,,0,75,,17372,112,,,0,75,,17375,112,,,0,35,,17374,112,,,0,75,,17389,112,,,0,35,,17382,112,,,0,75,,17383,112,,,0,80,,17388,112,,,0,40,,17377,112,,,0,75,,17367,112,,,0,40,,17378,112,,,0,75,,17379,112,,,0,75,,17366,112,,,0,35,,17380,112,,,0,75,,17386,110,,,0
8600,'7c54d383-1c64-4a24-b06c-a04764f3562f',613,,17411,112,,,0,35,,17404,112,,,0,75,,17399,112,,,0,80,,17401,112,,,0,40,,17397,112,,,0,80,,17414,112,,,0,35,,17406,112,,,0,75,,17412,112,,,0,75,,17405,112,,,0,35,,17392,112,,,0,75,,17415,112,,,0,35,,17413,112,,,0,75,,17407,112,,,0,75,,17395,112,,,0,35,,17393,112,,,0,75,,17394,112,,,0,35,,17408,112,,,0,75,,17416,112,,,0,80,,17410,112,,,0,40,,17402,112,,,0,75,,17396,112,,,0,40,,17403,112,,,0,75,,17409,112,,,0,75,,17400,112,,,0,35,,17391,112,,,0,75,,17398,110,,,0
8600,'8406d080-6e75-4486-a00b-1c9c8d02b55f',613,,17433,112,,,0,35,,17429,112,,,0,75,,17430,112,,,0,80,,17438,112,,,0,40,,17434,112,,,0,80,,17439,112,,,0,35,,17442,112,,,0,75,,17428,112,,,0,75,,17432,112,,,0,35,,17417,112,,,0,75,,17424,112,,,0,35,,17419,112,,,0,75,,17421,112,,,0,75,,17437,112,,,0,35,,17436,112,,,0,75,,17427,112,,,0,35,,17422,112,,,0,75,,17418,112,,,0,80,,17426,112,,,0,40,,17423,112,,,0,75,,17425,112,,,0,40,,17440,112,,,0,75,,17441,112,,,0,75,,17431,112,,,0,35,,17420,112,,,0,75,,17435,110,,,0
8600,'d66d6429-e89f-4376-937c-b6bd14f92a3b',613,,17467,112,,,0,35,,17447,112,,,0,75,,17464,112,,,0,80,,17465,112,,,0,40,,17466,112,,,0,80,,17443,112,,,0,35,,17448,112,,,0,75,,17445,112,,,0,75,,17461,112,,,0,35,,17455,112,,,0,75,,17449,112,,,0,35,,17458,112,,,0,75,,17457,112,,,0,75,,17463,112,,,0,35,,17451,112,,,0,75,,17452,112,,,0,35,,17462,112,,,0,75,,17453,112,,,0,80,,17444,112,,,0,40,,17468,112,,,0,75,,17456,112,,,0,40,,17454,112,,,0,75,,17460,112,,,0,75,,17446,112,,,0,35,,17450,112,,,0,75,,17459,110,,,0
