8100,'294e58fc-bc13-4a33-bb1d-a337996c2e9c',2202,,13624,181,,,0
8100,'8ab1f009-ab59-4a8c-9771-20e344a37dba',708,,13634,215,,,0,100,,13625,215,,,0,100,,13631,215,,,0,200,,13632,215,,,0,100,,13633,215,,,0,100,,13626,215,,,0,200,,13627,215,,,0,100,,13638,215,,,0,100,,13630,215,,,0,100,,13629,215,,,0,100,,13635,215,,,0,100,,13637,215,,,0,100,,13628,215,,,0,94,,13636,181,,,0
8100,'8e972226-8e68-4b6a-9fd3-2e7f449277f5',2202,,13639,181,,,0
8100,'9493548d-afad-4b26-be65-c3aa23941f37',2202,,13640,181,,,0
8100,'9577949b-c1b9-4893-a4cc-d601db41a1fc',2202,,13641,181,,,0
8100,'991a1488-6339-4798-a1ff-4cc199131854',2202,,13642,181,,,0
8100,'bec99aa0-a127-4e27-ae17-e4c7db42f9ba',1108,,13643,215,,,0,100,,13644,215,,,0,200,,13648,215,,,0,100,,13647,215,,,0,100,,13646,215,,,0,100,,13649,215,,,0,98,,13645,196,,,0
8500,'294e58fc-bc13-4a33-bb1d-a337996c2e9c',701,,13662,124,,,0,100,,13653,231,,,0,100,,13668,231,,,0,100,,13666,231,,,0,100,,13654,231,,,0,100,,13655,231,,,0,100,,13657,231,,,0,100,,13659,231,,,0,100,,13667,231,,,0,100,,13661,231,,,0,100,,13664,231,,,0,100,,13663,231,,,0,100,,13658,231,,,0,100,,13656,231,,,0,100,,13660,231,,,0,100,,13665,231,,,0
8500,'8e972226-8e68-4b6a-9fd3-2e7f449277f5',701,,13681,124,,,0,100,,13675,231,,,0,100,,13680,231,,,0,100,,13683,231,,,0,100,,13671,231,,,0,100,,13670,231,,,0,100,,13673,231,,,0,100,,13679,231,,,0,100,,13677,231,,,0,100,,13669,231,,,0,100,,13672,231,,,0,100,,13684,231,,,0,100,,13674,231,,,0,100,,13676,231,,,0,100,,13682,231,,,0,100,,13678,231,,,0
8500,'9493548d-afad-4b26-be65-c3aa23941f37',701,,13697,124,,,0,100,,13691,231,,,0,100,,13688,231,,,0,100,,13695,231,,,0,100,,13686,231,,,0,100,,13689,231,,,0,100,,13694,231,,,0,100,,13690,231,,,0,100,,13693,231,,,0,100,,13692,231,,,0,100,,13700,231,,,0,100,,13685,231,,,0,100,,13696,231,,,0,100,,13699,231,,,0,100,,13687,231,,,0,100,,13698,231,,,0
8500,'9577949b-c1b9-4893-a4cc-d601db41a1fc',701,,13714,124,,,0,100,,13705,231,,,0,100,,13715,231,,,0,100,,13709,231,,,0,100,,13711,231,,,0,100,,13712,231,,,0,100,,13713,231,,,0,100,,13716,231,,,0,100,,13703,231,,,0,100,,13706,231,,,0,100,,13704,231,,,0,100,,13702,231,,,0,100,,13710,231,,,0,100,,13707,231,,,0,100,,13701,231,,,0,100,,13708,231,,,0
8500,'991a1488-6339-4798-a1ff-4cc199131854',701,,13731,124,,,0,100,,13718,231,,,0,100,,13717,231,,,0,100,,13722,231,,,0,100,,13723,231,,,0,100,,13728,231,,,0,100,,13725,231,,,0,100,,13724,231,,,0,100,,13726,231,,,0,100,,13727,231,,,0,100,,13720,231,,,0,100,,13732,231,,,0,100,,13730,231,,,0,100,,13719,231,,,0,100,,13721,231,,,0,100,,13729,231,,,0
