8100,'20e11cfa-d6a6-46ec-932e-c3530533c309',2135,,6414,36,,,0
8100,'29539182-f080-4698-b528-b5cea7c0f7e4',2135,,6415,36,,,0
8100,'4ff90fe8-7b85-4537-858e-36c817b2ba06',1815,,6417,255,,,0
8100,'53316f13-7e2a-415d-a780-d65e8f9fc920',2135,,6424,36,,,0
8100,'9712db0e-9c6e-4aef-9821-7ba79476301c',2135,,6437,36,,,0
8100,'aa100e8f-694c-4b5d-8041-b019347d5019',2135,,6438,36,,,0
8100,'e6a8ef7e-0cfa-4bac-b2c4-68d071108359',2135,,6439,36,,,0
8200,'4ff90fe8-7b85-4537-858e-36c817b2ba06',1248,,6440,138,,,0
8200,'53316f13-7e2a-415d-a780-d65e8f9fc920',948,,6441,138,,,0,400,,6442,138,,,0
8500,'20e11cfa-d6a6-46ec-932e-c3530533c309',716,,6443,55,,,0,100,,6455,55,,,0,100,,6457,55,,,0,100,,6458,55,,,0,100,,6444,55,,,0,100,,6453,55,,,0,100,,6456,55,,,0,100,,6454,55,,,0,100,,6451,55,,,0,100,,6447,55,,,0,100,,6449,55,,,0,100,,6452,55,,,0,100,,6448,55,,,0,100,,6445,55,,,0,100,,6450,55,,,0
8500,'29539182-f080-4698-b528-b5cea7c0f7e4',716,,6470,55,,,0,100,,6474,55,,,0,100,,6466,55,,,0,100,,6473,55,,,0,100,,6472,55,,,0,100,,6467,55,,,0,100,,6471,55,,,0,100,,6460,55,,,0,100,,6459,55,,,0,100,,6468,55,,,0,100,,6461,55,,,0,100,,6462,55,,,0,100,,6469,55,,,0,100,,6465,55,,,0,100,,6463,55,,,0
8500,'9712db0e-9c6e-4aef-9821-7ba79476301c',716,,6489,55,,,0,100,,6484,55,,,0,100,,6485,55,,,0,100,,6482,55,,,0,100,,6490,55,,,0,100,,6488,55,,,0,100,,6486,55,,,0,100,,6475,55,,,0,100,,6480,55,,,0,100,,6476,55,,,0,100,,6487,55,,,0,100,,6483,55,,,0,100,,6477,55,,,0,100,,6478,55,,,0,100,,6481,55,,,0
8500,'aa100e8f-694c-4b5d-8041-b019347d5019',716,,6503,55,,,0,100,,6504,55,,,0,100,,6492,55,,,0,100,,6491,55,,,0,100,,6498,55,,,0,100,,6497,55,,,0,100,,6494,55,,,0,100,,6493,55,,,0,100,,6502,55,,,0,100,,6505,55,,,0,100,,6506,55,,,0,100,,6500,55,,,0,100,,6499,55,,,0,100,,6501,55,,,0,100,,6495,55,,,0
8500,'e6a8ef7e-0cfa-4bac-b2c4-68d071108359',716,,6522,55,,,0,100,,6517,55,,,0,100,,6514,55,,,0,100,,6518,55,,,0,100,,6519,55,,,0,100,,6512,55,,,0,100,,6511,55,,,0,100,,6516,55,,,0,100,,6508,55,,,0,100,,6510,55,,,0,100,,6520,55,,,0,100,,6509,55,,,0,100,,6507,55,,,0,100,,6521,55,,,0,100,,6515,55,,,0
