8100,'3b7f0ccc-4b86-44f9-804c-3016d4439aa6',2216,,10018,207,,,0
8100,'545fdaed-298a-4873-ae9e-185363247123',1043,,10024,68,,,0,73,,10024,245,,,0,27,,10022,68,,,0,73,,10022,245,,,0,127,,10023,68,,,0,73,,10023,245,,,0,27,,10020,68,,,0,73,,10020,245,,,0,27,,10021,68,,,0,73,,10021,245,,,0,27,,10025,68,,,0,73,,10025,245,,,0,27,,10019,67,,,0,67,,10019,225,,,0
8100,'72a07536-7ac5-462d-91fd-4adacd8d70a1',2216,,10026,207,,,0
8100,'b5be936f-506a-42fd-8fe9-aa394bb7d40c',2216,,10027,207,,,0
8100,'c0258e04-8c49-4a98-8bc9-d3680145007e',2216,,10028,207,,,0
8100,'db4ab86b-f5f5-4d9a-8c75-2988ac0b1af4',643,,10038,68,,,0,73,,10038,245,,,0,27,,10041,68,,,0,73,,10041,245,,,0,27,,10031,68,,,0,73,,10031,245,,,0,127,,10033,68,,,0,73,,10033,245,,,0,27,,10029,68,,,0,73,,10029,245,,,0,27,,10034,68,,,0,73,,10034,245,,,0,127,,10037,68,,,0,73,,10037,245,,,0,27,,10032,68,,,0,73,,10032,245,,,0,27,,10039,68,,,0,73,,10039,245,,,0,27,,10035,68,,,0,73,,10035,245,,,0,27,,10042,68,,,0,73,,10042,245,,,0,27,,10040,68,,,0,73,,10040,245,,,0,27,,10036,68,,,0,73,,10036,245,,,0,100,,10030,207,,,0
8100,'fbc81037-9cf3-4a4d-b4aa-43897a8ca294',2216,,10043,207,,,0
8200,'545fdaed-298a-4873-ae9e-185363247123',1243,,10044,75,,,0,73,,10044,308,,,0
8200,'db4ab86b-f5f5-4d9a-8c75-2988ac0b1af4',943,,10046,75,,,0,73,,10046,308,,,0,327,,10045,75,,,0,73,,10045,308,,,0
8500,'3b7f0ccc-4b86-44f9-804c-3016d4439aa6',708,,10049,4,,,0,100,,10048,4,,,0,100,,10056,4,,,0,100,,10053,4,,,0,100,,10055,4,,,0,100,,10062,4,,,0,100,,10054,4,,,0,100,,10051,4,,,0,100,,10050,4,,,0,100,,10052,4,,,0,100,,10059,4,,,0,100,,10060,4,,,0,100,,10061,4,,,0,100,,10058,4,,,0,100,,10057,4,,,0
8500,'72a07536-7ac5-462d-91fd-4adacd8d70a1',708,,10073,4,,,0,100,,10063,4,,,0,100,,10066,4,,,0,100,,10072,4,,,0,100,,10077,4,,,0,100,,10071,4,,,0,100,,10070,4,,,0,100,,10064,4,,,0,100,,10068,4,,,0,100,,10069,4,,,0,100,,10078,4,,,0,100,,10075,4,,,0,100,,10074,4,,,0,100,,10067,4,,,0,100,,10065,4,,,0
8500,'b5be936f-506a-42fd-8fe9-aa394bb7d40c',708,,10080,4,,,0,100,,10094,4,,,0,100,,10093,4,,,0,100,,10091,4,,,0,100,,10079,4,,,0,100,,10085,4,,,0,100,,10083,4,,,0,100,,10089,4,,,0,100,,10088,4,,,0,100,,10082,4,,,0,100,,10081,4,,,0,100,,10092,4,,,0,100,,10087,4,,,0,100,,10084,4,,,0,100,,10086,4,,,0
8500,'c0258e04-8c49-4a98-8bc9-d3680145007e',708,,10107,4,,,0,100,,10110,4,,,0,100,,10101,4,,,0,100,,10108,4,,,0,100,,10095,4,,,0,100,,10098,4,,,0,100,,10104,4,,,0,100,,10106,4,,,0,100,,10102,4,,,0,100,,10105,4,,,0,100,,10100,4,,,0,100,,10103,4,,,0,100,,10096,4,,,0,100,,10109,4,,,0,100,,10097,4,,,0
8500,'fbc81037-9cf3-4a4d-b4aa-43897a8ca294',708,,10119,4,,,0,100,,10124,4,,,0,100,,10111,4,,,0,100,,10123,4,,,0,100,,10112,4,,,0,100,,10115,4,,,0,100,,10117,4,,,0,100,,10125,4,,,0,100,,10118,4,,,0,100,,10114,4,,,0,100,,10121,4,,,0,100,,10116,4,,,0,100,,10122,4,,,0,100,,10126,4,,,0,100,,10120,4,,,0
