8100,'294e58fc-bc13-4a33-bb1d-a337996c2e9c',2146,,13624,130,,,0
8100,'8ab1f009-ab59-4a8c-9771-20e344a37dba',652,,13634,150,,,0,100,,13625,150,,,0,100,,13631,150,,,0,200,,13632,150,,,0,100,,13633,150,,,0,100,,13626,150,,,0,200,,13627,150,,,0,100,,13638,150,,,0,100,,13630,150,,,0,100,,13629,150,,,0,100,,13635,150,,,0,100,,13637,150,,,0,100,,13628,150,,,0,94,,13636,130,,,0
8100,'8e972226-8e68-4b6a-9fd3-2e7f449277f5',2146,,13639,130,,,0
8100,'9493548d-afad-4b26-be65-c3aa23941f37',2146,,13640,130,,,0
8100,'9577949b-c1b9-4893-a4cc-d601db41a1fc',2146,,13641,130,,,0
8100,'991a1488-6339-4798-a1ff-4cc199131854',2146,,13642,130,,,0
8100,'bec99aa0-a127-4e27-ae17-e4c7db42f9ba',1052,,13643,150,,,0,100,,13644,150,,,0,200,,13648,150,,,0,100,,13647,150,,,0,100,,13646,150,,,0,100,,13649,150,,,0,100,,13645,145,,,0
8500,'294e58fc-bc13-4a33-bb1d-a337996c2e9c',649,,13662,74,,,0,100,,13653,181,,,0,100,,13668,181,,,0,100,,13666,181,,,0,100,,13654,181,,,0,100,,13655,181,,,0,100,,13657,181,,,0,100,,13659,181,,,0,100,,13667,181,,,0,100,,13661,181,,,0,100,,13664,181,,,0,100,,13663,181,,,0,100,,13658,181,,,0,100,,13656,181,,,0,100,,13660,181,,,0,100,,13665,181,,,0
8500,'8e972226-8e68-4b6a-9fd3-2e7f449277f5',649,,13681,74,,,0,100,,13675,181,,,0,100,,13680,181,,,0,100,,13683,181,,,0,100,,13671,181,,,0,100,,13670,181,,,0,100,,13673,181,,,0,100,,13679,181,,,0,100,,13677,181,,,0,100,,13669,181,,,0,100,,13672,181,,,0,100,,13684,181,,,0,100,,13674,181,,,0,100,,13676,181,,,0,100,,13682,181,,,0,100,,13678,181,,,0
8500,'9493548d-afad-4b26-be65-c3aa23941f37',649,,13697,74,,,0,100,,13691,181,,,0,100,,13688,181,,,0,100,,13695,181,,,0,100,,13686,181,,,0,100,,13689,181,,,0,100,,13694,181,,,0,100,,13690,181,,,0,100,,13693,181,,,0,100,,13692,181,,,0,100,,13700,181,,,0,100,,13685,181,,,0,100,,13696,181,,,0,100,,13699,181,,,0,100,,13687,181,,,0,100,,13698,181,,,0
8500,'9577949b-c1b9-4893-a4cc-d601db41a1fc',649,,13714,74,,,0,100,,13705,181,,,0,100,,13715,181,,,0,100,,13709,181,,,0,100,,13711,181,,,0,100,,13712,181,,,0,100,,13713,181,,,0,100,,13716,181,,,0,100,,13703,181,,,0,100,,13706,181,,,0,100,,13704,181,,,0,100,,13702,181,,,0,100,,13710,181,,,0,100,,13707,181,,,0,100,,13701,181,,,0,100,,13708,181,,,0
8500,'991a1488-6339-4798-a1ff-4cc199131854',649,,13731,74,,,0,100,,13718,181,,,0,100,,13717,181,,,0,100,,13722,181,,,0,100,,13723,181,,,0,100,,13728,181,,,0,100,,13725,181,,,0,100,,13724,181,,,0,100,,13726,181,,,0,100,,13727,181,,,0,100,,13720,181,,,0,100,,13732,181,,,0,100,,13730,181,,,0,100,,13719,181,,,0,100,,13721,181,,,0,100,,13729,181,,,0
