5000,'0d5c96b9-c5c7-4e47-bc8d-f774254a7580',642,,180,,,0,64,,191,,,0,24,,170,,,0,26,,168,,,0,66,,167,,,0,26,,171,,,0,66,,186,,,0,26,,185,,,0,66,,181,,,0,26,,165,,,0,26,,184,,,0,68,,190,,,0,85,,175,,,0,34,,187,,,0,85,,163,,,0,74,,169,,,0,29,,174,,,0,25,,192,,,0,69,,189,,,0,28,,179,,,0,71,,161,,,0,26,,173,,,0,74,,188,,,0,31,,172,,,0,67,,183,,,0,31,,177,,,0,64,,166,,,0,23,,176,,,0,66,,178,,,0,27,,159,,,0,23,,182,,,0,90,,160,,,0,63,,158,,,0,90,,157,,,0
5000,'254bf088-27c5-409f-95e0-aded341d1ed8',1023,,193,,,0,35,,210,,,0,75,,204,,,0,75,,199,,,0,35,,200,,,0,75,,194,,,0,35,,198,,,0,75,,205,,,0,75,,202,,,0,35,,203,,,0,75,,207,,,0,35,,195,,,0,75,,196,,,0,35,,197,,,0,75,,208,,,0,75,,209,,,0
5000,'48a5c06b-7eda-467f-bced-b2025728d81d',728,,213,,,0,75,,220,,,0,35,,217,,,0,75,,215,,,0,35,,222,,,0,75,,236,,,0,35,,224,,,0,75,,211,,,0,75,,223,,,0,35,,218,,,0,75,,226,,,0,35,,212,,,0,75,,230,,,0,75,,234,,,0,35,,221,,,0,75,,232,,,0,35,,229,,,0,75,,237,,,0,35,,235,,,0,75,,240,,,0,75,,233,,,0,35,,228,,,0,75,,216,,,0,35,,239,,,0,75,,219,,,0,75,,214,,,0
5000,'5ea3716a-5a4b-434c-a8f4-f427803388f2',642,,241,,,0,64,,256,,,0,24,,266,,,0,26,,251,,,0,66,,255,,,0,26,,254,,,0,66,,263,,,0,26,,245,,,0,66,,265,,,0,26,,261,,,0,26,,259,,,0,68,,247,,,0,85,,246,,,0,34,,273,,,0,85,,249,,,0,74,,244,,,0,29,,248,,,0,25,,269,,,0,69,,274,,,0,28,,242,,,0,71,,258,,,0,26,,264,,,0,74,,272,,,0,31,,268,,,0,67,,267,,,0,31,,252,,,0,64,,262,,,0,23,,275,,,0,66,,250,,,0,27,,257,,,0,23,,276,,,0,90,,270,,,0,63,,271,,,0,90,,253,,,0
5000,'868bc121-fb0c-4383-9699-388451a790cf',642,,307,,,0,64,,295,,,0,24,,286,,,0,26,,293,,,0,66,,298,,,0,26,,309,,,0,66,,300,,,0,26,,281,,,0,66,,291,,,0,26,,280,,,0,26,,283,,,0,68,,301,,,0,85,,287,,,0,34,,304,,,0,85,,310,,,0,74,,284,,,0,29,,312,,,0,25,,303,,,0,69,,311,,,0,28,,282,,,0,71,,289,,,0,26,,299,,,0,74,,277,,,0,31,,279,,,0,67,,306,,,0,31,,288,,,0,64,,292,,,0,23,,305,,,0,66,,278,,,0,27,,308,,,0,23,,296,,,0,90,,290,,,0,63,,297,,,0,90,,302,,,0
5000,'9289a134-101b-4987-b6e8-c4ce4a2015fb',642,,320,,,0,64,,336,,,0,24,,330,,,0,26,,316,,,0,66,,319,,,0,26,,323,,,0,66,,334,,,0,26,,322,,,0,66,,325,,,0,26,,331,,,0,26,,344,,,0,68,,314,,,0,85,,338,,,0,34,,318,,,0,85,,348,,,0,74,,329,,,0,29,,333,,,0,25,,332,,,0,69,,326,,,0,28,,346,,,0,71,,347,,,0,26,,327,,,0,74,,345,,,0,31,,343,,,0,67,,340,,,0,31,,339,,,0,64,,315,,,0,23,,324,,,0,66,,337,,,0,27,,342,,,0,23,,328,,,0,90,,321,,,0,63,,313,,,0,90,,341,,,0
5000,'ba06086d-4548-42cd-b016-2de359d3cea0',642,,357,,,0,64,,371,,,0,24,,365,,,0,26,,367,,,0,66,,368,,,0,26,,380,,,0,66,,379,,,0,26,,352,,,0,66,,349,,,0,26,,382,,,0,26,,358,,,0,68,,350,,,0,85,,383,,,0,34,,372,,,0,85,,361,,,0,74,,363,,,0,29,,374,,,0,25,,351,,,0,69,,362,,,0,28,,364,,,0,71,,369,,,0,26,,384,,,0,74,,355,,,0,31,,378,,,0,67,,375,,,0,31,,359,,,0,64,,360,,,0,23,,373,,,0,66,,354,,,0,27,,356,,,0,23,,370,,,0,90,,376,,,0,63,,366,,,0,90,,377,,,0
5000,'be8bf329-48c0-4387-bcac-4bc2f3c23bb8',838,,395,,,0,75,,385,,,0,35,,392,,,0,75,,396,,,0,35,,397,,,0,75,,393,,,0,75,,394,,,0,35,,400,,,0,75,,390,,,0,35,,388,,,0,75,,387,,,0,75,,389,,,0,35,,398,,,0,75,,399,,,0,35,,386,,,0
5000,'caf85986-9e94-44c6-8066-5897e84e46de',948,,404,,,0,75,,417,,,0,36,,409,,,0,75,,405,,,0,75,,411,,,0,34,,408,,,0,76,,416,,,0,34,,407,,,0,76,,418,,,0,74,,413,,,0,36,,403,,,0,74,,415,,,0,36,,410,,,0,74,,412,,,0,36,,414,,,0
5103,'0d5c96b9-c5c7-4e47-bc8d-f774254a7580',555,,430,0,6 1 7,0,53,,459,0,6 1 7,0,13,,449,0,6 1 7,0,14,,429,0,6 1 7,0,14,,424,0,6 1 7,0,59,,421,0,6 1 7,0,13,,434,0,6 1 7,0,16,,473,0,6 1 7,0,16,,431,0,6 1 7,0,55,,481,0,6 1 7,0,18,,447,0,6 1 7,0,15,,435,0,6 1 7,0,13,,438,0,6 1 7,0,54,,442,0,6 1 7,0,19,,441,0,6 1 7,0,17,,419,0,6 1 7,0,15,,484,0,6 1 7,0,58,,467,0,6 1 7,0,15,,428,0,6 1 7,0,13,,437,0,6 1 7,0,55,,425,0,6 1 7,0,15,,464,0,6 1 7,0,18,,433,0,6 1 7,0,15,,457,0,6 1 7,0,55,,471,0,6 1 7,0,15,,445,0,6 1 7,0,20,,448,0,6 1 7,0,20,,480,0,6 1 7,0,55,,465,0,6 1 7,0,18,,440,0,6 1 7,0,18,,453,0,6 1 7,0,55,,436,0,6 1 7,0,15,,426,0,6 1 7,0,20,,483,0,6 1 7,0,19,,466,0,6 1 7,0,57,,461,0,6 1 7,0,17,,443,0,6 1 7,0,21,,450,0,6 1 7,0,55,,485,0,6 1 7,0,15,,463,0,6 1 7,0,18,,432,0,6 1 7,0,18,,452,0,6 1 7,0,58,,451,0,6 1 7,0,18,,478,0,6 1 7,0,20,,427,0,6 1 7,0,57,,444,0,6 1 7,0,15,,446,0,6 1 7,0,13,,420,0,6 1 7,0,18,,455,0,6 1 7,0,58,,474,0,6 1 7,0,18,,422,0,6 1 7,0,18,,439,0,6 1 7,0,58,,456,0,6 1 7,0,18,,486,0,6 1 7,0,10,,468,0,6 1 7,0,15,,423,0,6 1 7,0,55,,458,0,6 1 7,0,15,,469,0,6 1 7,0,14,,472,0,6 1 7,0,17,,460,0,6 1 7,0,58,,477,0,6 1 7,0,13,,462,0,6 1 7,0,12,,454,0,6 1 7,0,15,,479,0,6 1 7,0,55,,470,0,6 1 7,0,9,,475,0,6 1 7,0,16,,482,0,6 1 7,0
5103,'254bf088-27c5-409f-95e0-aded341d1ed8',1021,,496,0,6 1 7,0,35,,491,0,6 1 7,0,75,,499,0,6 1 7,0,75,,494,0,6 1 7,0,35,,497,0,6 1 7,0,75,,500,0,6 1 7,0,35,,492,0,6 1 7,0,75,,501,0,6 1 7,0,75,,493,0,6 1 7,0,35,,489,0,6 1 7,0,75,,490,0,6 1 7,0,35,,488,0,6 1 7,0,75,,487,0,6 1 7,0,35,,495,0,6 1 7,0,75,,498,0,6 1 7,0
5103,'48a5c06b-7eda-467f-bced-b2025728d81d',612,,543,0,6 1 7,0,15,,559,0,6 1 7,0,15,,545,0,6 1 7,0,12,,554,0,6 1 7,0,55,,564,0,6 1 7,0,16,,512,0,6 1 7,0,15,,504,0,6 1 7,0,15,,557,0,6 1 7,0,55,,561,0,6 1 7,0,15,,531,0,6 1 7,0,18,,558,0,6 1 7,0,58,,506,0,6 1 7,0,18,,567,0,6 1 7,0,16,,509,0,6 1 7,0,15,,511,0,6 1 7,0,55,,566,0,6 1 7,0,21,,505,0,6 1 7,0,18,,569,0,6 1 7,0,57,,541,0,6 1 7,0,16,,565,0,6 1 7,0,16,,529,0,6 1 7,0,12,,539,0,6 1 7,0,12,,514,0,6 1 7,0,52,,540,0,6 1 7,0,23,,546,0,6 1 7,0,19,,548,0,6 1 7,0,59,,526,0,6 1 7,0,16,,568,0,6 1 7,0,16,,560,0,6 1 7,0,16,,555,0,6 1 7,0,58,,536,0,6 1 7,0,16,,551,0,6 1 7,0,16,,533,0,6 1 7,0,58,,527,0,6 1 7,0,16,,530,0,6 1 7,0,17,,508,0,6 1 7,0,16,,513,0,6 1 7,0,58,,562,0,6 1 7,0,16,,538,0,6 1 7,0,16,,553,0,6 1 7,0,60,,528,0,6 1 7,0,15,,522,0,6 1 7,0,16,,518,0,6 1 7,0,16,,549,0,6 1 7,0,55,,542,0,6 1 7,0,17,,515,0,6 1 7,0,17,,563,0,6 1 7,0,18,,535,0,6 1 7,0,58,,552,0,6 1 7,0,16,,524,0,6 1 7,0,16,,516,0,6 1 7,0,57,,503,0,6 1 7,0,17,,520,0,6 1 7,0,18,,556,0,6 1 7,0,18,,571,0,6 1 7,0,56,,572,0,6 1 7,0,15,,517,0,6 1 7,0,16,,544,0,6 1 7,0,57,,537,0,6 1 7,0,17,,570,0,6 1 7,0,18,,507,0,6 1 7,0,16,,521,0,6 1 7,0,56,,525,0,6 1 7,0,13,,523,0,6 1 7,0,14,,547,0,6 1 7,0
5103,'5ea3716a-5a4b-434c-a8f4-f427803388f2',555,,600,0,6 1 7,0,53,,622,0,6 1 7,0,13,,607,0,6 1 7,0,14,,586,0,6 1 7,0,14,,573,0,6 1 7,0,59,,579,0,6 1 7,0,13,,589,0,6 1 7,0,16,,581,0,6 1 7,0,16,,593,0,6 1 7,0,55,,610,0,6 1 7,0,18,,599,0,6 1 7,0,15,,623,0,6 1 7,0,13,,618,0,6 1 7,0,54,,574,0,6 1 7,0,19,,596,0,6 1 7,0,17,,580,0,6 1 7,0,15,,587,0,6 1 7,0,58,,631,0,6 1 7,0,15,,595,0,6 1 7,0,13,,637,0,6 1 7,0,55,,602,0,6 1 7,0,15,,598,0,6 1 7,0,18,,588,0,6 1 7,0,15,,628,0,6 1 7,0,55,,575,0,6 1 7,0,15,,605,0,6 1 7,0,20,,614,0,6 1 7,0,20,,601,0,6 1 7,0,55,,639,0,6 1 7,0,18,,592,0,6 1 7,0,18,,576,0,6 1 7,0,55,,608,0,6 1 7,0,15,,615,0,6 1 7,0,20,,597,0,6 1 7,0,19,,582,0,6 1 7,0,57,,621,0,6 1 7,0,17,,620,0,6 1 7,0,21,,625,0,6 1 7,0,55,,590,0,6 1 7,0,15,,640,0,6 1 7,0,18,,634,0,6 1 7,0,18,,585,0,6 1 7,0,58,,594,0,6 1 7,0,18,,612,0,6 1 7,0,20,,611,0,6 1 7,0,57,,630,0,6 1 7,0,15,,632,0,6 1 7,0,13,,627,0,6 1 7,0,18,,626,0,6 1 7,0,58,,583,0,6 1 7,0,18,,603,0,6 1 7,0,18,,633,0,6 1 7,0,58,,604,0,6 1 7,0,18,,636,0,6 1 7,0,10,,591,0,6 1 7,0,15,,584,0,6 1 7,0,55,,609,0,6 1 7,0,15,,624,0,6 1 7,0,14,,635,0,6 1 7,0,17,,619,0,6 1 7,0,58,,577,0,6 1 7,0,13,,606,0,6 1 7,0,12,,613,0,6 1 7,0,15,,629,0,6 1 7,0,55,,616,0,6 1 7,0,9,,638,0,6 1 7,0,16,,617,0,6 1 7,0
5103,'868bc121-fb0c-4383-9699-388451a790cf',555,,686,0,6 1 7,0,53,,692,0,6 1 7,0,13,,705,0,6 1 7,0,14,,681,0,6 1 7,0,14,,675,0,6 1 7,0,59,,674,0,6 1 7,0,13,,704,0,6 1 7,0,16,,695,0,6 1 7,0,16,,696,0,6 1 7,0,55,,662,0,6 1 7,0,18,,701,0,6 1 7,0,15,,652,0,6 1 7,0,13,,687,0,6 1 7,0,54,,679,0,6 1 7,0,19,,694,0,6 1 7,0,17,,647,0,6 1 7,0,15,,689,0,6 1 7,0,58,,657,0,6 1 7,0,15,,649,0,6 1 7,0,13,,671,0,6 1 7,0,55,,658,0,6 1 7,0,15,,672,0,6 1 7,0,18,,678,0,6 1 7,0,15,,682,0,6 1 7,0,55,,655,0,6 1 7,0,15,,648,0,6 1 7,0,20,,677,0,6 1 7,0,20,,690,0,6 1 7,0,55,,708,0,6 1 7,0,18,,680,0,6 1 7,0,18,,641,0,6 1 7,0,55,,688,0,6 1 7,0,15,,684,0,6 1 7,0,20,,706,0,6 1 7,0,19,,651,0,6 1 7,0,57,,665,0,6 1 7,0,17,,645,0,6 1 7,0,21,,666,0,6 1 7,0,55,,697,0,6 1 7,0,15,,703,0,6 1 7,0,18,,667,0,6 1 7,0,18,,698,0,6 1 7,0,58,,653,0,6 1 7,0,18,,654,0,6 1 7,0,20,,702,0,6 1 7,0,57,,685,0,6 1 7,0,15,,670,0,6 1 7,0,13,,663,0,6 1 7,0,18,,683,0,6 1 7,0,58,,656,0,6 1 7,0,18,,707,0,6 1 7,0,18,,643,0,6 1 7,0,58,,644,0,6 1 7,0,18,,699,0,6 1 7,0,10,,668,0,6 1 7,0,15,,660,0,6 1 7,0,55,,700,0,6 1 7,0,15,,642,0,6 1 7,0,14,,646,0,6 1 7,0,17,,659,0,6 1 7,0,58,,661,0,6 1 7,0,13,,650,0,6 1 7,0,12,,673,0,6 1 7,0,15,,676,0,6 1 7,0,55,,691,0,6 1 7,0,9,,664,0,6 1 7,0,16,,669,0,6 1 7,0
5103,'9289a134-101b-4987-b6e8-c4ce4a2015fb',555,,768,0,6 1 7,0,53,,737,0,6 1 7,0,13,,773,0,6 1 7,0,14,,744,0,6 1 7,0,14,,717,0,6 1 7,0,59,,758,0,6 1 7,0,13,,754,0,6 1 7,0,16,,764,0,6 1 7,0,16,,766,0,6 1 7,0,55,,769,0,6 1 7,0,18,,731,0,6 1 7,0,15,,734,0,6 1 7,0,13,,755,0,6 1 7,0,54,,722,0,6 1 7,0,19,,749,0,6 1 7,0,17,,774,0,6 1 7,0,15,,726,0,6 1 7,0,58,,738,0,6 1 7,0,15,,739,0,6 1 7,0,13,,714,0,6 1 7,0,55,,751,0,6 1 7,0,15,,757,0,6 1 7,0,18,,746,0,6 1 7,0,15,,762,0,6 1 7,0,55,,772,0,6 1 7,0,15,,729,0,6 1 7,0,20,,709,0,6 1 7,0,20,,710,0,6 1 7,0,55,,771,0,6 1 7,0,18,,735,0,6 1 7,0,18,,765,0,6 1 7,0,55,,721,0,6 1 7,0,15,,752,0,6 1 7,0,20,,750,0,6 1 7,0,19,,742,0,6 1 7,0,57,,740,0,6 1 7,0,17,,725,0,6 1 7,0,21,,718,0,6 1 7,0,55,,743,0,6 1 7,0,15,,723,0,6 1 7,0,18,,711,0,6 1 7,0,18,,759,0,6 1 7,0,58,,761,0,6 1 7,0,18,,741,0,6 1 7,0,20,,756,0,6 1 7,0,57,,767,0,6 1 7,0,15,,733,0,6 1 7,0,13,,720,0,6 1 7,0,18,,716,0,6 1 7,0,58,,775,0,6 1 7,0,18,,724,0,6 1 7,0,18,,728,0,6 1 7,0,58,,776,0,6 1 7,0,18,,727,0,6 1 7,0,10,,748,0,6 1 7,0,15,,760,0,6 1 7,0,55,,732,0,6 1 7,0,15,,747,0,6 1 7,0,14,,770,0,6 1 7,0,17,,763,0,6 1 7,0,58,,730,0,6 1 7,0,13,,745,0,6 1 7,0,12,,736,0,6 1 7,0,15,,719,0,6 1 7,0,55,,753,0,6 1 7,0,9,,713,0,6 1 7,0,16,,715,0,6 1 7,0
5103,'ba06086d-4548-42cd-b016-2de359d3cea0',555,,807,0,6 1 7,0,53,,817,0,6 1 7,0,13,,804,0,6 1 7,0,14,,803,0,6 1 7,0,14,,838,0,6 1 7,0,59,,791,0,6 1 7,0,13,,781,0,6 1 7,0,16,,780,0,6 1 7,0,16,,843,0,6 1 7,0,55,,782,0,6 1 7,0,18,,839,0,6 1 7,0,15,,827,0,6 1 7,0,13,,821,0,6 1 7,0,54,,805,0,6 1 7,0,19,,841,0,6 1 7,0,17,,837,0,6 1 7,0,15,,800,0,6 1 7,0,58,,786,0,6 1 7,0,15,,834,0,6 1 7,0,13,,793,0,6 1 7,0,55,,808,0,6 1 7,0,15,,815,0,6 1 7,0,18,,809,0,6 1 7,0,15,,789,0,6 1 7,0,55,,818,0,6 1 7,0,15,,828,0,6 1 7,0,20,,820,0,6 1 7,0,20,,840,0,6 1 7,0,55,,783,0,6 1 7,0,18,,794,0,6 1 7,0,18,,778,0,6 1 7,0,55,,830,0,6 1 7,0,15,,822,0,6 1 7,0,20,,792,0,6 1 7,0,19,,799,0,6 1 7,0,57,,796,0,6 1 7,0,17,,798,0,6 1 7,0,21,,844,0,6 1 7,0,55,,777,0,6 1 7,0,15,,833,0,6 1 7,0,18,,832,0,6 1 7,0,18,,826,0,6 1 7,0,58,,785,0,6 1 7,0,18,,795,0,6 1 7,0,20,,829,0,6 1 7,0,57,,811,0,6 1 7,0,15,,797,0,6 1 7,0,13,,813,0,6 1 7,0,18,,816,0,6 1 7,0,58,,825,0,6 1 7,0,18,,787,0,6 1 7,0,18,,831,0,6 1 7,0,58,,788,0,6 1 7,0,18,,823,0,6 1 7,0,10,,801,0,6 1 7,0,15,,842,0,6 1 7,0,55,,779,0,6 1 7,0,15,,806,0,6 1 7,0,14,,784,0,6 1 7,0,17,,812,0,6 1 7,0,58,,790,0,6 1 7,0,13,,836,0,6 1 7,0,12,,819,0,6 1 7,0,15,,835,0,6 1 7,0,55,,814,0,6 1 7,0,9,,824,0,6 1 7,0,16,,810,0,6 1 7,0
5103,'be8bf329-48c0-4387-bcac-4bc2f3c23bb8',801,,846,0,6 1 7,0,35,,856,0,6 1 7,0,75,,848,0,6 1 7,0,35,,859,0,6 1 7,0,75,,853,0,6 1 7,0,35,,857,0,6 1 7,0,75,,851,0,6 1 7,0,75,,858,0,6 1 7,0,35,,847,0,6 1 7,0,75,,862,0,6 1 7,0,35,,861,0,6 1 7,0,75,,854,0,6 1 7,0,75,,852,0,6 1 7,0,35,,860,0,6 1 7,0,75,,855,0,6 1 7,0,35,,849,0,6 1 7,0,75,,850,0,6 1 7,0
5103,'caf85986-9e94-44c6-8066-5897e84e46de',924,,871,0,6 1 7,0,20,,891,0,6 1 7,0,12,,892,0,6 1 7,0,67,,864,0,6 1 7,0,20,,894,0,6 1 7,0,58,,890,0,6 1 7,0,18,,870,0,6 1 7,0,18,,885,0,6 1 7,0,18,,889,0,6 1 7,0,60,,876,0,6 1 7,0,18,,872,0,6 1 7,0,18,,881,0,6 1 7,0,58,,866,0,6 1 7,0,18,,888,0,6 1 7,0,18,,875,0,6 1 7,0,62,,867,0,6 1 7,0,18,,887,0,6 1 7,0,18,,882,0,6 1 7,0,58,,880,0,6 1 7,0,18,,893,0,6 1 7,0,18,,877,0,6 1 7,0,20,,879,0,6 1 7,0,60,,886,0,6 1 7,0,19,,868,0,6 1 7,0,18,,883,0,6 1 7,0,58,,873,0,6 1 7,0,18,,865,0,6 1 7,0,18,,878,0,6 1 7,0,54,,869,0,6 1 7,0,20,,863,0,6 1 7,0
6200,'0d5c96b9-c5c7-4e47-bc8d-f774254a7580',614,,1868,,,0,35,,1858,,,0,75,,1863,,,0,35,,1846,,,0,75,,1854,,,0,75,,1859,,,0,35,,1852,,,0,75,,1870,,,0,35,,1864,,,0,75,,1850,,,0,75,,1849,,,0,35,,1862,,,0,75,,1853,,,0,35,,1866,,,0,80,,1848,,,0,75,,1855,,,0,40,,1860,,,0,80,,1872,,,0,80,,1857,,,0,40,,1856,,,0,80,,1871,,,0,80,,1847,,,0,35,,1873,,,0,75,,1865,,,0,35,,1869,,,0,75,,1861,,,0,35,,1851,,,0,75,,1874,,,0,75,,1867,,,0
6200,'254bf088-27c5-409f-95e0-aded341d1ed8',1014,,1878,,,0,35,,1886,,,0,75,,1883,,,0,35,,1879,,,0,75,,1889,,,0,75,,1882,,,0,35,,1877,,,0,75,,1885,,,0,35,,1881,,,0,75,,1880,,,0,75,,1884,,,0,35,,1876,,,0,75,,1888,,,0,35,,1875,,,0,75,,1887,,,0
6200,'48a5c06b-7eda-467f-bced-b2025728d81d',614,,1914,,,0,35,,1895,,,0,75,,1908,,,0,35,,1912,,,0,75,,1907,,,0,75,,1910,,,0,35,,1898,,,0,75,,1916,,,0,35,,1906,,,0,75,,1894,,,0,75,,1901,,,0,35,,1918,,,0,75,,1917,,,0,35,,1904,,,0,80,,1893,,,0,75,,1900,,,0,40,,1915,,,0,80,,1891,,,0,80,,1897,,,0,40,,1890,,,0,80,,1903,,,0,80,,1909,,,0,35,,1892,,,0,75,,1913,,,0,35,,1902,,,0,75,,1899,,,0,35,,1896,,,0,75,,1911,,,0,75,,1905,,,0
6200,'5ea3716a-5a4b-434c-a8f4-f427803388f2',614,,1927,,,0,35,,1930,,,0,75,,1929,,,0,35,,1919,,,0,75,,1946,,,0,75,,1945,,,0,35,,1937,,,0,75,,1943,,,0,35,,1921,,,0,75,,1934,,,0,75,,1944,,,0,35,,1938,,,0,75,,1931,,,0,35,,1939,,,0,80,,1920,,,0,75,,1922,,,0,40,,1924,,,0,80,,1928,,,0,80,,1941,,,0,40,,1947,,,0,80,,1933,,,0,80,,1932,,,0,35,,1935,,,0,75,,1942,,,0,35,,1923,,,0,75,,1940,,,0,35,,1925,,,0,75,,1936,,,0,75,,1926,,,0
6200,'868bc121-fb0c-4383-9699-388451a790cf',614,,1971,,,0,35,,1968,,,0,75,,1950,,,0,35,,1970,,,0,75,,1956,,,0,75,,1976,,,0,35,,1958,,,0,75,,1955,,,0,35,,1973,,,0,75,,1951,,,0,75,,1949,,,0,35,,1967,,,0,75,,1975,,,0,35,,1953,,,0,80,,1960,,,0,75,,1972,,,0,40,,1948,,,0,80,,1965,,,0,80,,1952,,,0,40,,1974,,,0,80,,1954,,,0,80,,1957,,,0,35,,1966,,,0,75,,1959,,,0,35,,1963,,,0,75,,1961,,,0,35,,1964,,,0,75,,1962,,,0,75,,1969,,,0
6200,'9289a134-101b-4987-b6e8-c4ce4a2015fb',614,,1979,,,0,35,,1985,,,0,75,,2004,,,0,35,,1978,,,0,75,,1992,,,0,75,,1987,,,0,35,,1983,,,0,75,,1993,,,0,35,,1989,,,0,75,,2002,,,0,75,,1997,,,0,35,,2005,,,0,75,,2003,,,0,35,,2001,,,0,80,,1980,,,0,75,,2000,,,0,40,,1994,,,0,80,,1991,,,0,80,,1984,,,0,40,,1981,,,0,80,,1988,,,0,80,,1996,,,0,35,,1986,,,0,75,,1977,,,0,35,,1982,,,0,75,,1998,,,0,35,,1995,,,0,75,,1990,,,0,75,,1999,,,0
6200,'ba06086d-4548-42cd-b016-2de359d3cea0',614,,2021,,,0,35,,2018,,,0,75,,2024,,,0,35,,2028,,,0,75,,2017,,,0,75,,2030,,,0,35,,2019,,,0,75,,2027,,,0,35,,2016,,,0,75,,2010,,,0,75,,2034,,,0,35,,2007,,,0,75,,2032,,,0,35,,2006,,,0,80,,2031,,,0,75,,2013,,,0,40,,2011,,,0,80,,2025,,,0,80,,2023,,,0,40,,2033,,,0,80,,2026,,,0,80,,2014,,,0,35,,2008,,,0,75,,2012,,,0,35,,2020,,,0,75,,2015,,,0,35,,2022,,,0,75,,2009,,,0,75,,2029,,,0
6200,'be8bf329-48c0-4387-bcac-4bc2f3c23bb8',749,,2045,,,0,75,,2044,,,0,35,,2051,,,0,75,,2040,,,0,75,,2037,,,0,35,,2041,,,0,75,,2043,,,0,35,,2048,,,0,75,,2047,,,0,75,,2039,,,0,35,,2038,,,0,75,,2042,,,0,35,,2046,,,0,75,,2036,,,0,35,,2049,,,0,75,,2050,,,0,75,,2035,,,0
6200,'caf85986-9e94-44c6-8066-5897e84e46de',1019,,2057,,,0,35,,2061,,,0,75,,2052,,,0,75,,2064,,,0,35,,2058,,,0,75,,2054,,,0,35,,2062,,,0,75,,2065,,,0,35,,2055,,,0,75,,2053,,,0,75,,2060,,,0,35,,2059,,,0,75,,2063,,,0,35,,2056,,,0
