8100,'3cbacc5c-479f-4e46-92a9-193ce5972e98',2145,,17230,113,,,0
8100,'5d8e1f33-b15a-4d6c-bc08-744b1977a096',2145,,17231,113,,,0
8100,'603637be-3b89-4de4-a225-ae420419f9d6',1050,,17232,133,,,0,100,,17234,133,,,0,200,,17236,133,,,0,100,,17235,133,,,0,100,,17238,133,,,0,100,,17233,133,,,0,100,,17237,130,,,0
8100,'7c54d383-1c64-4a24-b06c-a04764f3562f',2145,,17239,113,,,0
8100,'8406d080-6e75-4486-a00b-1c9c8d02b55f',2145,,17240,113,,,0
8100,'d66d6429-e89f-4376-937c-b6bd14f92a3b',2145,,17241,113,,,0
8100,'d696856f-d252-4a8b-bd9f-2960bd70f042',650,,17254,133,,,0,100,,17242,133,,,0,100,,17250,133,,,0,200,,17243,133,,,0,100,,17253,133,,,0,100,,17255,133,,,0,200,,17252,133,,,0,100,,17244,133,,,0,100,,17245,133,,,0,100,,17251,133,,,0,100,,17246,133,,,0,100,,17249,133,,,0,100,,17248,133,,,0,95,,17247,113,,,0
8500,'3cbacc5c-479f-4e46-92a9-193ce5972e98',648,,17271,60,,,0,100,,17260,167,,,0,100,,17262,167,,,0,100,,17269,167,,,0,100,,17272,167,,,0,100,,17267,167,,,0,100,,17265,167,,,0,100,,17264,167,,,0,100,,17274,167,,,0,100,,17259,167,,,0,100,,17263,167,,,0,100,,17268,167,,,0,100,,17266,167,,,0,100,,17270,167,,,0,100,,17273,167,,,0,100,,17261,167,,,0
8500,'5d8e1f33-b15a-4d6c-bc08-744b1977a096',648,,17290,60,,,0,100,,17275,167,,,0,100,,17288,167,,,0,100,,17279,167,,,0,100,,17276,167,,,0,100,,17285,167,,,0,100,,17284,167,,,0,100,,17277,167,,,0,100,,17287,167,,,0,100,,17289,167,,,0,100,,17280,167,,,0,100,,17286,167,,,0,100,,17282,167,,,0,100,,17278,167,,,0,100,,17281,167,,,0,100,,17283,167,,,0
8500,'7c54d383-1c64-4a24-b06c-a04764f3562f',648,,17292,60,,,0,100,,17291,167,,,0,100,,17306,167,,,0,100,,17299,167,,,0,100,,17302,167,,,0,100,,17305,167,,,0,100,,17303,167,,,0,100,,17297,167,,,0,100,,17300,167,,,0,100,,17301,167,,,0,100,,17294,167,,,0,100,,17295,167,,,0,100,,17296,167,,,0,100,,17304,167,,,0,100,,17298,167,,,0,100,,17293,167,,,0
8500,'8406d080-6e75-4486-a00b-1c9c8d02b55f',648,,17318,60,,,0,100,,17321,167,,,0,100,,17322,167,,,0,100,,17319,167,,,0,100,,17309,167,,,0,100,,17308,167,,,0,100,,17312,167,,,0,100,,17307,167,,,0,100,,17314,167,,,0,100,,17310,167,,,0,100,,17315,167,,,0,100,,17311,167,,,0,100,,17317,167,,,0,100,,17316,167,,,0,100,,17313,167,,,0,100,,17320,167,,,0
8500,'d66d6429-e89f-4376-937c-b6bd14f92a3b',648,,17335,60,,,0,100,,17324,167,,,0,100,,17331,167,,,0,100,,17328,167,,,0,100,,17329,167,,,0,100,,17333,167,,,0,100,,17332,167,,,0,100,,17325,167,,,0,100,,17327,167,,,0,100,,17337,167,,,0,100,,17336,167,,,0,100,,17330,167,,,0,100,,17323,167,,,0,100,,17334,167,,,0,100,,17338,167,,,0,100,,17326,167,,,0
8600,'3cbacc5c-479f-4e46-92a9-193ce5972e98',602,,17344,72,,,0,35,,17350,72,,,0,75,,17351,72,,,0,40,,17339,72,,,0,80,,17362,72,,,0,80,,17352,72,,,0,35,,17363,72,,,0,75,,17359,72,,,0,35,,17340,72,,,0,75,,17360,72,,,0,75,,17342,72,,,0,35,,17354,72,,,0,75,,17357,72,,,0,35,,17348,72,,,0,75,,17346,72,,,0,75,,17353,72,,,0,35,,17361,72,,,0,75,,17356,72,,,0,40,,17343,72,,,0,80,,17347,72,,,0,75,,17345,72,,,0,40,,17341,72,,,0,75,,17349,72,,,0,35,,17358,72,,,0,75,,17355,72,,,0,75,,17364,74,,,0
8600,'5d8e1f33-b15a-4d6c-bc08-744b1977a096',602,,17373,72,,,0,35,,17376,72,,,0,75,,17365,72,,,0,40,,17381,72,,,0,80,,17385,72,,,0,80,,17371,72,,,0,35,,17368,72,,,0,75,,17384,72,,,0,35,,17369,72,,,0,75,,17370,72,,,0,75,,17390,72,,,0,35,,17387,72,,,0,75,,17372,72,,,0,35,,17375,72,,,0,75,,17374,72,,,0,75,,17389,72,,,0,35,,17382,72,,,0,75,,17383,72,,,0,40,,17388,72,,,0,80,,17377,72,,,0,75,,17367,72,,,0,40,,17378,72,,,0,75,,17379,72,,,0,35,,17366,72,,,0,75,,17380,72,,,0,75,,17386,74,,,0
8600,'7c54d383-1c64-4a24-b06c-a04764f3562f',602,,17411,72,,,0,35,,17404,72,,,0,75,,17399,72,,,0,40,,17401,72,,,0,80,,17397,72,,,0,80,,17414,72,,,0,35,,17406,72,,,0,75,,17412,72,,,0,35,,17405,72,,,0,75,,17392,72,,,0,75,,17415,72,,,0,35,,17413,72,,,0,75,,17407,72,,,0,35,,17395,72,,,0,75,,17393,72,,,0,75,,17394,72,,,0,35,,17408,72,,,0,75,,17416,72,,,0,40,,17410,72,,,0,80,,17402,72,,,0,75,,17396,72,,,0,40,,17403,72,,,0,75,,17409,72,,,0,35,,17400,72,,,0,75,,17391,72,,,0,75,,17398,74,,,0
8600,'8406d080-6e75-4486-a00b-1c9c8d02b55f',602,,17433,72,,,0,35,,17429,72,,,0,75,,17430,72,,,0,40,,17438,72,,,0,80,,17434,72,,,0,80,,17439,72,,,0,35,,17442,72,,,0,75,,17428,72,,,0,35,,17432,72,,,0,75,,17417,72,,,0,75,,17424,72,,,0,35,,17419,72,,,0,75,,17421,72,,,0,35,,17437,72,,,0,75,,17436,72,,,0,75,,17427,72,,,0,35,,17422,72,,,0,75,,17418,72,,,0,40,,17426,72,,,0,80,,17423,72,,,0,75,,17425,72,,,0,40,,17440,72,,,0,75,,17441,72,,,0,35,,17431,72,,,0,75,,17420,72,,,0,75,,17435,74,,,0
8600,'d66d6429-e89f-4376-937c-b6bd14f92a3b',602,,17467,72,,,0,35,,17447,72,,,0,75,,17464,72,,,0,40,,17465,72,,,0,80,,17466,72,,,0,80,,17443,72,,,0,35,,17448,72,,,0,75,,17445,72,,,0,35,,17461,72,,,0,75,,17455,72,,,0,75,,17449,72,,,0,35,,17458,72,,,0,75,,17457,72,,,0,35,,17463,72,,,0,75,,17451,72,,,0,75,,17452,72,,,0,35,,17462,72,,,0,75,,17453,72,,,0,40,,17444,72,,,0,80,,17468,72,,,0,75,,17456,72,,,0,40,,17454,72,,,0,75,,17460,72,,,0,35,,17446,72,,,0,75,,17450,72,,,0,75,,17459,74,,,0
