6000,'3b7f0ccc-4b86-44f9-804c-3016d4439aa6',636,,8576,62,,,0,75,,8595,62,,,0,35,,8587,62,,,0,80,,8570,62,,,0,80,,8592,62,,,0,40,,8571,62,,,0,80,,8578,62,,,0,80,,8581,62,,,0,40,,8590,62,,,0,80,,8573,62,,,0,80,,8589,62,,,0,40,,8582,62,,,0,80,,8574,62,,,0,80,,8577,62,,,0,40,,8584,62,,,0,80,,8586,62,,,0,80,,8588,62,,,0,40,,8583,62,,,0,80,,8580,62,,,0,80,,8591,62,,,0,35,,8579,62,,,0,75,,8585,62,,,0,35,,8572,62,,,0,75,,8575,62,,,0,75,,8594,62,,,0
6000,'545fdaed-298a-4873-ae9e-185363247123',931,,8605,62,,,0,75,,8600,62,,,0,35,,8604,62,,,0,75,,8610,62,,,0,35,,8609,62,,,0,75,,8607,62,,,0,75,,8599,62,,,0,35,,8597,62,,,0,75,,8608,62,,,0,35,,8602,62,,,0,75,,8598,62,,,0,35,,8601,62,,,0,75,,8606,62,,,0,75,,8603,62,,,0,35,,8596,62,,,0
6000,'72a07536-7ac5-462d-91fd-4adacd8d70a1',636,,8619,62,,,0,75,,8611,62,,,0,35,,8621,62,,,0,80,,8633,62,,,0,80,,8615,62,,,0,40,,8631,62,,,0,80,,8636,62,,,0,80,,8630,62,,,0,40,,8612,62,,,0,80,,8617,62,,,0,80,,8627,62,,,0,40,,8625,62,,,0,80,,8623,62,,,0,80,,8626,62,,,0,40,,8629,62,,,0,80,,8614,62,,,0,80,,8628,62,,,0,40,,8624,62,,,0,80,,8613,62,,,0,80,,8635,62,,,0,35,,8616,62,,,0,75,,8620,62,,,0,35,,8632,62,,,0,75,,8622,62,,,0,75,,8618,62,,,0
6000,'b5be936f-506a-42fd-8fe9-aa394bb7d40c',636,,8662,62,,,0,75,,8644,62,,,0,35,,8647,62,,,0,80,,8659,62,,,0,80,,8641,62,,,0,40,,8640,62,,,0,80,,8655,62,,,0,80,,8658,62,,,0,40,,8637,62,,,0,80,,8645,62,,,0,80,,8653,62,,,0,40,,8648,62,,,0,80,,8651,62,,,0,80,,8646,62,,,0,40,,8654,62,,,0,80,,8639,62,,,0,80,,8643,62,,,0,40,,8650,62,,,0,80,,8657,62,,,0,80,,8661,62,,,0,35,,8660,62,,,0,75,,8652,62,,,0,35,,8656,62,,,0,75,,8642,62,,,0,75,,8638,62,,,0
6000,'c0258e04-8c49-4a98-8bc9-d3680145007e',636,,8668,62,,,0,75,,8663,62,,,0,35,,8666,62,,,0,80,,8665,62,,,0,80,,8684,62,,,0,40,,8688,62,,,0,80,,8671,62,,,0,80,,8679,62,,,0,40,,8672,62,,,0,80,,8669,62,,,0,80,,8670,62,,,0,40,,8675,62,,,0,80,,8681,62,,,0,80,,8682,62,,,0,40,,8676,62,,,0,80,,8677,62,,,0,80,,8673,62,,,0,40,,8678,62,,,0,80,,8686,62,,,0,80,,8687,62,,,0,35,,8674,62,,,0,75,,8683,62,,,0,35,,8685,62,,,0,75,,8680,62,,,0,75,,8667,62,,,0
6000,'db4ab86b-f5f5-4d9a-8c75-2988ac0b1af4',636,,8694,62,,,0,75,,8707,62,,,0,35,,8698,62,,,0,80,,8705,62,,,0,80,,8701,62,,,0,40,,8700,62,,,0,80,,8712,62,,,0,80,,8711,62,,,0,40,,8710,62,,,0,80,,8703,62,,,0,80,,8699,62,,,0,40,,8713,62,,,0,80,,8697,62,,,0,80,,8690,62,,,0,40,,8695,62,,,0,80,,8692,62,,,0,80,,8702,62,,,0,40,,8706,62,,,0,80,,8696,62,,,0,80,,8691,62,,,0,35,,8708,62,,,0,75,,8689,62,,,0,35,,8704,62,,,0,75,,8709,62,,,0,75,,8714,62,,,0
6000,'fbc81037-9cf3-4a4d-b4aa-43897a8ca294',636,,8740,62,,,0,75,,8730,62,,,0,35,,8715,62,,,0,80,,8719,62,,,0,80,,8734,62,,,0,40,,8722,62,,,0,80,,8727,62,,,0,80,,8726,62,,,0,40,,8718,62,,,0,80,,8733,62,,,0,80,,8737,62,,,0,40,,8725,62,,,0,80,,8723,62,,,0,80,,8732,62,,,0,40,,8720,62,,,0,80,,8739,62,,,0,80,,8728,62,,,0,40,,8729,62,,,0,80,,8736,62,,,0,80,,8724,62,,,0,35,,8721,62,,,0,75,,8717,62,,,0,35,,8716,62,,,0,75,,8735,62,,,0,75,,8738,62,,,0
6700,'3b7f0ccc-4b86-44f9-804c-3016d4439aa6',653,,9842,87,,,0,70,,9852,87,,,0,35,,9846,87,,,0,75,,9840,87,,,0,72,,9848,87,,,0,30,,9839,87,,,0,100,,9853,87,,,0,521,,9845,87,,,0,75,,9847,87,,,0,75,,9850,87,,,0,35,,9849,87,,,0,72,,9851,87,,,0,100,,9843,87,,,0,100,,9841,87,,,0
6700,'545fdaed-298a-4873-ae9e-185363247123',952,,9854,87,,,0,200,,9856,87,,,0,200,,9857,87,,,0,200,,9858,87,,,0,200,,9855,87,,,0
6700,'72a07536-7ac5-462d-91fd-4adacd8d70a1',653,,9863,87,,,0,70,,9868,87,,,0,35,,9873,87,,,0,75,,9865,87,,,0,72,,9866,87,,,0,30,,9867,87,,,0,100,,9871,87,,,0,521,,9862,87,,,0,75,,9870,87,,,0,75,,9860,87,,,0,35,,9859,87,,,0,72,,9861,87,,,0,100,,9864,87,,,0,100,,9869,87,,,0
6700,'b5be936f-506a-42fd-8fe9-aa394bb7d40c',653,,9886,87,,,0,70,,9884,87,,,0,35,,9879,87,,,0,75,,9876,87,,,0,72,,9880,87,,,0,30,,9877,87,,,0,100,,9875,87,,,0,521,,9874,87,,,0,75,,9882,87,,,0,75,,9887,87,,,0,35,,9881,87,,,0,72,,9883,87,,,0,100,,9885,87,,,0,100,,9888,87,,,0
6700,'c0258e04-8c49-4a98-8bc9-d3680145007e',653,,9896,87,,,0,70,,9898,87,,,0,35,,9903,87,,,0,75,,9893,87,,,0,72,,9897,87,,,0,30,,9901,87,,,0,100,,9892,87,,,0,521,,9889,87,,,0,75,,9902,87,,,0,75,,9895,87,,,0,35,,9899,87,,,0,72,,9894,87,,,0,100,,9890,87,,,0,100,,9891,87,,,0
6700,'db4ab86b-f5f5-4d9a-8c75-2988ac0b1af4',652,,9905,87,,,0,100,,9910,87,,,0,100,,9913,87,,,0,100,,9908,87,,,0,100,,9911,87,,,0,500,,9906,87,,,0,100,,9904,87,,,0,100,,9909,87,,,0,100,,9907,87,,,0,100,,9912,87,,,0
6700,'fbc81037-9cf3-4a4d-b4aa-43897a8ca294',653,,9919,87,,,0,70,,9926,87,,,0,35,,9914,87,,,0,75,,9928,87,,,0,72,,9927,87,,,0,30,,9916,87,,,0,100,,9915,87,,,0,521,,9924,87,,,0,75,,9920,87,,,0,75,,9925,87,,,0,35,,9922,87,,,0,72,,9917,87,,,0,100,,9918,87,,,0,100,,9921,87,,,0
