1600,'3cbacc5c-479f-4e46-92a9-193ce5972e98',647,,14440,13,,,0,70,,14424,13,,,0,35,,14446,13,,,0,75,,14426,13,,,0,30,,14425,13,,,0,70,,14445,13,,,0,30,,14435,13,,,0,70,,14449,13,,,0,30,,14432,13,,,0,70,,14428,13,,,0,30,,14436,13,,,0,80,,14430,13,,,0,75,,14431,13,,,0,35,,14439,13,,,0,75,,14423,13,,,0,35,,14437,13,,,0,75,,14434,13,,,0,75,,14441,13,,,0,40,,14438,13,,,0,80,,14444,13,,,0,80,,14447,13,,,0,30,,14433,13,,,0,70,,14442,13,,,0,30,,14429,13,,,0,70,,14448,13,,,0,30,,14427,13,,,0,70,,14443,19,,,0
1600,'5d8e1f33-b15a-4d6c-bc08-744b1977a096',647,,14474,13,,,0,70,,14461,13,,,0,35,,14453,13,,,0,75,,14470,13,,,0,30,,14456,13,,,0,70,,14450,13,,,0,30,,14475,13,,,0,70,,14471,13,,,0,30,,14462,13,,,0,70,,14454,13,,,0,30,,14468,13,,,0,80,,14458,13,,,0,75,,14466,13,,,0,35,,14457,13,,,0,75,,14467,13,,,0,35,,14463,13,,,0,75,,14451,13,,,0,75,,14476,13,,,0,40,,14473,13,,,0,80,,14465,13,,,0,80,,14459,13,,,0,30,,14469,13,,,0,70,,14472,13,,,0,30,,14464,13,,,0,70,,14455,13,,,0,30,,14452,13,,,0,70,,14460,19,,,0
1600,'603637be-3b89-4de4-a225-ae420419f9d6',1022,,14479,13,,,0,35,,14485,13,,,0,75,,14481,13,,,0,75,,14486,13,,,0,35,,14483,13,,,0,75,,14480,13,,,0,35,,14477,13,,,0,75,,14488,13,,,0,75,,14478,13,,,0,35,,14482,13,,,0,75,,14484,13,,,0,35,,14489,13,,,0,75,,14487,19,,,0
1600,'7c54d383-1c64-4a24-b06c-a04764f3562f',647,,14515,13,,,0,70,,14491,13,,,0,35,,14514,13,,,0,75,,14508,13,,,0,30,,14499,13,,,0,70,,14505,13,,,0,30,,14504,13,,,0,70,,14516,13,,,0,30,,14500,13,,,0,70,,14501,13,,,0,30,,14497,13,,,0,80,,14502,13,,,0,75,,14496,13,,,0,35,,14495,13,,,0,75,,14490,13,,,0,35,,14498,13,,,0,75,,14513,13,,,0,75,,14507,13,,,0,40,,14511,13,,,0,80,,14509,13,,,0,80,,14510,13,,,0,30,,14494,13,,,0,70,,14492,13,,,0,30,,14512,13,,,0,70,,14493,13,,,0,30,,14503,13,,,0,70,,14506,19,,,0
1600,'8406d080-6e75-4486-a00b-1c9c8d02b55f',647,,14543,13,,,0,70,,14535,13,,,0,35,,14517,13,,,0,75,,14523,13,,,0,30,,14528,13,,,0,70,,14532,13,,,0,30,,14540,13,,,0,70,,14542,13,,,0,30,,14538,13,,,0,70,,14534,13,,,0,30,,14522,13,,,0,80,,14537,13,,,0,75,,14519,13,,,0,35,,14527,13,,,0,75,,14536,13,,,0,35,,14541,13,,,0,75,,14539,13,,,0,75,,14531,13,,,0,40,,14521,13,,,0,80,,14526,13,,,0,80,,14529,13,,,0,30,,14518,13,,,0,70,,14525,13,,,0,30,,14530,13,,,0,70,,14533,13,,,0,30,,14520,13,,,0,70,,14524,19,,,0
1600,'d66d6429-e89f-4376-937c-b6bd14f92a3b',647,,14557,13,,,0,70,,14550,13,,,0,35,,14559,13,,,0,75,,14561,13,,,0,30,,14546,13,,,0,70,,14548,13,,,0,30,,14547,13,,,0,70,,14545,13,,,0,30,,14544,13,,,0,70,,14558,13,,,0,30,,14567,13,,,0,80,,14551,13,,,0,75,,14552,13,,,0,35,,14553,13,,,0,75,,14549,13,,,0,35,,14565,13,,,0,75,,14569,13,,,0,75,,14554,13,,,0,40,,14568,13,,,0,80,,14556,13,,,0,80,,14562,13,,,0,30,,14560,13,,,0,70,,14566,13,,,0,30,,14570,13,,,0,70,,14555,13,,,0,30,,14563,13,,,0,70,,14564,19,,,0
1600,'d696856f-d252-4a8b-bd9f-2960bd70f042',1132,,14572,13,,,0,75,,14574,13,,,0,35,,14581,13,,,0,75,,14575,13,,,0,35,,14579,13,,,0,75,,14582,13,,,0,75,,14580,13,,,0,35,,14583,13,,,0,75,,14573,13,,,0,35,,14576,13,,,0,75,,14571,13,,,0,35,,14577,13,,,0,75,,14578,19,,,0
5000,'3cbacc5c-479f-4e46-92a9-193ce5972e98',640,,14593,22,,,0,64,,14587,22,,,0,26,,14586,22,,,0,26,,14592,22,,,0,66,,14616,22,,,0,26,,14585,22,,,0,66,,14607,22,,,0,26,,14613,22,,,0,66,,14600,13,,,0,26,,14603,22,,,0,68,,14589,22,,,0,47,,14588,22,,,0,73,,14612,22,,,0,84,,14611,22,,,0,34,,14599,22,,,0,68,,14614,22,,,0,25,,14601,22,,,0,69,,14597,22,,,0,27,,14594,22,,,0,27,,14596,22,,,0,67,,14605,22,,,0,34,,14590,22,,,0,72,,14618,22,,,0,27,,14606,22,,,0,74,,14609,22,,,0,24,,14602,22,,,0,64,,14608,22,,,0,26,,14610,15,,,0,67,,14598,22,,,0,23,,14619,22,,,0,90,,14591,22,,,0,23,,14617,15,,,0,90,,14595,15,,,0
5000,'5d8e1f33-b15a-4d6c-bc08-744b1977a096',640,,14643,22,,,0,64,,14635,22,,,0,26,,14649,22,,,0,26,,14651,22,,,0,66,,14646,22,,,0,26,,14627,22,,,0,66,,14654,22,,,0,26,,14655,22,,,0,66,,14623,13,,,0,26,,14650,22,,,0,68,,14631,22,,,0,47,,14621,22,,,0,73,,14644,22,,,0,84,,14629,22,,,0,34,,14636,22,,,0,68,,14630,22,,,0,25,,14624,22,,,0,69,,14652,22,,,0,27,,14647,22,,,0,27,,14620,22,,,0,67,,14626,22,,,0,34,,14641,22,,,0,72,,14653,22,,,0,27,,14645,22,,,0,74,,14640,22,,,0,24,,14622,22,,,0,64,,14642,22,,,0,26,,14638,15,,,0,67,,14639,22,,,0,23,,14632,22,,,0,90,,14634,22,,,0,23,,14648,15,,,0,90,,14637,15,,,0
5000,'603637be-3b89-4de4-a225-ae420419f9d6',1001,,14667,22,,,0,35,,14659,22,,,0,75,,14666,22,,,0,35,,14661,22,,,0,75,,14657,22,,,0,35,,14673,22,,,0,75,,14662,22,,,0,75,,14664,22,,,0,35,,14670,22,,,0,75,,14656,22,,,0,35,,14665,22,,,0,75,,14672,22,,,0,75,,14669,22,,,0,35,,14668,15,,,0,70,,14658,13,,,0,5,,14663,13,,,0
5000,'7c54d383-1c64-4a24-b06c-a04764f3562f',640,,14696,22,,,0,64,,14707,22,,,0,26,,14709,22,,,0,26,,14706,22,,,0,66,,14692,22,,,0,26,,14687,22,,,0,66,,14695,22,,,0,26,,14685,22,,,0,66,,14680,13,,,0,26,,14704,22,,,0,68,,14699,22,,,0,47,,14683,22,,,0,73,,14686,22,,,0,84,,14703,22,,,0,34,,14694,22,,,0,68,,14679,22,,,0,25,,14689,22,,,0,69,,14690,22,,,0,27,,14674,22,,,0,27,,14688,22,,,0,67,,14682,22,,,0,34,,14677,22,,,0,72,,14684,22,,,0,27,,14681,22,,,0,74,,14675,22,,,0,24,,14676,22,,,0,64,,14698,22,,,0,26,,14693,15,,,0,67,,14708,22,,,0,23,,14702,22,,,0,90,,14700,22,,,0,23,,14705,15,,,0,90,,14697,15,,,0
5000,'8406d080-6e75-4486-a00b-1c9c8d02b55f',640,,14745,22,,,0,64,,14743,22,,,0,26,,14731,22,,,0,26,,14730,22,,,0,66,,14713,22,,,0,26,,14725,22,,,0,66,,14733,22,,,0,26,,14737,22,,,0,66,,14738,13,,,0,26,,14727,22,,,0,68,,14729,22,,,0,47,,14722,22,,,0,73,,14719,22,,,0,84,,14728,22,,,0,34,,14732,22,,,0,68,,14720,22,,,0,25,,14714,22,,,0,69,,14736,22,,,0,27,,14744,22,,,0,27,,14712,22,,,0,67,,14726,22,,,0,34,,14723,22,,,0,72,,14721,22,,,0,27,,14718,22,,,0,74,,14724,22,,,0,24,,14710,22,,,0,64,,14715,22,,,0,26,,14716,15,,,0,67,,14740,22,,,0,23,,14741,22,,,0,90,,14734,22,,,0,23,,14717,15,,,0,90,,14735,15,,,0
5000,'d66d6429-e89f-4376-937c-b6bd14f92a3b',640,,14757,22,,,0,64,,14773,22,,,0,26,,14753,22,,,0,26,,14751,22,,,0,66,,14777,22,,,0,26,,14766,22,,,0,66,,14774,22,,,0,26,,14748,22,,,0,66,,14779,13,,,0,26,,14755,22,,,0,68,,14749,22,,,0,47,,14764,22,,,0,73,,14760,22,,,0,84,,14762,22,,,0,34,,14752,22,,,0,68,,14776,22,,,0,25,,14769,22,,,0,69,,14763,22,,,0,27,,14750,22,,,0,27,,14771,22,,,0,67,,14754,22,,,0,34,,14758,22,,,0,72,,14761,22,,,0,27,,14772,22,,,0,74,,14756,22,,,0,24,,14778,22,,,0,64,,14770,22,,,0,26,,14775,15,,,0,67,,14780,22,,,0,23,,14746,22,,,0,90,,14781,22,,,0,23,,14765,15,,,0,90,,14759,15,,,0
5000,'d696856f-d252-4a8b-bd9f-2960bd70f042',706,,14787,22,,,0,35,,14784,22,,,0,75,,14803,22,,,0,35,,14783,22,,,0,75,,14802,22,,,0,75,,14786,22,,,0,35,,14796,22,,,0,75,,14792,22,,,0,36,,14799,22,,,0,77,,14807,22,,,0,80,,14790,22,,,0,37,,14793,22,,,0,80,,14801,22,,,0,37,,14782,22,,,0,80,,14797,22,,,0,77,,14794,22,,,0,40,,14809,22,,,0,77,,14791,22,,,0,77,,14789,22,,,0,37,,14800,22,,,0,75,,14788,22,,,0,35,,14806,22,,,0,75,,14804,22,,,0,75,,14808,15,,,0,35,,14795,15,,,0
6100,'3cbacc5c-479f-4e46-92a9-193ce5972e98',536,,15974,21,,,0,75,,15963,21,,,0,35,,15978,21,,,0,55,,15983,21,,,0,20,,15989,21,,,0,21,,15986,21,,,0,60,,15988,21,,,0,20,,15957,21,,,0,20,,15959,21,,,0,59,,15984,21,,,0,20,,15966,21,,,0,80,,15981,21,,,0,40,,15956,21,,,0,80,,15954,21,,,0,80,,15982,21,,,0,40,,15993,21,,,0,60,,15955,21,,,0,25,,15990,21,,,0,20,,15962,21,,,0,61,,15979,21,,,0,20,,15973,21,,,0,25,,15987,21,,,0,60,,15972,21,,,0,25,,15971,21,,,0,20,,15980,21,,,0,65,,15964,21,,,0,20,,15969,21,,,0,65,,15977,21,,,0,20,,15994,21,,,0,25,,15953,21,,,0,60,,15985,21,,,0,20,,15975,21,,,0,20,,15976,21,,,0,59,,15961,21,,,0,20,,15965,21,,,0,15,,15970,21,,,0,75,,15967,21,,,0,36,,15991,21,,,0,74,,15968,21,,,0,75,,15992,21,,,0,35,,15960,21,,,0,75,,15958,21,,,0
6100,'5d8e1f33-b15a-4d6c-bc08-744b1977a096',536,,16031,21,,,0,75,,16022,21,,,0,35,,15998,21,,,0,55,,16005,21,,,0,20,,16018,21,,,0,21,,15999,21,,,0,60,,16028,21,,,0,20,,16036,21,,,0,20,,16020,21,,,0,59,,16016,21,,,0,20,,16002,21,,,0,80,,16007,21,,,0,40,,16012,21,,,0,80,,16024,21,,,0,80,,16006,21,,,0,40,,16025,21,,,0,60,,16033,21,,,0,25,,15997,21,,,0,20,,16017,21,,,0,61,,16027,21,,,0,20,,16015,21,,,0,25,,16000,21,,,0,60,,16030,21,,,0,25,,16001,21,,,0,20,,16014,21,,,0,65,,16035,21,,,0,20,,16003,21,,,0,65,,16011,21,,,0,20,,15995,21,,,0,25,,16009,21,,,0,60,,16032,21,,,0,20,,16034,21,,,0,20,,16004,21,,,0,59,,16023,21,,,0,20,,16021,21,,,0,15,,16010,21,,,0,75,,16013,21,,,0,36,,16008,21,,,0,74,,16029,21,,,0,75,,15996,21,,,0,35,,16026,21,,,0,75,,16019,21,,,0
6100,'603637be-3b89-4de4-a225-ae420419f9d6',931,,16045,21,,,0,80,,16042,21,,,0,40,,16048,21,,,0,80,,16038,21,,,0,80,,16047,21,,,0,40,,16037,21,,,0,80,,16046,21,,,0,80,,16043,21,,,0,40,,16039,21,,,0,80,,16041,21,,,0,80,,16040,21,,,0,40,,16049,21,,,0,80,,16044,17,,,0
6100,'7c54d383-1c64-4a24-b06c-a04764f3562f',536,,16077,21,,,0,75,,16072,21,,,0,35,,16078,21,,,0,55,,16071,21,,,0,20,,16064,21,,,0,21,,16059,21,,,0,60,,16061,21,,,0,20,,16069,21,,,0,20,,16068,21,,,0,59,,16057,21,,,0,20,,16052,21,,,0,80,,16089,21,,,0,40,,16084,21,,,0,80,,16086,21,,,0,80,,16087,21,,,0,40,,16053,21,,,0,60,,16050,21,,,0,25,,16079,21,,,0,20,,16074,21,,,0,61,,16075,21,,,0,20,,16063,21,,,0,25,,16091,21,,,0,60,,16054,21,,,0,25,,16066,21,,,0,20,,16085,21,,,0,65,,16058,21,,,0,20,,16051,21,,,0,65,,16076,21,,,0,20,,16062,21,,,0,25,,16083,21,,,0,60,,16081,21,,,0,20,,16060,21,,,0,20,,16067,21,,,0,59,,16088,21,,,0,20,,16056,21,,,0,15,,16080,21,,,0,75,,16070,21,,,0,36,,16090,21,,,0,74,,16055,21,,,0,75,,16065,21,,,0,35,,16073,21,,,0,75,,16082,21,,,0
6100,'8406d080-6e75-4486-a00b-1c9c8d02b55f',536,,16121,21,,,0,75,,16103,21,,,0,35,,16116,21,,,0,55,,16118,21,,,0,20,,16107,21,,,0,21,,16111,21,,,0,60,,16128,21,,,0,20,,16098,21,,,0,20,,16117,21,,,0,59,,16092,21,,,0,20,,16120,21,,,0,80,,16097,21,,,0,40,,16122,21,,,0,80,,16095,21,,,0,80,,16106,21,,,0,40,,16132,21,,,0,60,,16127,21,,,0,25,,16119,21,,,0,20,,16130,21,,,0,61,,16129,21,,,0,20,,16096,21,,,0,25,,16093,21,,,0,60,,16126,21,,,0,25,,16131,21,,,0,20,,16125,21,,,0,65,,16094,21,,,0,20,,16124,21,,,0,65,,16100,21,,,0,20,,16102,21,,,0,25,,16115,21,,,0,60,,16114,21,,,0,20,,16108,21,,,0,20,,16133,21,,,0,59,,16123,21,,,0,20,,16112,21,,,0,15,,16110,21,,,0,75,,16099,21,,,0,36,,16104,21,,,0,74,,16105,21,,,0,75,,16113,21,,,0,35,,16101,21,,,0,75,,16109,21,,,0
6100,'d66d6429-e89f-4376-937c-b6bd14f92a3b',536,,16139,21,,,0,75,,16152,21,,,0,35,,16140,21,,,0,55,,16167,21,,,0,20,,16141,21,,,0,21,,16135,21,,,0,60,,16137,21,,,0,20,,16144,21,,,0,20,,16136,21,,,0,59,,16164,21,,,0,20,,16145,21,,,0,80,,16157,21,,,0,40,,16151,21,,,0,80,,16170,21,,,0,80,,16155,21,,,0,40,,16147,21,,,0,60,,16159,21,,,0,25,,16142,21,,,0,20,,16146,21,,,0,61,,16156,21,,,0,20,,16143,21,,,0,25,,16163,21,,,0,60,,16153,21,,,0,25,,16168,21,,,0,20,,16165,21,,,0,65,,16169,21,,,0,20,,16161,21,,,0,65,,16172,21,,,0,20,,16160,21,,,0,25,,16166,21,,,0,60,,16148,21,,,0,20,,16173,21,,,0,20,,16162,21,,,0,59,,16134,21,,,0,20,,16149,21,,,0,15,,16171,21,,,0,75,,16175,21,,,0,36,,16174,21,,,0,74,,16138,21,,,0,75,,16158,21,,,0,35,,16154,21,,,0,75,,16150,21,,,0
6100,'d696856f-d252-4a8b-bd9f-2960bd70f042',611,,16182,21,,,0,90,,16180,21,,,0,40,,16189,21,,,0,80,,16198,21,,,0,80,,16193,21,,,0,40,,16177,21,,,0,80,,16179,21,,,0,80,,16196,21,,,0,45,,16183,21,,,0,85,,16181,21,,,0,85,,16176,21,,,0,85,,16187,21,,,0,45,,16192,21,,,0,85,,16199,21,,,0,85,,16194,21,,,0,85,,16190,21,,,0,45,,16197,21,,,0,85,,16178,21,,,0,75,,16191,21,,,0,35,,16195,21,,,0,75,,16185,21,,,0,35,,16184,21,,,0,75,,16186,21,,,0,75,,16188,17,,,0
