6100,'3cbacc5c-479f-4e46-92a9-193ce5972e98',553,,15974,114,,,0,75,,15963,114,,,0,75,,15978,114,,,0,16,,15983,114,,,0,21,,15989,114,,,0,62,,15986,114,,,0,20,,15988,114,,,0,20,,15957,114,,,0,60,,15959,114,,,0,18,,15984,114,,,0,21,,15966,114,,,0,80,,15981,114,,,0,80,,15956,114,,,0,40,,15954,114,,,0,80,,15982,114,,,0,80,,15993,114,,,0,20,,15955,114,,,0,25,,15990,114,,,0,60,,15962,114,,,0,23,,15979,114,,,0,20,,15973,114,,,0,65,,15987,114,,,0,20,,15972,114,,,0,25,,15971,114,,,0,60,,15980,114,,,0,25,,15964,114,,,0,60,,15969,114,,,0,25,,15977,114,,,0,20,,15994,114,,,0,64,,15953,114,,,0,20,,15985,114,,,0,20,,15975,114,,,0,60,,15976,114,,,0,16,,15961,114,,,0,20,,15965,114,,,0,55,,15970,114,,,0,35,,15967,114,,,0,79,,15991,114,,,0,31,,15968,114,,,0,75,,15992,114,,,0,35,,15960,114,,,0,72,,15958,114,,,0
6100,'5d8e1f33-b15a-4d6c-bc08-744b1977a096',553,,16031,114,,,0,75,,16022,114,,,0,75,,15998,114,,,0,16,,16005,114,,,0,21,,16018,114,,,0,62,,15999,114,,,0,20,,16028,114,,,0,20,,16036,114,,,0,60,,16020,114,,,0,18,,16016,114,,,0,21,,16002,114,,,0,80,,16007,114,,,0,80,,16012,114,,,0,40,,16024,114,,,0,80,,16006,114,,,0,80,,16025,114,,,0,20,,16033,114,,,0,25,,15997,114,,,0,60,,16017,114,,,0,23,,16027,114,,,0,20,,16015,114,,,0,65,,16000,114,,,0,20,,16030,114,,,0,25,,16001,114,,,0,60,,16014,114,,,0,25,,16035,114,,,0,60,,16003,114,,,0,25,,16011,114,,,0,20,,15995,114,,,0,64,,16009,114,,,0,20,,16032,114,,,0,20,,16034,114,,,0,60,,16004,114,,,0,16,,16023,114,,,0,20,,16021,114,,,0,55,,16010,114,,,0,35,,16013,114,,,0,79,,16008,114,,,0,31,,16029,114,,,0,75,,15996,114,,,0,35,,16026,114,,,0,72,,16019,114,,,0
6100,'603637be-3b89-4de4-a225-ae420419f9d6',948,,16045,114,,,0,82,,16042,114,,,0,80,,16048,114,,,0,40,,16038,114,,,0,80,,16047,114,,,0,80,,16037,114,,,0,40,,16046,114,,,0,80,,16043,114,,,0,80,,16039,114,,,0,40,,16041,114,,,0,80,,16040,114,,,0,80,,16049,114,,,0,39,,16044,118,,,0
6100,'7c54d383-1c64-4a24-b06c-a04764f3562f',553,,16077,114,,,0,75,,16072,114,,,0,75,,16078,114,,,0,16,,16071,114,,,0,21,,16064,114,,,0,62,,16059,114,,,0,20,,16061,114,,,0,20,,16069,114,,,0,60,,16068,114,,,0,18,,16057,114,,,0,21,,16052,114,,,0,80,,16089,114,,,0,80,,16084,114,,,0,40,,16086,114,,,0,80,,16087,114,,,0,80,,16053,114,,,0,20,,16050,114,,,0,25,,16079,114,,,0,60,,16074,114,,,0,23,,16075,114,,,0,20,,16063,114,,,0,65,,16091,114,,,0,20,,16054,114,,,0,25,,16066,114,,,0,60,,16085,114,,,0,25,,16058,114,,,0,60,,16051,114,,,0,25,,16076,114,,,0,20,,16062,114,,,0,64,,16083,114,,,0,20,,16081,114,,,0,20,,16060,114,,,0,60,,16067,114,,,0,16,,16088,114,,,0,20,,16056,114,,,0,55,,16080,114,,,0,35,,16070,114,,,0,79,,16090,114,,,0,31,,16055,114,,,0,75,,16065,114,,,0,35,,16073,114,,,0,72,,16082,114,,,0
6100,'8406d080-6e75-4486-a00b-1c9c8d02b55f',553,,16121,114,,,0,75,,16103,114,,,0,75,,16116,114,,,0,16,,16118,114,,,0,21,,16107,114,,,0,62,,16111,114,,,0,20,,16128,114,,,0,20,,16098,114,,,0,60,,16117,114,,,0,18,,16092,114,,,0,21,,16120,114,,,0,80,,16097,114,,,0,80,,16122,114,,,0,40,,16095,114,,,0,80,,16106,114,,,0,80,,16132,114,,,0,20,,16127,114,,,0,25,,16119,114,,,0,60,,16130,114,,,0,23,,16129,114,,,0,20,,16096,114,,,0,65,,16093,114,,,0,20,,16126,114,,,0,25,,16131,114,,,0,60,,16125,114,,,0,25,,16094,114,,,0,60,,16124,114,,,0,25,,16100,114,,,0,20,,16102,114,,,0,64,,16115,114,,,0,20,,16114,114,,,0,20,,16108,114,,,0,60,,16133,114,,,0,16,,16123,114,,,0,20,,16112,114,,,0,55,,16110,114,,,0,35,,16099,114,,,0,79,,16104,114,,,0,31,,16105,114,,,0,75,,16113,114,,,0,35,,16101,114,,,0,72,,16109,114,,,0
6100,'d66d6429-e89f-4376-937c-b6bd14f92a3b',553,,16139,114,,,0,75,,16152,114,,,0,75,,16140,114,,,0,16,,16167,114,,,0,21,,16141,114,,,0,62,,16135,114,,,0,20,,16137,114,,,0,20,,16144,114,,,0,60,,16136,114,,,0,18,,16164,114,,,0,21,,16145,114,,,0,80,,16157,114,,,0,80,,16151,114,,,0,40,,16170,114,,,0,80,,16155,114,,,0,80,,16147,114,,,0,20,,16159,114,,,0,25,,16142,114,,,0,60,,16146,114,,,0,23,,16156,114,,,0,20,,16143,114,,,0,65,,16163,114,,,0,20,,16153,114,,,0,25,,16168,114,,,0,60,,16165,114,,,0,25,,16169,114,,,0,60,,16161,114,,,0,25,,16172,114,,,0,20,,16160,114,,,0,64,,16166,114,,,0,20,,16148,114,,,0,20,,16173,114,,,0,60,,16162,114,,,0,16,,16134,114,,,0,20,,16149,114,,,0,55,,16171,114,,,0,35,,16175,114,,,0,79,,16174,114,,,0,31,,16138,114,,,0,75,,16158,114,,,0,35,,16154,114,,,0,72,,16150,114,,,0
6100,'d696856f-d252-4a8b-bd9f-2960bd70f042',629,,16182,114,,,0,91,,16180,114,,,0,80,,16189,114,,,0,40,,16198,114,,,0,80,,16193,114,,,0,80,,16177,114,,,0,40,,16179,114,,,0,81,,16196,114,,,0,85,,16183,114,,,0,45,,16181,114,,,0,85,,16176,114,,,0,85,,16187,114,,,0,85,,16192,114,,,0,45,,16199,114,,,0,85,,16194,114,,,0,85,,16190,114,,,0,85,,16197,114,,,0,43,,16178,114,,,0,75,,16191,114,,,0,35,,16195,114,,,0,75,,16185,114,,,0,75,,16184,114,,,0,35,,16186,114,,,0,74,,16188,118,,,0
6600,'3cbacc5c-479f-4e46-92a9-193ce5972e98',713,,16993,211,,,0,110,,16985,211,,,0,130,,16982,211,,,0,149,,16984,211,,,0,111,,16987,211,,,0,114,,16990,268,0,8,0,111,,16983,211,,,0,110,,16986,211,,,0,110,,16988,211,,,0,150,,16991,211,,,0,114,,16989,268,0,8,0,106,,16992,211,,,0
6600,'5d8e1f33-b15a-4d6c-bc08-744b1977a096',713,,17001,211,,,0,110,,16997,211,,,0,130,,17003,211,,,0,149,,17004,211,,,0,111,,17002,211,,,0,114,,16994,268,0,8,0,111,,16999,211,,,0,110,,17000,211,,,0,110,,17005,211,,,0,150,,16996,211,,,0,114,,16998,268,0,8,0,106,,16995,211,,,0
6600,'603637be-3b89-4de4-a225-ae420419f9d6',1113,,17009,211,,,0,200,,17006,211,,,0,200,,17008,211,,,0,200,,17007,211,,,0
6600,'7c54d383-1c64-4a24-b06c-a04764f3562f',713,,17017,211,,,0,110,,17021,211,,,0,130,,17018,211,,,0,149,,17020,211,,,0,111,,17013,211,,,0,114,,17012,268,0,8,0,111,,17011,211,,,0,110,,17015,211,,,0,110,,17010,211,,,0,150,,17016,211,,,0,114,,17014,268,0,8,0,106,,17019,211,,,0
6600,'8406d080-6e75-4486-a00b-1c9c8d02b55f',713,,17030,211,,,0,110,,17032,211,,,0,130,,17026,211,,,0,149,,17023,211,,,0,111,,17028,211,,,0,114,,17027,268,0,8,0,111,,17029,211,,,0,110,,17022,211,,,0,110,,17025,211,,,0,150,,17024,211,,,0,114,,17031,268,0,8,0,106,,17033,211,,,0
6600,'d66d6429-e89f-4376-937c-b6bd14f92a3b',713,,17037,211,,,0,110,,17041,211,,,0,130,,17038,211,,,0,149,,17040,211,,,0,111,,17034,211,,,0,114,,17036,268,0,8,0,111,,17045,211,,,0,110,,17044,211,,,0,110,,17035,211,,,0,150,,17043,211,,,0,114,,17039,268,0,8,0,106,,17042,211,,,0
6600,'d696856f-d252-4a8b-bd9f-2960bd70f042',713,,17050,211,,,0,100,,17049,211,,,0,800,,17048,211,,,0,100,,17046,211,,,0,100,,17047,211,,,0
