8100,'3cbacc5c-479f-4e46-92a9-193ce5972e98',2200,,17230,179,,,0
8100,'5d8e1f33-b15a-4d6c-bc08-744b1977a096',2200,,17231,179,,,0
8100,'603637be-3b89-4de4-a225-ae420419f9d6',1107,,17232,212,,,0,100,,17234,212,,,0,200,,17236,212,,,0,100,,17235,212,,,0,100,,17238,212,,,0,100,,17233,212,,,0,99,,17237,194,,,0
8100,'7c54d383-1c64-4a24-b06c-a04764f3562f',2200,,17239,179,,,0
8100,'8406d080-6e75-4486-a00b-1c9c8d02b55f',2200,,17240,179,,,0
8100,'d66d6429-e89f-4376-937c-b6bd14f92a3b',2200,,17241,179,,,0
8100,'d696856f-d252-4a8b-bd9f-2960bd70f042',707,,17254,212,,,0,100,,17242,212,,,0,100,,17250,212,,,0,200,,17243,212,,,0,100,,17253,212,,,0,100,,17255,212,,,0,200,,17252,212,,,0,100,,17244,212,,,0,100,,17245,212,,,0,100,,17251,212,,,0,100,,17246,212,,,0,100,,17249,212,,,0,100,,17248,212,,,0,93,,17247,179,,,0
8500,'3cbacc5c-479f-4e46-92a9-193ce5972e98',700,,17271,122,,,0,100,,17260,229,,,0,100,,17262,229,,,0,100,,17269,229,,,0,100,,17272,229,,,0,100,,17267,229,,,0,100,,17265,229,,,0,100,,17264,229,,,0,100,,17274,229,,,0,100,,17259,229,,,0,100,,17263,229,,,0,100,,17268,229,,,0,100,,17266,229,,,0,100,,17270,229,,,0,100,,17273,229,,,0,100,,17261,229,,,0
8500,'5d8e1f33-b15a-4d6c-bc08-744b1977a096',700,,17290,122,,,0,100,,17275,229,,,0,100,,17288,229,,,0,100,,17279,229,,,0,100,,17276,229,,,0,100,,17285,229,,,0,100,,17284,229,,,0,100,,17277,229,,,0,100,,17287,229,,,0,100,,17289,229,,,0,100,,17280,229,,,0,100,,17286,229,,,0,100,,17282,229,,,0,100,,17278,229,,,0,100,,17281,229,,,0,100,,17283,229,,,0
8500,'7c54d383-1c64-4a24-b06c-a04764f3562f',700,,17292,122,,,0,100,,17291,229,,,0,100,,17306,229,,,0,100,,17299,229,,,0,100,,17302,229,,,0,100,,17305,229,,,0,100,,17303,229,,,0,100,,17297,229,,,0,100,,17300,229,,,0,100,,17301,229,,,0,100,,17294,229,,,0,100,,17295,229,,,0,100,,17296,229,,,0,100,,17304,229,,,0,100,,17298,229,,,0,100,,17293,229,,,0
8500,'8406d080-6e75-4486-a00b-1c9c8d02b55f',700,,17318,122,,,0,100,,17321,229,,,0,100,,17322,229,,,0,100,,17319,229,,,0,100,,17309,229,,,0,100,,17308,229,,,0,100,,17312,229,,,0,100,,17307,229,,,0,100,,17314,229,,,0,100,,17310,229,,,0,100,,17315,229,,,0,100,,17311,229,,,0,100,,17317,229,,,0,100,,17316,229,,,0,100,,17313,229,,,0,100,,17320,229,,,0
8500,'d66d6429-e89f-4376-937c-b6bd14f92a3b',700,,17335,122,,,0,100,,17324,229,,,0,100,,17331,229,,,0,100,,17328,229,,,0,100,,17329,229,,,0,100,,17333,229,,,0,100,,17332,229,,,0,100,,17325,229,,,0,100,,17327,229,,,0,100,,17337,229,,,0,100,,17336,229,,,0,100,,17330,229,,,0,100,,17323,229,,,0,100,,17334,229,,,0,100,,17338,229,,,0,100,,17326,229,,,0
