9300,'3b7f0ccc-4b86-44f9-804c-3016d4439aa6',657,,10258,100,,,0,74,,10257,100,,,0,76,,10278,100,,,0,35,,10265,100,,,0,75,,10259,100,,,0,35,,10261,100,,,0,75,,10275,100,,,0,75,,10270,100,,,0,35,,10281,100,,,0,75,,10264,100,,,0,35,,10271,100,,,0,75,,10266,100,,,0,35,,10280,100,,,0,75,,10260,100,,,0,75,,10276,100,,,0,35,,10268,100,,,0,75,,10283,100,,,0,92,,10269,100,,,0,42,,10262,100,,,0,80,,10272,100,,,0,71,,10263,100,,,0,30,,10273,100,,,0,70,,10282,100,,,0,30,,10277,100,,,0,70,,10274,100,,,0,30,,10279,100,,,0,70,,10267,100,,,0
9300,'545fdaed-298a-4873-ae9e-185363247123',957,,10294,100,,,0,70,,10289,100,,,0,30,,10286,100,,,0,70,,10297,100,,,0,30,,10288,100,,,0,74,,10293,100,,,0,75,,10298,100,,,0,35,,10295,100,,,0,75,,10299,100,,,0,35,,10287,100,,,0,75,,10290,100,,,0,75,,10285,100,,,0,35,,10291,100,,,0,75,,10292,100,,,0,35,,10296,100,,,0,75,,10284,100,,,0
9300,'72a07536-7ac5-462d-91fd-4adacd8d70a1',657,,10312,100,,,0,74,,10300,100,,,0,76,,10317,100,,,0,35,,10324,100,,,0,75,,10320,100,,,0,35,,10301,100,,,0,75,,10311,100,,,0,75,,10305,100,,,0,35,,10321,100,,,0,75,,10304,100,,,0,35,,10309,100,,,0,75,,10308,100,,,0,35,,10302,100,,,0,75,,10303,100,,,0,75,,10326,100,,,0,35,,10314,100,,,0,75,,10306,100,,,0,92,,10313,100,,,0,42,,10316,100,,,0,80,,10323,100,,,0,71,,10307,100,,,0,30,,10322,100,,,0,70,,10318,100,,,0,30,,10315,100,,,0,70,,10325,100,,,0,30,,10319,100,,,0,70,,10310,100,,,0
9300,'b5be936f-506a-42fd-8fe9-aa394bb7d40c',657,,10328,100,,,0,74,,10335,100,,,0,76,,10331,100,,,0,35,,10327,100,,,0,75,,10345,100,,,0,35,,10352,100,,,0,75,,10330,100,,,0,75,,10353,100,,,0,35,,10336,100,,,0,75,,10348,100,,,0,35,,10332,100,,,0,75,,10344,100,,,0,35,,10339,100,,,0,75,,10350,100,,,0,75,,10340,100,,,0,35,,10333,100,,,0,75,,10334,100,,,0,92,,10329,100,,,0,42,,10349,100,,,0,80,,10351,100,,,0,71,,10347,100,,,0,30,,10338,100,,,0,70,,10346,100,,,0,30,,10343,100,,,0,70,,10337,100,,,0,30,,10342,100,,,0,70,,10341,100,,,0
9300,'c0258e04-8c49-4a98-8bc9-d3680145007e',657,,10356,100,,,0,74,,10361,100,,,0,76,,10377,100,,,0,35,,10360,100,,,0,75,,10354,100,,,0,35,,10376,100,,,0,75,,10375,100,,,0,75,,10355,100,,,0,35,,10378,100,,,0,75,,10359,100,,,0,35,,10373,100,,,0,75,,10372,100,,,0,35,,10367,100,,,0,75,,10366,100,,,0,75,,10358,100,,,0,35,,10365,100,,,0,75,,10371,100,,,0,92,,10364,100,,,0,42,,10374,100,,,0,80,,10380,100,,,0,71,,10379,100,,,0,30,,10370,100,,,0,70,,10369,100,,,0,30,,10363,100,,,0,70,,10357,100,,,0,30,,10362,100,,,0,70,,10368,100,,,0
9300,'db4ab86b-f5f5-4d9a-8c75-2988ac0b1af4',657,,10404,100,,,0,70,,10391,100,,,0,30,,10405,100,,,0,70,,10408,100,,,0,30,,10389,100,,,0,70,,10387,100,,,0,30,,10394,100,,,0,70,,10381,100,,,0,30,,10399,100,,,0,79,,10409,100,,,0,75,,10407,100,,,0,35,,10386,100,,,0,75,,10393,100,,,0,35,,10401,100,,,0,75,,10402,100,,,0,75,,10388,100,,,0,35,,10390,100,,,0,75,,10397,100,,,0,35,,10396,100,,,0,75,,10398,100,,,0,31,,10384,100,,,0,70,,10403,100,,,0,30,,10406,100,,,0,70,,10400,100,,,0,30,,10392,100,,,0,70,,10383,100,,,0,30,,10395,100,,,0,70,,10382,100,,,0,30,,10385,100,,,0
9300,'fbc81037-9cf3-4a4d-b4aa-43897a8ca294',657,,10425,100,,,0,74,,10424,100,,,0,76,,10414,100,,,0,35,,10416,100,,,0,75,,10419,100,,,0,35,,10435,100,,,0,75,,10418,100,,,0,75,,10433,100,,,0,35,,10431,100,,,0,75,,10411,100,,,0,35,,10432,100,,,0,75,,10428,100,,,0,35,,10434,100,,,0,75,,10410,100,,,0,75,,10412,100,,,0,35,,10430,100,,,0,75,,10422,100,,,0,92,,10429,100,,,0,42,,10417,100,,,0,80,,10426,100,,,0,71,,10413,100,,,0,30,,10436,100,,,0,70,,10421,100,,,0,30,,10427,100,,,0,70,,10420,100,,,0,30,,10423,100,,,0,70,,10415,100,,,0
9400,'3b7f0ccc-4b86-44f9-804c-3016d4439aa6',657,,10445,109,,,0,75,,10446,109,,,0,23,,10439,109,,,0,60,,10454,109,,,0,20,,10459,109,,,0,20,,10449,109,,,0,60,,10457,109,,,0,20,,10455,109,,,0,16,,10467,119,,,0,79,,10437,109,,,0,80,,10464,109,,,0,40,,10448,109,,,0,80,,10460,109,,,0,80,,10463,109,,,0,40,,10462,109,,,0,85,,10453,109,,,0,80,,10450,109,,,0,20,,10438,109,,,0,20,,10440,109,,,0,60,,10468,109,,,0,20,,10447,109,,,0,20,,10443,109,,,0,60,,10458,109,,,0,16,,10451,119,,,0,24,,10456,109,,,0,77,,10444,109,,,0,75,,10452,109,,,0,35,,10466,109,,,0,75,,10465,109,,,0,35,,10461,109,,,0,80,,10442,109,,,0,74,,10441,119,,,0
9400,'545fdaed-298a-4873-ae9e-185363247123',1002,,10473,109,,,0,35,,10478,109,,,0,75,,10474,109,,,0,35,,10477,109,,,0,75,,10482,109,,,0,35,,10476,109,,,0,75,,10480,109,,,0,75,,10483,109,,,0,35,,10481,109,,,0,75,,10479,109,,,0,35,,10475,109,,,0,75,,10472,109,,,0,75,,10469,109,,,0,35,,10471,109,,,0,74,,10470,119,,,0
9400,'72a07536-7ac5-462d-91fd-4adacd8d70a1',657,,10491,109,,,0,75,,10502,109,,,0,23,,10507,109,,,0,60,,10509,109,,,0,20,,10490,109,,,0,20,,10510,109,,,0,60,,10500,109,,,0,20,,10496,109,,,0,16,,10486,119,,,0,79,,10489,109,,,0,80,,10514,109,,,0,40,,10511,109,,,0,80,,10494,109,,,0,80,,10504,109,,,0,40,,10488,109,,,0,85,,10495,109,,,0,80,,10492,109,,,0,20,,10508,109,,,0,20,,10493,109,,,0,60,,10487,109,,,0,20,,10505,109,,,0,20,,10513,109,,,0,60,,10515,109,,,0,16,,10503,119,,,0,24,,10501,109,,,0,77,,10497,109,,,0,75,,10512,109,,,0,35,,10484,109,,,0,75,,10498,109,,,0,35,,10499,109,,,0,80,,10485,109,,,0,74,,10506,119,,,0
9400,'b5be936f-506a-42fd-8fe9-aa394bb7d40c',657,,10545,109,,,0,75,,10534,109,,,0,23,,10524,109,,,0,60,,10516,109,,,0,20,,10518,109,,,0,20,,10527,109,,,0,60,,10532,109,,,0,20,,10539,109,,,0,16,,10522,119,,,0,79,,10526,109,,,0,80,,10547,109,,,0,40,,10542,109,,,0,80,,10528,109,,,0,80,,10541,109,,,0,40,,10530,109,,,0,85,,10536,109,,,0,80,,10535,109,,,0,20,,10521,109,,,0,20,,10533,109,,,0,60,,10529,109,,,0,20,,10546,109,,,0,20,,10543,109,,,0,60,,10544,109,,,0,16,,10537,119,,,0,24,,10519,109,,,0,77,,10538,109,,,0,75,,10523,109,,,0,35,,10525,109,,,0,75,,10520,109,,,0,35,,10540,109,,,0,80,,10517,109,,,0,74,,10531,119,,,0
9400,'c0258e04-8c49-4a98-8bc9-d3680145007e',657,,10563,109,,,0,75,,10570,109,,,0,23,,10577,109,,,0,60,,10556,109,,,0,20,,10553,109,,,0,20,,10575,109,,,0,60,,10576,109,,,0,20,,10568,109,,,0,16,,10551,119,,,0,79,,10562,109,,,0,80,,10567,109,,,0,40,,10560,109,,,0,80,,10558,109,,,0,80,,10571,109,,,0,40,,10550,109,,,0,85,,10579,109,,,0,80,,10557,109,,,0,20,,10561,109,,,0,20,,10549,109,,,0,60,,10552,109,,,0,20,,10572,109,,,0,20,,10565,109,,,0,60,,10569,109,,,0,16,,10574,119,,,0,24,,10559,109,,,0,77,,10578,109,,,0,75,,10573,109,,,0,35,,10566,109,,,0,75,,10548,109,,,0,35,,10554,109,,,0,80,,10564,109,,,0,74,,10555,119,,,0
9400,'db4ab86b-f5f5-4d9a-8c75-2988ac0b1af4',702,,10603,109,,,0,35,,10581,109,,,0,75,,10604,109,,,0,35,,10592,109,,,0,75,,10580,109,,,0,35,,10586,109,,,0,75,,10588,109,,,0,75,,10596,109,,,0,35,,10599,109,,,0,83,,10595,109,,,0,80,,10601,109,,,0,40,,10602,109,,,0,90,,10582,109,,,0,80,,10587,109,,,0,40,,10584,109,,,0,80,,10589,109,,,0,80,,10593,109,,,0,40,,10591,109,,,0,77,,10600,109,,,0,75,,10585,109,,,0,35,,10598,109,,,0,75,,10597,109,,,0,35,,10594,109,,,0,80,,10590,109,,,0,74,,10583,119,,,0
9400,'fbc81037-9cf3-4a4d-b4aa-43897a8ca294',657,,10631,109,,,0,75,,10636,109,,,0,23,,10611,109,,,0,60,,10617,109,,,0,20,,10623,109,,,0,20,,10630,109,,,0,60,,10627,109,,,0,20,,10632,109,,,0,16,,10628,119,,,0,79,,10613,109,,,0,80,,10612,109,,,0,40,,10607,109,,,0,80,,10610,109,,,0,80,,10608,109,,,0,40,,10620,109,,,0,85,,10609,109,,,0,80,,10622,109,,,0,20,,10606,109,,,0,20,,10624,109,,,0,60,,10614,109,,,0,20,,10626,109,,,0,20,,10605,109,,,0,60,,10618,109,,,0,16,,10634,119,,,0,24,,10635,109,,,0,77,,10616,109,,,0,75,,10629,109,,,0,35,,10619,109,,,0,75,,10633,109,,,0,35,,10615,109,,,0,80,,10621,109,,,0,74,,10625,119,,,0
9500,'3b7f0ccc-4b86-44f9-804c-3016d4439aa6',658,,10648,140,,,0,75,,10644,140,,,0,75,,10661,140,,,0,35,,10641,140,,,0,75,,10640,140,,,0,35,,10643,140,,,0,75,,10655,140,,,0,75,,10658,140,,,0,35,,10656,140,,,0,75,,10663,140,,,0,35,,10653,140,,,0,75,,10662,140,,,0,35,,10645,140,,,0,75,,10646,140,,,0,75,,10650,140,,,0,35,,10654,140,,,0,75,,10657,140,,,0,92,,10647,140,,,0,42,,10638,140,,,0,80,,10639,140,,,0,71,,10652,140,,,0,30,,10649,140,,,0,70,,10659,140,,,0,30,,10642,140,,,0,70,,10637,140,,,0,30,,10651,140,,,0,70,,10660,144,,,0
9500,'545fdaed-298a-4873-ae9e-185363247123',958,,10671,140,,,0,70,,10675,140,,,0,30,,10669,140,,,0,70,,10670,140,,,0,30,,10667,140,,,0,75,,10664,140,,,0,75,,10666,140,,,0,35,,10679,140,,,0,75,,10672,140,,,0,35,,10677,140,,,0,75,,10668,140,,,0,75,,10674,140,,,0,35,,10673,140,,,0,75,,10676,140,,,0,35,,10678,140,,,0,75,,10665,144,,,0
9500,'72a07536-7ac5-462d-91fd-4adacd8d70a1',658,,10684,140,,,0,75,,10706,140,,,0,75,,10696,140,,,0,35,,10689,140,,,0,75,,10694,140,,,0,35,,10695,140,,,0,75,,10690,140,,,0,75,,10697,140,,,0,35,,10682,140,,,0,75,,10683,140,,,0,35,,10685,140,,,0,75,,10691,140,,,0,35,,10680,140,,,0,75,,10681,140,,,0,75,,10688,140,,,0,35,,10693,140,,,0,75,,10698,140,,,0,92,,10687,140,,,0,42,,10700,140,,,0,80,,10704,140,,,0,71,,10703,140,,,0,30,,10686,140,,,0,70,,10701,140,,,0,30,,10705,140,,,0,70,,10692,140,,,0,30,,10702,140,,,0,70,,10699,144,,,0
9500,'b5be936f-506a-42fd-8fe9-aa394bb7d40c',658,,10733,140,,,0,75,,10718,140,,,0,75,,10720,140,,,0,35,,10721,140,,,0,75,,10709,140,,,0,35,,10715,140,,,0,75,,10717,140,,,0,75,,10719,140,,,0,35,,10730,140,,,0,75,,10716,140,,,0,35,,10726,140,,,0,75,,10728,140,,,0,35,,10713,140,,,0,75,,10711,140,,,0,75,,10707,140,,,0,35,,10724,140,,,0,75,,10727,140,,,0,92,,10732,140,,,0,42,,10725,140,,,0,80,,10723,140,,,0,71,,10722,140,,,0,30,,10731,140,,,0,70,,10708,140,,,0,30,,10710,140,,,0,70,,10729,140,,,0,30,,10712,140,,,0,70,,10714,144,,,0
9500,'c0258e04-8c49-4a98-8bc9-d3680145007e',658,,10739,140,,,0,75,,10746,140,,,0,75,,10736,140,,,0,35,,10738,140,,,0,75,,10756,140,,,0,35,,10757,140,,,0,75,,10748,140,,,0,75,,10760,140,,,0,35,,10745,140,,,0,75,,10750,140,,,0,35,,10740,140,,,0,75,,10734,140,,,0,35,,10752,140,,,0,75,,10749,140,,,0,75,,10735,140,,,0,35,,10759,140,,,0,75,,10737,140,,,0,92,,10747,140,,,0,42,,10742,140,,,0,80,,10743,140,,,0,71,,10753,140,,,0,30,,10754,140,,,0,70,,10758,140,,,0,30,,10741,140,,,0,70,,10755,140,,,0,30,,10751,140,,,0,70,,10744,144,,,0
9500,'db4ab86b-f5f5-4d9a-8c75-2988ac0b1af4',658,,10789,140,,,0,70,,10769,140,,,0,30,,10779,140,,,0,70,,10781,140,,,0,30,,10786,140,,,0,70,,10771,140,,,0,30,,10761,140,,,0,70,,10783,140,,,0,30,,10780,140,,,0,80,,10777,140,,,0,75,,10764,140,,,0,35,,10775,140,,,0,75,,10772,140,,,0,35,,10778,140,,,0,75,,10763,140,,,0,75,,10784,140,,,0,35,,10767,140,,,0,75,,10776,140,,,0,35,,10770,140,,,0,75,,10774,140,,,0,30,,10787,140,,,0,70,,10773,140,,,0,30,,10768,140,,,0,70,,10766,140,,,0,30,,10762,140,,,0,70,,10788,140,,,0,30,,10785,140,,,0,70,,10765,140,,,0,30,,10782,144,,,0
9500,'fbc81037-9cf3-4a4d-b4aa-43897a8ca294',658,,10797,140,,,0,75,,10791,140,,,0,75,,10792,140,,,0,35,,10790,140,,,0,75,,10800,140,,,0,35,,10808,140,,,0,75,,10812,140,,,0,75,,10811,140,,,0,35,,10799,140,,,0,75,,10804,140,,,0,35,,10798,140,,,0,75,,10795,140,,,0,35,,10802,140,,,0,75,,10807,140,,,0,75,,10814,140,,,0,35,,10794,140,,,0,75,,10796,140,,,0,92,,10810,140,,,0,42,,10813,140,,,0,80,,10816,140,,,0,71,,10793,140,,,0,30,,10801,140,,,0,70,,10806,140,,,0,30,,10815,140,,,0,70,,10803,140,,,0,30,,10805,140,,,0,70,,10809,144,,,0
