8100,'3cbacc5c-479f-4e46-92a9-193ce5972e98',2148,,17230,144,,,0
8100,'5d8e1f33-b15a-4d6c-bc08-744b1977a096',2148,,17231,144,,,0
8100,'603637be-3b89-4de4-a225-ae420419f9d6',1054,,17232,167,,,0,100,,17234,167,,,0,200,,17236,167,,,0,100,,17235,167,,,0,100,,17238,167,,,0,100,,17233,167,,,0,100,,17237,159,,,0
8100,'7c54d383-1c64-4a24-b06c-a04764f3562f',2148,,17239,144,,,0
8100,'8406d080-6e75-4486-a00b-1c9c8d02b55f',2148,,17240,144,,,0
8100,'d66d6429-e89f-4376-937c-b6bd14f92a3b',2148,,17241,144,,,0
8100,'d696856f-d252-4a8b-bd9f-2960bd70f042',654,,17254,167,,,0,100,,17242,167,,,0,100,,17250,167,,,0,200,,17243,167,,,0,100,,17253,167,,,0,100,,17255,167,,,0,200,,17252,167,,,0,100,,17244,167,,,0,100,,17245,167,,,0,100,,17251,167,,,0,100,,17246,167,,,0,100,,17249,167,,,0,100,,17248,167,,,0,94,,17247,144,,,0
8500,'3cbacc5c-479f-4e46-92a9-193ce5972e98',651,,17271,88,,,0,100,,17260,195,,,0,100,,17262,195,,,0,100,,17269,195,,,0,100,,17272,195,,,0,100,,17267,195,,,0,100,,17265,195,,,0,100,,17264,195,,,0,100,,17274,195,,,0,100,,17259,195,,,0,100,,17263,195,,,0,100,,17268,195,,,0,100,,17266,195,,,0,100,,17270,195,,,0,100,,17273,195,,,0,100,,17261,195,,,0
8500,'5d8e1f33-b15a-4d6c-bc08-744b1977a096',651,,17290,88,,,0,100,,17275,195,,,0,100,,17288,195,,,0,100,,17279,195,,,0,100,,17276,195,,,0,100,,17285,195,,,0,100,,17284,195,,,0,100,,17277,195,,,0,100,,17287,195,,,0,100,,17289,195,,,0,100,,17280,195,,,0,100,,17286,195,,,0,100,,17282,195,,,0,100,,17278,195,,,0,100,,17281,195,,,0,100,,17283,195,,,0
8500,'7c54d383-1c64-4a24-b06c-a04764f3562f',651,,17292,88,,,0,100,,17291,195,,,0,100,,17306,195,,,0,100,,17299,195,,,0,100,,17302,195,,,0,100,,17305,195,,,0,100,,17303,195,,,0,100,,17297,195,,,0,100,,17300,195,,,0,100,,17301,195,,,0,100,,17294,195,,,0,100,,17295,195,,,0,100,,17296,195,,,0,100,,17304,195,,,0,100,,17298,195,,,0,100,,17293,195,,,0
8500,'8406d080-6e75-4486-a00b-1c9c8d02b55f',651,,17318,88,,,0,100,,17321,195,,,0,100,,17322,195,,,0,100,,17319,195,,,0,100,,17309,195,,,0,100,,17308,195,,,0,100,,17312,195,,,0,100,,17307,195,,,0,100,,17314,195,,,0,100,,17310,195,,,0,100,,17315,195,,,0,100,,17311,195,,,0,100,,17317,195,,,0,100,,17316,195,,,0,100,,17313,195,,,0,100,,17320,195,,,0
8500,'d66d6429-e89f-4376-937c-b6bd14f92a3b',651,,17335,88,,,0,100,,17324,195,,,0,100,,17331,195,,,0,100,,17328,195,,,0,100,,17329,195,,,0,100,,17333,195,,,0,100,,17332,195,,,0,100,,17325,195,,,0,100,,17327,195,,,0,100,,17337,195,,,0,100,,17336,195,,,0,100,,17330,195,,,0,100,,17323,195,,,0,100,,17334,195,,,0,100,,17338,195,,,0,100,,17326,195,,,0
