8100,'20e11cfa-d6a6-46ec-932e-c3530533c309',2135,,6414,39,,,0
8100,'29539182-f080-4698-b528-b5cea7c0f7e4',2135,,6415,39,,,0
8100,'4ff90fe8-7b85-4537-858e-36c817b2ba06',1815,,6417,258,,,0
8100,'53316f13-7e2a-415d-a780-d65e8f9fc920',2135,,6424,39,,,0
8100,'9712db0e-9c6e-4aef-9821-7ba79476301c',2135,,6437,39,,,0
8100,'aa100e8f-694c-4b5d-8041-b019347d5019',2135,,6438,39,,,0
8100,'e6a8ef7e-0cfa-4bac-b2c4-68d071108359',2135,,6439,39,,,0
8200,'4ff90fe8-7b85-4537-858e-36c817b2ba06',1248,,6440,141,,,0
8200,'53316f13-7e2a-415d-a780-d65e8f9fc920',948,,6441,141,,,0,400,,6442,141,,,0
8500,'20e11cfa-d6a6-46ec-932e-c3530533c309',716,,6443,57,,,0,100,,6455,57,,,0,100,,6457,57,,,0,100,,6458,57,,,0,100,,6444,57,,,0,100,,6453,57,,,0,100,,6456,57,,,0,100,,6454,57,,,0,100,,6451,57,,,0,100,,6447,57,,,0,100,,6449,57,,,0,100,,6452,57,,,0,100,,6448,57,,,0,100,,6445,57,,,0,100,,6450,58,,,0
8500,'29539182-f080-4698-b528-b5cea7c0f7e4',716,,6470,57,,,0,100,,6474,57,,,0,100,,6466,57,,,0,100,,6473,57,,,0,100,,6472,57,,,0,100,,6467,57,,,0,100,,6471,57,,,0,100,,6460,57,,,0,100,,6459,57,,,0,100,,6468,57,,,0,100,,6461,57,,,0,100,,6462,57,,,0,100,,6469,57,,,0,100,,6465,57,,,0,100,,6463,58,,,0
8500,'9712db0e-9c6e-4aef-9821-7ba79476301c',716,,6489,57,,,0,100,,6484,57,,,0,100,,6485,57,,,0,100,,6482,57,,,0,100,,6490,57,,,0,100,,6488,57,,,0,100,,6486,57,,,0,100,,6475,57,,,0,100,,6480,57,,,0,100,,6476,57,,,0,100,,6487,57,,,0,100,,6483,57,,,0,100,,6477,57,,,0,100,,6478,57,,,0,100,,6481,58,,,0
8500,'aa100e8f-694c-4b5d-8041-b019347d5019',716,,6503,57,,,0,100,,6504,57,,,0,100,,6492,57,,,0,100,,6491,57,,,0,100,,6498,57,,,0,100,,6497,57,,,0,100,,6494,57,,,0,100,,6493,57,,,0,100,,6502,57,,,0,100,,6505,57,,,0,100,,6506,57,,,0,100,,6500,57,,,0,100,,6499,57,,,0,100,,6501,57,,,0,100,,6495,58,,,0
8500,'e6a8ef7e-0cfa-4bac-b2c4-68d071108359',716,,6522,57,,,0,100,,6517,57,,,0,100,,6514,57,,,0,100,,6518,57,,,0,100,,6519,57,,,0,100,,6512,57,,,0,100,,6511,57,,,0,100,,6516,57,,,0,100,,6508,57,,,0,100,,6510,57,,,0,100,,6520,57,,,0,100,,6509,57,,,0,100,,6507,57,,,0,100,,6521,57,,,0,100,,6515,58,,,0
