8100,'3b7f0ccc-4b86-44f9-804c-3016d4439aa6',2204,,10018,187,,,0
8100,'545fdaed-298a-4873-ae9e-185363247123',1109,,10024,221,,,0,100,,10022,221,,,0,200,,10023,221,,,0,100,,10020,221,,,0,100,,10021,221,,,0,100,,10025,221,,,0,98,,10019,202,,,0
8100,'72a07536-7ac5-462d-91fd-4adacd8d70a1',2204,,10026,187,,,0
8100,'b5be936f-506a-42fd-8fe9-aa394bb7d40c',2204,,10027,187,,,0
8100,'c0258e04-8c49-4a98-8bc9-d3680145007e',2204,,10028,187,,,0
8100,'db4ab86b-f5f5-4d9a-8c75-2988ac0b1af4',709,,10038,221,,,0,100,,10041,221,,,0,100,,10031,221,,,0,200,,10033,221,,,0,100,,10029,221,,,0,100,,10034,221,,,0,200,,10037,221,,,0,100,,10032,221,,,0,100,,10039,221,,,0,100,,10035,221,,,0,100,,10042,221,,,0,100,,10040,221,,,0,100,,10036,221,,,0,95,,10030,187,,,0
8100,'fbc81037-9cf3-4a4d-b4aa-43897a8ca294',2204,,10043,187,,,0
8500,'3b7f0ccc-4b86-44f9-804c-3016d4439aa6',702,,10047,130,,,0,100,,10049,237,,,0,100,,10048,237,,,0,100,,10056,237,,,0,100,,10053,237,,,0,100,,10055,237,,,0,100,,10062,237,,,0,100,,10054,237,,,0,100,,10051,237,,,0,100,,10050,237,,,0,100,,10052,237,,,0,100,,10059,237,,,0,100,,10060,237,,,0,100,,10061,237,,,0,100,,10058,237,,,0,100,,10057,237,,,0
8500,'72a07536-7ac5-462d-91fd-4adacd8d70a1',702,,10076,130,,,0,100,,10073,237,,,0,100,,10063,237,,,0,100,,10066,237,,,0,100,,10072,237,,,0,100,,10077,237,,,0,100,,10071,237,,,0,100,,10070,237,,,0,100,,10064,237,,,0,100,,10068,237,,,0,100,,10069,237,,,0,100,,10078,237,,,0,100,,10075,237,,,0,100,,10074,237,,,0,100,,10067,237,,,0,100,,10065,237,,,0
8500,'b5be936f-506a-42fd-8fe9-aa394bb7d40c',702,,10090,130,,,0,100,,10080,237,,,0,100,,10094,237,,,0,100,,10093,237,,,0,100,,10091,237,,,0,100,,10079,237,,,0,100,,10085,237,,,0,100,,10083,237,,,0,100,,10089,237,,,0,100,,10088,237,,,0,100,,10082,237,,,0,100,,10081,237,,,0,100,,10092,237,,,0,100,,10087,237,,,0,100,,10084,237,,,0,100,,10086,237,,,0
8500,'c0258e04-8c49-4a98-8bc9-d3680145007e',702,,10099,130,,,0,100,,10107,237,,,0,100,,10110,237,,,0,100,,10101,237,,,0,100,,10108,237,,,0,100,,10095,237,,,0,100,,10098,237,,,0,100,,10104,237,,,0,100,,10106,237,,,0,100,,10102,237,,,0,100,,10105,237,,,0,100,,10100,237,,,0,100,,10103,237,,,0,100,,10096,237,,,0,100,,10109,237,,,0,100,,10097,237,,,0
8500,'fbc81037-9cf3-4a4d-b4aa-43897a8ca294',702,,10113,130,,,0,100,,10119,237,,,0,100,,10124,237,,,0,100,,10111,237,,,0,100,,10123,237,,,0,100,,10112,237,,,0,100,,10115,237,,,0,100,,10117,237,,,0,100,,10125,237,,,0,100,,10118,237,,,0,100,,10114,237,,,0,100,,10121,237,,,0,100,,10116,237,,,0,100,,10122,237,,,0,100,,10126,237,,,0,100,,10120,237,,,0
