8100,'3cbacc5c-479f-4e46-92a9-193ce5972e98',2145,,17230,117,,,0
8100,'5d8e1f33-b15a-4d6c-bc08-744b1977a096',2145,,17231,117,,,0
8100,'603637be-3b89-4de4-a225-ae420419f9d6',1050,,17232,137,,,0,100,,17234,137,,,0,200,,17236,137,,,0,100,,17235,137,,,0,100,,17238,137,,,0,100,,17233,137,,,0,100,,17237,134,,,0
8100,'7c54d383-1c64-4a24-b06c-a04764f3562f',2145,,17239,117,,,0
8100,'8406d080-6e75-4486-a00b-1c9c8d02b55f',2145,,17240,117,,,0
8100,'d66d6429-e89f-4376-937c-b6bd14f92a3b',2145,,17241,117,,,0
8100,'d696856f-d252-4a8b-bd9f-2960bd70f042',650,,17254,137,,,0,100,,17242,137,,,0,100,,17250,137,,,0,200,,17243,137,,,0,100,,17253,137,,,0,100,,17255,137,,,0,200,,17252,137,,,0,100,,17244,137,,,0,100,,17245,137,,,0,100,,17251,137,,,0,100,,17246,137,,,0,100,,17249,137,,,0,100,,17248,137,,,0,95,,17247,117,,,0
8500,'3cbacc5c-479f-4e46-92a9-193ce5972e98',648,,17271,64,,,0,100,,17260,171,,,0,100,,17262,171,,,0,100,,17269,171,,,0,100,,17272,171,,,0,100,,17267,171,,,0,100,,17265,171,,,0,100,,17264,171,,,0,100,,17274,171,,,0,100,,17259,171,,,0,100,,17263,171,,,0,100,,17268,171,,,0,100,,17266,171,,,0,100,,17270,171,,,0,100,,17273,171,,,0,100,,17261,171,,,0
8500,'5d8e1f33-b15a-4d6c-bc08-744b1977a096',648,,17290,64,,,0,100,,17275,171,,,0,100,,17288,171,,,0,100,,17279,171,,,0,100,,17276,171,,,0,100,,17285,171,,,0,100,,17284,171,,,0,100,,17277,171,,,0,100,,17287,171,,,0,100,,17289,171,,,0,100,,17280,171,,,0,100,,17286,171,,,0,100,,17282,171,,,0,100,,17278,171,,,0,100,,17281,171,,,0,100,,17283,171,,,0
8500,'7c54d383-1c64-4a24-b06c-a04764f3562f',648,,17292,64,,,0,100,,17291,171,,,0,100,,17306,171,,,0,100,,17299,171,,,0,100,,17302,171,,,0,100,,17305,171,,,0,100,,17303,171,,,0,100,,17297,171,,,0,100,,17300,171,,,0,100,,17301,171,,,0,100,,17294,171,,,0,100,,17295,171,,,0,100,,17296,171,,,0,100,,17304,171,,,0,100,,17298,171,,,0,100,,17293,171,,,0
8500,'8406d080-6e75-4486-a00b-1c9c8d02b55f',648,,17318,64,,,0,100,,17321,171,,,0,100,,17322,171,,,0,100,,17319,171,,,0,100,,17309,171,,,0,100,,17308,171,,,0,100,,17312,171,,,0,100,,17307,171,,,0,100,,17314,171,,,0,100,,17310,171,,,0,100,,17315,171,,,0,100,,17311,171,,,0,100,,17317,171,,,0,100,,17316,171,,,0,100,,17313,171,,,0,100,,17320,171,,,0
8500,'d66d6429-e89f-4376-937c-b6bd14f92a3b',648,,17335,64,,,0,100,,17324,171,,,0,100,,17331,171,,,0,100,,17328,171,,,0,100,,17329,171,,,0,100,,17333,171,,,0,100,,17332,171,,,0,100,,17325,171,,,0,100,,17327,171,,,0,100,,17337,171,,,0,100,,17336,171,,,0,100,,17330,171,,,0,100,,17323,171,,,0,100,,17334,171,,,0,100,,17338,171,,,0,100,,17326,171,,,0
