8100,'3cbacc5c-479f-4e46-92a9-193ce5972e98',2139,,17230,56,,,0
8100,'5d8e1f33-b15a-4d6c-bc08-744b1977a096',2139,,17231,56,,,0
8100,'603637be-3b89-4de4-a225-ae420419f9d6',1819,,17237,278,,,0
8100,'7c54d383-1c64-4a24-b06c-a04764f3562f',2139,,17239,56,,,0
8100,'8406d080-6e75-4486-a00b-1c9c8d02b55f',2139,,17240,56,,,0
8100,'d66d6429-e89f-4376-937c-b6bd14f92a3b',2139,,17241,56,,,0
8100,'d696856f-d252-4a8b-bd9f-2960bd70f042',2139,,17247,56,,,0
8200,'603637be-3b89-4de4-a225-ae420419f9d6',1252,,17256,205,,,0
8200,'d696856f-d252-4a8b-bd9f-2960bd70f042',952,,17257,205,,,0,400,,17258,205,,,0
8500,'3cbacc5c-479f-4e46-92a9-193ce5972e98',724,,17260,99,,,0,100,,17262,99,,,0,100,,17269,99,,,0,100,,17272,99,,,0,100,,17267,99,,,0,100,,17265,99,,,0,100,,17264,99,,,0,100,,17274,99,,,0,100,,17259,99,,,0,100,,17263,99,,,0,100,,17268,99,,,0,100,,17266,99,,,0,100,,17270,99,,,0,100,,17273,99,,,0,100,,17261,99,,,0
8500,'5d8e1f33-b15a-4d6c-bc08-744b1977a096',724,,17275,99,,,0,100,,17288,99,,,0,100,,17279,99,,,0,100,,17276,99,,,0,100,,17285,99,,,0,100,,17284,99,,,0,100,,17277,99,,,0,100,,17287,99,,,0,100,,17289,99,,,0,100,,17280,99,,,0,100,,17286,99,,,0,100,,17282,99,,,0,100,,17278,99,,,0,100,,17281,99,,,0,100,,17283,99,,,0
8500,'7c54d383-1c64-4a24-b06c-a04764f3562f',724,,17291,99,,,0,100,,17306,99,,,0,100,,17299,99,,,0,100,,17302,99,,,0,100,,17305,99,,,0,100,,17303,99,,,0,100,,17297,99,,,0,100,,17300,99,,,0,100,,17301,99,,,0,100,,17294,99,,,0,100,,17295,99,,,0,100,,17296,99,,,0,100,,17304,99,,,0,100,,17298,99,,,0,100,,17293,99,,,0
8500,'8406d080-6e75-4486-a00b-1c9c8d02b55f',724,,17321,99,,,0,100,,17322,99,,,0,100,,17319,99,,,0,100,,17309,99,,,0,100,,17308,99,,,0,100,,17312,99,,,0,100,,17307,99,,,0,100,,17314,99,,,0,100,,17310,99,,,0,100,,17315,99,,,0,100,,17311,99,,,0,100,,17317,99,,,0,100,,17316,99,,,0,100,,17313,99,,,0,100,,17320,99,,,0
8500,'d66d6429-e89f-4376-937c-b6bd14f92a3b',724,,17324,99,,,0,100,,17331,99,,,0,100,,17328,99,,,0,100,,17329,99,,,0,100,,17333,99,,,0,100,,17332,99,,,0,100,,17325,99,,,0,100,,17327,99,,,0,100,,17337,99,,,0,100,,17336,99,,,0,100,,17330,99,,,0,100,,17323,99,,,0,100,,17334,99,,,0,100,,17338,99,,,0,100,,17326,99,,,0
