1600,'3cbacc5c-479f-4e46-92a9-193ce5972e98',648,,14440,19,,,0,70,,14424,19,,,0,35,,14446,19,,,0,75,,14426,19,,,0,30,,14425,19,,,0,70,,14445,19,,,0,30,,14435,19,,,0,70,,14449,19,,,0,30,,14432,19,,,0,70,,14428,19,,,0,30,,14436,19,,,0,80,,14430,19,,,0,75,,14431,19,,,0,35,,14439,19,,,0,75,,14423,19,,,0,35,,14437,19,,,0,75,,14434,19,,,0,75,,14441,19,,,0,40,,14438,19,,,0,80,,14444,19,,,0,80,,14447,19,,,0,30,,14433,19,,,0,70,,14442,19,,,0,30,,14429,19,,,0,70,,14448,19,,,0,30,,14427,19,,,0,70,,14443,26,,,0
1600,'5d8e1f33-b15a-4d6c-bc08-744b1977a096',648,,14474,19,,,0,70,,14461,19,,,0,35,,14453,19,,,0,75,,14470,19,,,0,30,,14456,19,,,0,70,,14450,19,,,0,30,,14475,19,,,0,70,,14471,19,,,0,30,,14462,19,,,0,70,,14454,19,,,0,30,,14468,19,,,0,80,,14458,19,,,0,75,,14466,19,,,0,35,,14457,19,,,0,75,,14467,19,,,0,35,,14463,19,,,0,75,,14451,19,,,0,75,,14476,19,,,0,40,,14473,19,,,0,80,,14465,19,,,0,80,,14459,19,,,0,30,,14469,19,,,0,70,,14472,19,,,0,30,,14464,19,,,0,70,,14455,19,,,0,30,,14452,19,,,0,70,,14460,26,,,0
1600,'603637be-3b89-4de4-a225-ae420419f9d6',1023,,14479,19,,,0,35,,14485,19,,,0,75,,14481,19,,,0,75,,14486,19,,,0,35,,14483,19,,,0,75,,14480,19,,,0,35,,14477,19,,,0,75,,14488,19,,,0,75,,14478,19,,,0,35,,14482,19,,,0,75,,14484,19,,,0,35,,14489,19,,,0,75,,14487,26,,,0
1600,'7c54d383-1c64-4a24-b06c-a04764f3562f',648,,14515,19,,,0,70,,14491,19,,,0,35,,14514,19,,,0,75,,14508,19,,,0,30,,14499,19,,,0,70,,14505,19,,,0,30,,14504,19,,,0,70,,14516,19,,,0,30,,14500,19,,,0,70,,14501,19,,,0,30,,14497,19,,,0,80,,14502,19,,,0,75,,14496,19,,,0,35,,14495,19,,,0,75,,14490,19,,,0,35,,14498,19,,,0,75,,14513,19,,,0,75,,14507,19,,,0,40,,14511,19,,,0,80,,14509,19,,,0,80,,14510,19,,,0,30,,14494,19,,,0,70,,14492,19,,,0,30,,14512,19,,,0,70,,14493,19,,,0,30,,14503,19,,,0,70,,14506,26,,,0
1600,'8406d080-6e75-4486-a00b-1c9c8d02b55f',648,,14543,19,,,0,70,,14535,19,,,0,35,,14517,19,,,0,75,,14523,19,,,0,30,,14528,19,,,0,70,,14532,19,,,0,30,,14540,19,,,0,70,,14542,19,,,0,30,,14538,19,,,0,70,,14534,19,,,0,30,,14522,19,,,0,80,,14537,19,,,0,75,,14519,19,,,0,35,,14527,19,,,0,75,,14536,19,,,0,35,,14541,19,,,0,75,,14539,19,,,0,75,,14531,19,,,0,40,,14521,19,,,0,80,,14526,19,,,0,80,,14529,19,,,0,30,,14518,19,,,0,70,,14525,19,,,0,30,,14530,19,,,0,70,,14533,19,,,0,30,,14520,19,,,0,70,,14524,26,,,0
1600,'d66d6429-e89f-4376-937c-b6bd14f92a3b',648,,14557,19,,,0,70,,14550,19,,,0,35,,14559,19,,,0,75,,14561,19,,,0,30,,14546,19,,,0,70,,14548,19,,,0,30,,14547,19,,,0,70,,14545,19,,,0,30,,14544,19,,,0,70,,14558,19,,,0,30,,14567,19,,,0,80,,14551,19,,,0,75,,14552,19,,,0,35,,14553,19,,,0,75,,14549,19,,,0,35,,14565,19,,,0,75,,14569,19,,,0,75,,14554,19,,,0,40,,14568,19,,,0,80,,14556,19,,,0,80,,14562,19,,,0,30,,14560,19,,,0,70,,14566,19,,,0,30,,14570,19,,,0,70,,14555,19,,,0,30,,14563,19,,,0,70,,14564,26,,,0
1600,'d696856f-d252-4a8b-bd9f-2960bd70f042',1133,,14572,19,,,0,75,,14574,19,,,0,35,,14581,19,,,0,75,,14575,19,,,0,35,,14579,19,,,0,75,,14582,19,,,0,75,,14580,19,,,0,35,,14583,19,,,0,75,,14573,19,,,0,35,,14576,19,,,0,75,,14571,19,,,0,35,,14577,19,,,0,75,,14578,26,,,0
5000,'3cbacc5c-479f-4e46-92a9-193ce5972e98',641,,14593,27,,,0,64,,14587,27,,,0,26,,14586,27,,,0,26,,14592,27,,,0,66,,14616,27,,,0,26,,14585,27,,,0,66,,14607,27,,,0,26,,14613,27,,,0,66,,14600,20,,,0,26,,14603,27,,,0,68,,14589,27,,,0,46,,14588,27,,,0,73,,14612,27,,,0,85,,14611,27,,,0,34,,14599,27,,,0,68,,14614,27,,,0,25,,14601,27,,,0,69,,14597,27,,,0,27,,14594,27,,,0,27,,14596,27,,,0,67,,14605,27,,,0,34,,14590,27,,,0,72,,14618,27,,,0,27,,14606,27,,,0,74,,14609,27,,,0,24,,14602,27,,,0,64,,14608,27,,,0,26,,14610,22,,,0,67,,14598,27,,,0,23,,14619,27,,,0,90,,14591,27,,,0,23,,14617,22,,,0,90,,14595,22,,,0
5000,'5d8e1f33-b15a-4d6c-bc08-744b1977a096',641,,14643,27,,,0,64,,14635,27,,,0,26,,14649,27,,,0,26,,14651,27,,,0,66,,14646,27,,,0,26,,14627,27,,,0,66,,14654,27,,,0,26,,14655,27,,,0,66,,14623,20,,,0,26,,14650,27,,,0,68,,14631,27,,,0,46,,14621,27,,,0,73,,14644,27,,,0,85,,14629,27,,,0,34,,14636,27,,,0,68,,14630,27,,,0,25,,14624,27,,,0,69,,14652,27,,,0,27,,14647,27,,,0,27,,14620,27,,,0,67,,14626,27,,,0,34,,14641,27,,,0,72,,14653,27,,,0,27,,14645,27,,,0,74,,14640,27,,,0,24,,14622,27,,,0,64,,14642,27,,,0,26,,14638,22,,,0,67,,14639,27,,,0,23,,14632,27,,,0,90,,14634,27,,,0,23,,14648,22,,,0,90,,14637,22,,,0
5000,'603637be-3b89-4de4-a225-ae420419f9d6',1002,,14667,27,,,0,35,,14659,27,,,0,75,,14666,27,,,0,35,,14661,27,,,0,75,,14657,27,,,0,35,,14673,27,,,0,75,,14662,27,,,0,75,,14664,27,,,0,35,,14670,27,,,0,75,,14656,27,,,0,35,,14665,27,,,0,75,,14672,27,,,0,75,,14669,27,,,0,35,,14668,22,,,0,70,,14658,20,,,0,5,,14663,20,,,0
5000,'7c54d383-1c64-4a24-b06c-a04764f3562f',641,,14696,27,,,0,64,,14707,27,,,0,26,,14709,27,,,0,26,,14706,27,,,0,66,,14692,27,,,0,26,,14687,27,,,0,66,,14695,27,,,0,26,,14685,27,,,0,66,,14680,20,,,0,26,,14704,27,,,0,68,,14699,27,,,0,46,,14683,27,,,0,73,,14686,27,,,0,85,,14703,27,,,0,34,,14694,27,,,0,68,,14679,27,,,0,25,,14689,27,,,0,69,,14690,27,,,0,27,,14674,27,,,0,27,,14688,27,,,0,67,,14682,27,,,0,34,,14677,27,,,0,72,,14684,27,,,0,27,,14681,27,,,0,74,,14675,27,,,0,24,,14676,27,,,0,64,,14698,27,,,0,26,,14693,22,,,0,67,,14708,27,,,0,23,,14702,27,,,0,90,,14700,27,,,0,23,,14705,22,,,0,90,,14697,22,,,0
5000,'8406d080-6e75-4486-a00b-1c9c8d02b55f',641,,14745,27,,,0,64,,14743,27,,,0,26,,14731,27,,,0,26,,14730,27,,,0,66,,14713,27,,,0,26,,14725,27,,,0,66,,14733,27,,,0,26,,14737,27,,,0,66,,14738,20,,,0,26,,14727,27,,,0,68,,14729,27,,,0,46,,14722,27,,,0,73,,14719,27,,,0,85,,14728,27,,,0,34,,14732,27,,,0,68,,14720,27,,,0,25,,14714,27,,,0,69,,14736,27,,,0,27,,14744,27,,,0,27,,14712,27,,,0,67,,14726,27,,,0,34,,14723,27,,,0,72,,14721,27,,,0,27,,14718,27,,,0,74,,14724,27,,,0,24,,14710,27,,,0,64,,14715,27,,,0,26,,14716,22,,,0,67,,14740,27,,,0,23,,14741,27,,,0,90,,14734,27,,,0,23,,14717,22,,,0,90,,14735,22,,,0
5000,'d66d6429-e89f-4376-937c-b6bd14f92a3b',641,,14757,27,,,0,64,,14773,27,,,0,26,,14753,27,,,0,26,,14751,27,,,0,66,,14777,27,,,0,26,,14766,27,,,0,66,,14774,27,,,0,26,,14748,27,,,0,66,,14779,20,,,0,26,,14755,27,,,0,68,,14749,27,,,0,46,,14764,27,,,0,73,,14760,27,,,0,85,,14762,27,,,0,34,,14752,27,,,0,68,,14776,27,,,0,25,,14769,27,,,0,69,,14763,27,,,0,27,,14750,27,,,0,27,,14771,27,,,0,67,,14754,27,,,0,34,,14758,27,,,0,72,,14761,27,,,0,27,,14772,27,,,0,74,,14756,27,,,0,24,,14778,27,,,0,64,,14770,27,,,0,26,,14775,22,,,0,67,,14780,27,,,0,23,,14746,27,,,0,90,,14781,27,,,0,23,,14765,22,,,0,90,,14759,22,,,0
5000,'d696856f-d252-4a8b-bd9f-2960bd70f042',707,,14787,27,,,0,35,,14784,27,,,0,75,,14803,27,,,0,35,,14783,27,,,0,75,,14802,27,,,0,75,,14786,27,,,0,35,,14796,27,,,0,75,,14792,27,,,0,35,,14799,27,,,0,77,,14807,27,,,0,80,,14790,27,,,0,37,,14793,27,,,0,80,,14801,27,,,0,37,,14782,27,,,0,80,,14797,27,,,0,77,,14794,27,,,0,40,,14809,27,,,0,77,,14791,27,,,0,78,,14789,27,,,0,37,,14800,27,,,0,75,,14788,27,,,0,35,,14806,27,,,0,75,,14804,27,,,0,75,,14808,22,,,0,35,,14795,22,,,0
6100,'3cbacc5c-479f-4e46-92a9-193ce5972e98',536,,15974,26,,,0,75,,15963,26,,,0,35,,15978,26,,,0,56,,15983,26,,,0,20,,15989,26,,,0,20,,15986,26,,,0,60,,15988,26,,,0,20,,15957,26,,,0,20,,15959,26,,,0,60,,15984,26,,,0,20,,15966,26,,,0,80,,15981,26,,,0,40,,15956,26,,,0,80,,15954,26,,,0,80,,15982,26,,,0,40,,15993,26,,,0,60,,15955,26,,,0,25,,15990,26,,,0,20,,15962,26,,,0,60,,15979,26,,,0,20,,15973,26,,,0,25,,15987,26,,,0,60,,15972,26,,,0,25,,15971,26,,,0,20,,15980,26,,,0,65,,15964,26,,,0,20,,15969,26,,,0,65,,15977,26,,,0,20,,15994,26,,,0,25,,15953,26,,,0,60,,15985,26,,,0,20,,15975,26,,,0,20,,15976,26,,,0,60,,15961,26,,,0,20,,15965,26,,,0,15,,15970,26,,,0,75,,15967,26,,,0,36,,15991,26,,,0,74,,15968,26,,,0,75,,15992,26,,,0,35,,15960,26,,,0,74,,15958,26,,,0
6100,'5d8e1f33-b15a-4d6c-bc08-744b1977a096',536,,16031,26,,,0,75,,16022,26,,,0,35,,15998,26,,,0,56,,16005,26,,,0,20,,16018,26,,,0,20,,15999,26,,,0,60,,16028,26,,,0,20,,16036,26,,,0,20,,16020,26,,,0,60,,16016,26,,,0,20,,16002,26,,,0,80,,16007,26,,,0,40,,16012,26,,,0,80,,16024,26,,,0,80,,16006,26,,,0,40,,16025,26,,,0,60,,16033,26,,,0,25,,15997,26,,,0,20,,16017,26,,,0,60,,16027,26,,,0,20,,16015,26,,,0,25,,16000,26,,,0,60,,16030,26,,,0,25,,16001,26,,,0,20,,16014,26,,,0,65,,16035,26,,,0,20,,16003,26,,,0,65,,16011,26,,,0,20,,15995,26,,,0,25,,16009,26,,,0,60,,16032,26,,,0,20,,16034,26,,,0,20,,16004,26,,,0,60,,16023,26,,,0,20,,16021,26,,,0,15,,16010,26,,,0,75,,16013,26,,,0,36,,16008,26,,,0,74,,16029,26,,,0,75,,15996,26,,,0,35,,16026,26,,,0,74,,16019,26,,,0
6100,'603637be-3b89-4de4-a225-ae420419f9d6',931,,16045,26,,,0,81,,16042,26,,,0,40,,16048,26,,,0,80,,16038,26,,,0,80,,16047,26,,,0,40,,16037,26,,,0,80,,16046,26,,,0,80,,16043,26,,,0,40,,16039,26,,,0,80,,16041,26,,,0,80,,16040,26,,,0,40,,16049,26,,,0,80,,16044,24,,,0
6100,'7c54d383-1c64-4a24-b06c-a04764f3562f',536,,16077,26,,,0,75,,16072,26,,,0,35,,16078,26,,,0,56,,16071,26,,,0,20,,16064,26,,,0,20,,16059,26,,,0,60,,16061,26,,,0,20,,16069,26,,,0,20,,16068,26,,,0,60,,16057,26,,,0,20,,16052,26,,,0,80,,16089,26,,,0,40,,16084,26,,,0,80,,16086,26,,,0,80,,16087,26,,,0,40,,16053,26,,,0,60,,16050,26,,,0,25,,16079,26,,,0,20,,16074,26,,,0,60,,16075,26,,,0,20,,16063,26,,,0,25,,16091,26,,,0,60,,16054,26,,,0,25,,16066,26,,,0,20,,16085,26,,,0,65,,16058,26,,,0,20,,16051,26,,,0,65,,16076,26,,,0,20,,16062,26,,,0,25,,16083,26,,,0,60,,16081,26,,,0,20,,16060,26,,,0,20,,16067,26,,,0,60,,16088,26,,,0,20,,16056,26,,,0,15,,16080,26,,,0,75,,16070,26,,,0,36,,16090,26,,,0,74,,16055,26,,,0,75,,16065,26,,,0,35,,16073,26,,,0,74,,16082,26,,,0
6100,'8406d080-6e75-4486-a00b-1c9c8d02b55f',536,,16121,26,,,0,75,,16103,26,,,0,35,,16116,26,,,0,56,,16118,26,,,0,20,,16107,26,,,0,20,,16111,26,,,0,60,,16128,26,,,0,20,,16098,26,,,0,20,,16117,26,,,0,60,,16092,26,,,0,20,,16120,26,,,0,80,,16097,26,,,0,40,,16122,26,,,0,80,,16095,26,,,0,80,,16106,26,,,0,40,,16132,26,,,0,60,,16127,26,,,0,25,,16119,26,,,0,20,,16130,26,,,0,60,,16129,26,,,0,20,,16096,26,,,0,25,,16093,26,,,0,60,,16126,26,,,0,25,,16131,26,,,0,20,,16125,26,,,0,65,,16094,26,,,0,20,,16124,26,,,0,65,,16100,26,,,0,20,,16102,26,,,0,25,,16115,26,,,0,60,,16114,26,,,0,20,,16108,26,,,0,20,,16133,26,,,0,60,,16123,26,,,0,20,,16112,26,,,0,15,,16110,26,,,0,75,,16099,26,,,0,36,,16104,26,,,0,74,,16105,26,,,0,75,,16113,26,,,0,35,,16101,26,,,0,74,,16109,26,,,0
6100,'d66d6429-e89f-4376-937c-b6bd14f92a3b',536,,16139,26,,,0,75,,16152,26,,,0,35,,16140,26,,,0,56,,16167,26,,,0,20,,16141,26,,,0,20,,16135,26,,,0,60,,16137,26,,,0,20,,16144,26,,,0,20,,16136,26,,,0,60,,16164,26,,,0,20,,16145,26,,,0,80,,16157,26,,,0,40,,16151,26,,,0,80,,16170,26,,,0,80,,16155,26,,,0,40,,16147,26,,,0,60,,16159,26,,,0,25,,16142,26,,,0,20,,16146,26,,,0,60,,16156,26,,,0,20,,16143,26,,,0,25,,16163,26,,,0,60,,16153,26,,,0,25,,16168,26,,,0,20,,16165,26,,,0,65,,16169,26,,,0,20,,16161,26,,,0,65,,16172,26,,,0,20,,16160,26,,,0,25,,16166,26,,,0,60,,16148,26,,,0,20,,16173,26,,,0,20,,16162,26,,,0,60,,16134,26,,,0,20,,16149,26,,,0,15,,16171,26,,,0,75,,16175,26,,,0,36,,16174,26,,,0,74,,16138,26,,,0,75,,16158,26,,,0,35,,16154,26,,,0,74,,16150,26,,,0
6100,'d696856f-d252-4a8b-bd9f-2960bd70f042',612,,16182,26,,,0,90,,16180,26,,,0,40,,16189,26,,,0,80,,16198,26,,,0,80,,16193,26,,,0,40,,16177,26,,,0,80,,16179,26,,,0,80,,16196,26,,,0,45,,16183,26,,,0,85,,16181,26,,,0,85,,16176,26,,,0,85,,16187,26,,,0,45,,16192,26,,,0,85,,16199,26,,,0,85,,16194,26,,,0,85,,16190,26,,,0,45,,16197,26,,,0,85,,16178,26,,,0,75,,16191,26,,,0,35,,16195,26,,,0,75,,16185,26,,,0,35,,16184,26,,,0,75,,16186,26,,,0,75,,16188,24,,,0
