8100,'294e58fc-bc13-4a33-bb1d-a337996c2e9c',2215,,13624,203,,,0
8100,'8ab1f009-ab59-4a8c-9771-20e344a37dba',643,,13634,64,,,0,72,,13634,241,,,0,28,,13625,64,,,0,72,,13625,241,,,0,28,,13631,64,,,0,72,,13631,241,,,0,128,,13632,64,,,0,72,,13632,241,,,0,28,,13633,64,,,0,72,,13633,241,,,0,28,,13626,64,,,0,72,,13626,241,,,0,128,,13627,64,,,0,72,,13627,241,,,0,28,,13638,64,,,0,72,,13638,241,,,0,28,,13630,64,,,0,72,,13630,241,,,0,28,,13629,64,,,0,72,,13629,241,,,0,28,,13635,64,,,0,72,,13635,241,,,0,28,,13637,64,,,0,72,,13637,241,,,0,28,,13628,64,,,0,72,,13628,241,,,0,100,,13636,203,,,0
8100,'8e972226-8e68-4b6a-9fd3-2e7f449277f5',2215,,13639,203,,,0
8100,'9493548d-afad-4b26-be65-c3aa23941f37',2215,,13640,203,,,0
8100,'9577949b-c1b9-4893-a4cc-d601db41a1fc',2215,,13641,203,,,0
8100,'991a1488-6339-4798-a1ff-4cc199131854',2215,,13642,203,,,0
8100,'bec99aa0-a127-4e27-ae17-e4c7db42f9ba',1043,,13643,64,,,0,72,,13643,241,,,0,28,,13644,64,,,0,72,,13644,241,,,0,128,,13648,64,,,0,72,,13648,241,,,0,28,,13647,64,,,0,72,,13647,241,,,0,28,,13646,64,,,0,72,,13646,241,,,0,28,,13649,64,,,0,72,,13649,241,,,0,28,,13645,63,,,0,67,,13645,221,,,0
8200,'8ab1f009-ab59-4a8c-9771-20e344a37dba',943,,13650,71,,,0,72,,13650,303,,,0,328,,13651,71,,,0,72,,13651,303,,,0
8200,'bec99aa0-a127-4e27-ae17-e4c7db42f9ba',1243,,13652,71,,,0,72,,13652,303,,,0
8500,'294e58fc-bc13-4a33-bb1d-a337996c2e9c',708,,13662,149,4,,0,100,,13653,256,4,,0,100,,13666,0,,,0,100,,13654,0,,,0,100,,13655,0,,,0,100,,13655,256,4,,0,100,,13657,256,4,,0,100,,13659,256,4,,0,100,,13661,0,,,0,100,,13664,0,,,0,100,,13664,256,4,,0,100,,13663,256,4,,0,100,,13656,0,,,0,100,,13656,256,4,,0,100,,13665,0,,,0,100,,13665,256,4,,0
8500,'8e972226-8e68-4b6a-9fd3-2e7f449277f5',708,,13681,149,4,,0,100,,13675,256,4,,0,100,,13683,0,,,0,100,,13683,256,4,,0,100,,13670,0,,,0,100,,13670,256,4,,0,100,,13679,0,,,0,100,,13679,256,4,,0,100,,13677,256,4,,0,100,,13669,256,4,,0,100,,13684,0,,,0,100,,13684,256,4,,0,100,,13676,0,,,0,100,,13682,0,,,0,100,,13682,256,4,,0,100,,13678,256,4,,0
8500,'9493548d-afad-4b26-be65-c3aa23941f37',708,,13697,149,4,,0,100,,13688,0,,,0,100,,13695,0,,,0,100,,13695,256,4,,0,100,,13689,0,,,0,100,,13694,0,,,0,100,,13694,256,4,,0,100,,13693,0,,,0,100,,13693,256,4,,0,100,,13700,0,,,0,100,,13685,0,,,0,100,,13685,256,4,,0,100,,13696,256,4,,0,100,,13687,0,,,0,100,,13687,256,4,,0,100,,13698,256,4,,0
8500,'9577949b-c1b9-4893-a4cc-d601db41a1fc',708,,13714,149,4,,0,100,,13715,0,,,0,100,,13709,0,,,0,100,,13709,256,4,,0,100,,13712,0,,,0,100,,13713,0,,,0,100,,13716,0,,,0,100,,13716,256,4,,0,100,,13706,0,,,0,100,,13704,0,,,0,100,,13704,256,4,,0,100,,13710,0,,,0,100,,13707,0,,,0,100,,13707,256,4,,0,100,,13708,0,,,0,100,,13708,256,4,,0
8500,'991a1488-6339-4798-a1ff-4cc199131854',708,,13731,149,4,,0,100,,13717,0,,,0,100,,13722,0,,,0,100,,13722,256,4,,0,100,,13728,0,,,0,100,,13728,256,4,,0,100,,13724,0,,,0,100,,13726,0,,,0,100,,13726,256,4,,0,100,,13720,0,,,0,100,,13732,0,,,0,100,,13732,256,4,,0,100,,13719,0,,,0,100,,13719,256,4,,0,100,,13721,256,4,,0,100,,13729,256,4,,0
8600,'294e58fc-bc13-4a33-bb1d-a337996c2e9c',557,,13757,54,,,0,75,,13754,54,,,0,75,,13739,54,,,0,35,,13742,54,,,0,80,,13748,54,,,0,80,,13751,54,,,0,40,,13755,54,,,0,75,,13745,54,,,0,35,,13749,54,,,0,75,,13744,54,,,0,75,,13741,54,,,0,35,,13750,54,,,0,75,,13746,54,,,0,35,,13752,54,,,0,75,,13735,54,,,0,35,,13740,54,,,0,75,,13734,54,,,0,75,,13733,54,,,0,35,,13756,54,,,0,80,,13736,54,,,0,80,,13737,54,,,0,40,,13758,54,,,0,75,,13738,54,,,0,35,,13747,54,,,0,75,,13743,54,,,0,75,,13753,54,,,0
8600,'8e972226-8e68-4b6a-9fd3-2e7f449277f5',557,,13779,54,,,0,75,,13783,54,,,0,75,,13773,54,,,0,35,,13767,54,,,0,80,,13762,54,,,0,80,,13782,54,,,0,40,,13774,54,,,0,75,,13764,54,,,0,35,,13778,54,,,0,75,,13775,54,,,0,75,,13771,54,,,0,35,,13776,54,,,0,75,,13772,54,,,0,35,,13768,54,,,0,75,,13761,54,,,0,35,,13763,54,,,0,75,,13781,54,,,0,75,,13760,54,,,0,35,,13766,54,,,0,80,,13777,54,,,0,80,,13784,54,,,0,40,,13769,54,,,0,75,,13759,54,,,0,35,,13770,54,,,0,75,,13780,54,,,0,75,,13765,54,,,0
8600,'9493548d-afad-4b26-be65-c3aa23941f37',557,,13804,54,,,0,75,,13801,54,,,0,75,,13798,54,,,0,35,,13799,54,,,0,80,,13800,54,,,0,80,,13789,54,,,0,40,,13790,54,,,0,75,,13797,54,,,0,35,,13792,54,,,0,75,,13795,54,,,0,75,,13786,54,,,0,35,,13785,54,,,0,75,,13794,54,,,0,35,,13802,54,,,0,75,,13805,54,,,0,35,,13793,54,,,0,75,,13788,54,,,0,75,,13803,54,,,0,35,,13806,54,,,0,80,,13791,54,,,0,80,,13808,54,,,0,40,,13807,54,,,0,75,,13796,54,,,0,35,,13809,54,,,0,75,,13810,54,,,0,75,,13787,54,,,0
8600,'9577949b-c1b9-4893-a4cc-d601db41a1fc',557,,13827,54,,,0,75,,13830,54,,,0,75,,13819,54,,,0,35,,13822,54,,,0,80,,13825,54,,,0,80,,13820,54,,,0,40,,13818,54,,,0,75,,13829,54,,,0,35,,13828,54,,,0,75,,13821,54,,,0,75,,13815,54,,,0,35,,13826,54,,,0,75,,13816,54,,,0,35,,13834,54,,,0,75,,13817,54,,,0,35,,13835,54,,,0,75,,13832,54,,,0,75,,13824,54,,,0,35,,13812,54,,,0,80,,13833,54,,,0,80,,13823,54,,,0,40,,13814,54,,,0,75,,13813,54,,,0,35,,13836,54,,,0,75,,13811,54,,,0,75,,13831,54,,,0
8600,'991a1488-6339-4798-a1ff-4cc199131854',557,,13862,54,,,0,75,,13854,54,,,0,75,,13846,54,,,0,35,,13845,54,,,0,80,,13861,54,,,0,80,,13855,54,,,0,40,,13848,54,,,0,75,,13860,54,,,0,35,,13856,54,,,0,75,,13843,54,,,0,75,,13840,54,,,0,35,,13852,54,,,0,75,,13850,54,,,0,35,,13841,54,,,0,75,,13859,54,,,0,35,,13838,54,,,0,75,,13847,54,,,0,75,,13844,54,,,0,35,,13849,54,,,0,80,,13837,54,,,0,80,,13857,54,,,0,40,,13851,54,,,0,75,,13839,54,,,0,35,,13853,54,,,0,75,,13842,54,,,0,75,,13858,54,,,0
