8100,'294e58fc-bc13-4a33-bb1d-a337996c2e9c',2149,,13624,148,,,0
8100,'8ab1f009-ab59-4a8c-9771-20e344a37dba',656,,13634,171,,,0,100,,13625,171,,,0,100,,13631,171,,,0,200,,13632,171,,,0,100,,13633,171,,,0,100,,13626,171,,,0,200,,13627,171,,,0,100,,13638,171,,,0,100,,13630,171,,,0,100,,13629,171,,,0,100,,13635,171,,,0,100,,13637,171,,,0,100,,13628,171,,,0,93,,13636,148,,,0
8100,'8e972226-8e68-4b6a-9fd3-2e7f449277f5',2149,,13639,148,,,0
8100,'9493548d-afad-4b26-be65-c3aa23941f37',2149,,13640,148,,,0
8100,'9577949b-c1b9-4893-a4cc-d601db41a1fc',2149,,13641,148,,,0
8100,'991a1488-6339-4798-a1ff-4cc199131854',2149,,13642,148,,,0
8100,'bec99aa0-a127-4e27-ae17-e4c7db42f9ba',1056,,13643,171,,,0,100,,13644,171,,,0,200,,13648,171,,,0,100,,13647,171,,,0,100,,13646,171,,,0,100,,13649,171,,,0,100,,13645,163,,,0
8500,'294e58fc-bc13-4a33-bb1d-a337996c2e9c',652,,13662,92,,,0,100,,13653,199,,,0,100,,13668,199,,,0,100,,13666,199,,,0,100,,13654,199,,,0,100,,13655,199,,,0,100,,13657,199,,,0,100,,13659,199,,,0,100,,13667,199,,,0,100,,13661,199,,,0,100,,13664,199,,,0,100,,13663,199,,,0,100,,13658,199,,,0,100,,13656,199,,,0,100,,13660,199,,,0,100,,13665,199,,,0
8500,'8e972226-8e68-4b6a-9fd3-2e7f449277f5',652,,13681,92,,,0,100,,13675,199,,,0,100,,13680,199,,,0,100,,13683,199,,,0,100,,13671,199,,,0,100,,13670,199,,,0,100,,13673,199,,,0,100,,13679,199,,,0,100,,13677,199,,,0,100,,13669,199,,,0,100,,13672,199,,,0,100,,13684,199,,,0,100,,13674,199,,,0,100,,13676,199,,,0,100,,13682,199,,,0,100,,13678,199,,,0
8500,'9493548d-afad-4b26-be65-c3aa23941f37',652,,13697,92,,,0,100,,13691,199,,,0,100,,13688,199,,,0,100,,13695,199,,,0,100,,13686,199,,,0,100,,13689,199,,,0,100,,13694,199,,,0,100,,13690,199,,,0,100,,13693,199,,,0,100,,13692,199,,,0,100,,13700,199,,,0,100,,13685,199,,,0,100,,13696,199,,,0,100,,13699,199,,,0,100,,13687,199,,,0,100,,13698,199,,,0
8500,'9577949b-c1b9-4893-a4cc-d601db41a1fc',652,,13714,92,,,0,100,,13705,199,,,0,100,,13715,199,,,0,100,,13709,199,,,0,100,,13711,199,,,0,100,,13712,199,,,0,100,,13713,199,,,0,100,,13716,199,,,0,100,,13703,199,,,0,100,,13706,199,,,0,100,,13704,199,,,0,100,,13702,199,,,0,100,,13710,199,,,0,100,,13707,199,,,0,100,,13701,199,,,0,100,,13708,199,,,0
8500,'991a1488-6339-4798-a1ff-4cc199131854',652,,13731,92,,,0,100,,13718,199,,,0,100,,13717,199,,,0,100,,13722,199,,,0,100,,13723,199,,,0,100,,13728,199,,,0,100,,13725,199,,,0,100,,13724,199,,,0,100,,13726,199,,,0,100,,13727,199,,,0,100,,13720,199,,,0,100,,13732,199,,,0,100,,13730,199,,,0,100,,13719,199,,,0,100,,13721,199,,,0,100,,13729,199,,,0
