5000,'0d5c96b9-c5c7-4e47-bc8d-f774254a7580',631,,180,,,0,24,,191,,,0,64,,170,,,0,26,,168,,,0,66,,167,,,0,26,,171,,,0,66,,186,,,0,26,,185,,,0,26,,181,,,0,66,,165,,,0,26,,184,,,0,68,,190,,,0,85,,175,,,0,34,,187,,,0,85,,163,,,0,34,,169,,,0,68,,174,,,0,25,,192,,,0,69,,189,,,0,28,,179,,,0,68,,161,,,0,26,,173,,,0,74,,188,,,0,33,,172,,,0,67,,183,,,0,32,,177,,,0,64,,166,,,0,24,,176,,,0,26,,178,,,0,67,,159,,,0,23,,182,,,0,90,,160,,,0,63,,158,,,0,50,,157,,,0
5000,'254bf088-27c5-409f-95e0-aded341d1ed8',1013,,193,,,0,35,,210,,,0,75,,204,,,0,35,,199,,,0,75,,200,,,0,75,,194,,,0,35,,198,,,0,75,,205,,,0,35,,202,,,0,75,,203,,,0,75,,207,,,0,35,,195,,,0,75,,196,,,0,35,,197,,,0,75,,208,,,0,35,,209,,,0
5000,'48a5c06b-7eda-467f-bced-b2025728d81d',718,,213,,,0,35,,220,,,0,75,,217,,,0,75,,215,,,0,35,,222,,,0,75,,236,,,0,35,,224,,,0,75,,211,,,0,35,,223,,,0,75,,218,,,0,75,,226,,,0,35,,212,,,0,75,,230,,,0,35,,234,,,0,75,,221,,,0,75,,232,,,0,35,,229,,,0,75,,237,,,0,35,,235,,,0,75,,240,,,0,35,,233,,,0,75,,228,,,0,75,,216,,,0,35,,239,,,0,75,,219,,,0,35,,214,,,0
5000,'5ea3716a-5a4b-434c-a8f4-f427803388f2',631,,241,,,0,24,,256,,,0,64,,266,,,0,26,,251,,,0,66,,255,,,0,26,,254,,,0,66,,263,,,0,26,,245,,,0,26,,265,,,0,66,,261,,,0,26,,259,,,0,68,,247,,,0,85,,246,,,0,34,,273,,,0,85,,249,,,0,34,,244,,,0,68,,248,,,0,25,,269,,,0,69,,274,,,0,28,,242,,,0,68,,258,,,0,26,,264,,,0,74,,272,,,0,33,,268,,,0,67,,267,,,0,32,,252,,,0,64,,262,,,0,24,,275,,,0,26,,250,,,0,67,,257,,,0,23,,276,,,0,90,,270,,,0,63,,271,,,0,50,,253,,,0
5000,'868bc121-fb0c-4383-9699-388451a790cf',631,,307,,,0,24,,295,,,0,64,,286,,,0,26,,293,,,0,66,,298,,,0,26,,309,,,0,66,,300,,,0,26,,281,,,0,26,,291,,,0,66,,280,,,0,26,,283,,,0,68,,301,,,0,85,,287,,,0,34,,304,,,0,85,,310,,,0,34,,284,,,0,68,,312,,,0,25,,303,,,0,69,,311,,,0,28,,282,,,0,68,,289,,,0,26,,299,,,0,74,,277,,,0,33,,279,,,0,67,,306,,,0,32,,288,,,0,64,,292,,,0,24,,305,,,0,26,,278,,,0,67,,308,,,0,23,,296,,,0,90,,290,,,0,63,,297,,,0,50,,302,,,0
5000,'9289a134-101b-4987-b6e8-c4ce4a2015fb',631,,320,,,0,24,,336,,,0,64,,330,,,0,26,,316,,,0,66,,319,,,0,26,,323,,,0,66,,334,,,0,26,,322,,,0,26,,325,,,0,66,,331,,,0,26,,344,,,0,68,,314,,,0,85,,338,,,0,34,,318,,,0,85,,348,,,0,34,,329,,,0,68,,333,,,0,25,,332,,,0,69,,326,,,0,28,,346,,,0,68,,347,,,0,26,,327,,,0,74,,345,,,0,33,,343,,,0,67,,340,,,0,32,,339,,,0,64,,315,,,0,24,,324,,,0,26,,337,,,0,67,,342,,,0,23,,328,,,0,90,,321,,,0,63,,313,,,0,50,,341,,,0
5000,'ba06086d-4548-42cd-b016-2de359d3cea0',631,,357,,,0,24,,371,,,0,64,,365,,,0,26,,367,,,0,66,,368,,,0,26,,380,,,0,66,,379,,,0,26,,352,,,0,26,,349,,,0,66,,382,,,0,26,,358,,,0,68,,350,,,0,85,,383,,,0,34,,372,,,0,85,,361,,,0,34,,363,,,0,68,,374,,,0,25,,351,,,0,69,,362,,,0,28,,364,,,0,68,,369,,,0,26,,384,,,0,74,,355,,,0,33,,378,,,0,67,,375,,,0,32,,359,,,0,64,,360,,,0,24,,373,,,0,26,,354,,,0,67,,356,,,0,23,,370,,,0,90,,376,,,0,63,,366,,,0,50,,377,,,0
5000,'be8bf329-48c0-4387-bcac-4bc2f3c23bb8',828,,395,,,0,75,,385,,,0,35,,392,,,0,75,,396,,,0,35,,397,,,0,75,,393,,,0,35,,394,,,0,75,,400,,,0,75,,390,,,0,35,,388,,,0,75,,387,,,0,35,,389,,,0,75,,398,,,0,75,,399,,,0,35,,386,,,0
5000,'caf85986-9e94-44c6-8066-5897e84e46de',937,,404,,,0,76,,417,,,0,35,,409,,,0,75,,405,,,0,35,,411,,,0,75,,408,,,0,75,,416,,,0,35,,407,,,0,75,,418,,,0,35,,413,,,0,75,,403,,,0,75,,415,,,0,35,,410,,,0,75,,412,,,0,35,,414,,,0
5104,'0d5c96b9-c5c7-4e47-bc8d-f774254a7580',611,,934,0,9 1 10,0,13,,946,0,9 1 10,0,13,,933,0,9 1 10,0,15,,897,0,9 1 10,0,54,,957,0,9 1 10,0,22,,966,0,9 1 10,0,12,,942,0,9 1 10,0,17,,931,0,9 1 10,0,57,,962,0,9 1 10,0,15,,956,0,9 1 10,0,18,,916,0,9 1 10,0,55,,895,0,9 1 10,0,13,,948,0,9 1 10,0,14,,941,0,9 1 10,0,19,,924,0,9 1 10,0,57,,959,0,9 1 10,0,15,,903,0,9 1 10,0,18,,939,0,9 1 10,0,15,,945,0,9 1 10,0,55,,908,0,9 1 10,0,15,,902,0,9 1 10,0,15,,906,0,9 1 10,0,18,,937,0,9 1 10,0,55,,904,0,9 1 10,0,15,,963,0,9 1 10,0,15,,950,0,9 1 10,0,60,,927,0,9 1 10,0,20,,955,0,9 1 10,0,15,,949,0,9 1 10,0,18,,896,0,9 1 10,0,61,,929,0,9 1 10,0,15,,940,0,9 1 10,0,15,,899,0,9 1 10,0,60,,964,0,9 1 10,0,19,,960,0,9 1 10,0,17,,938,0,9 1 10,0,17,,947,0,9 1 10,0,61,,920,0,9 1 10,0,15,,907,0,9 1 10,0,15,,901,0,9 1 10,0,58,,936,0,9 1 10,0,18,,900,0,9 1 10,0,18,,913,0,9 1 10,0,58,,952,0,9 1 10,0,20,,911,0,9 1 10,0,17,,926,0,9 1 10,0,15,,932,0,9 1 10,0,50,,910,0,9 1 10,0,18,,930,0,9 1 10,0,18,,915,0,9 1 10,0,18,,968,0,9 1 10,0,58,,958,0,9 1 10,0,18,,918,0,9 1 10,0,18,,912,0,9 1 10,0,50,,922,0,9 1 10,0,15,,967,0,9 1 10,0,15,,953,0,9 1 10,0,15,,954,0,9 1 10,0,12,,909,0,9 1 10,0,57,,905,0,9 1 10,0,18,,914,0,9 1 10,0,13,,921,0,9 1 10,0,12,,919,0,9 1 10,0,55,,925,0,9 1 10,0,15,,965,0,9 1 10,0,4,,943,0,9 1 10,0,16,,917,0,9 1 10,0
5104,'254bf088-27c5-409f-95e0-aded341d1ed8',1042,,980,0,9 1 10,0,75,,984,0,9 1 10,0,35,,977,0,9 1 10,0,75,,973,0,9 1 10,0,75,,978,0,9 1 10,0,35,,975,0,9 1 10,0,75,,974,0,9 1 10,0,35,,981,0,9 1 10,0,75,,983,0,9 1 10,0,35,,972,0,9 1 10,0,75,,976,0,9 1 10,0,75,,970,0,9 1 10,0,35,,979,0,9 1 10,0,75,,971,0,9 1 10,0,35,,969,0,9 1 10,0
5104,'48a5c06b-7eda-467f-bced-b2025728d81d',613,,1052,0,9 1 10,0,15,,990,0,9 1 10,0,15,,1012,0,9 1 10,0,15,,992,0,9 1 10,0,54,,988,0,9 1 10,0,14,,1049,0,9 1 10,0,19,,1030,0,9 1 10,0,55,,1047,0,9 1 10,0,15,,1001,0,9 1 10,0,15,,1016,0,9 1 10,0,15,,1014,0,9 1 10,0,57,,1024,0,9 1 10,0,18,,987,0,9 1 10,0,18,,1011,0,9 1 10,0,16,,994,0,9 1 10,0,55,,1020,0,9 1 10,0,15,,1025,0,9 1 10,0,23,,1009,0,9 1 10,0,58,,1045,0,9 1 10,0,19,,1033,0,9 1 10,0,16,,1013,0,9 1 10,0,16,,1019,0,9 1 10,0,52,,1000,0,9 1 10,0,12,,1003,0,9 1 10,0,12,,1006,0,9 1 10,0,23,,1036,0,9 1 10,0,59,,1039,0,9 1 10,0,19,,1034,0,9 1 10,0,16,,1007,0,9 1 10,0,56,,993,0,9 1 10,0,16,,1038,0,9 1 10,0,18,,1004,0,9 1 10,0,16,,991,0,9 1 10,0,56,,1031,0,9 1 10,0,18,,1037,0,9 1 10,0,16,,1035,0,9 1 10,0,57,,1050,0,9 1 10,0,16,,995,0,9 1 10,0,19,,1028,0,9 1 10,0,16,,1015,0,9 1 10,0,56,,1043,0,9 1 10,0,20,,999,0,9 1 10,0,15,,1040,0,9 1 10,0,56,,1041,0,9 1 10,0,16,,1002,0,9 1 10,0,14,,989,0,9 1 10,0,17,,1023,0,9 1 10,0,57,,1051,0,9 1 10,0,18,,1042,0,9 1 10,0,18,,985,0,9 1 10,0,16,,998,0,9 1 10,0,53,,986,0,9 1 10,0,17,,1017,0,9 1 10,0,17,,1005,0,9 1 10,0,58,,1032,0,9 1 10,0,18,,1026,0,9 1 10,0,16,,1021,0,9 1 10,0,15,,996,0,9 1 10,0,56,,1044,0,9 1 10,0,17,,1048,0,9 1 10,0,17,,997,0,9 1 10,0,16,,1046,0,9 1 10,0,56,,1022,0,9 1 10,0,17,,1029,0,9 1 10,0,12,,1010,0,9 1 10,0
5104,'5ea3716a-5a4b-434c-a8f4-f427803388f2',611,,1086,0,9 1 10,0,13,,1119,0,9 1 10,0,13,,1071,0,9 1 10,0,15,,1107,0,9 1 10,0,54,,1101,0,9 1 10,0,22,,1102,0,9 1 10,0,12,,1118,0,9 1 10,0,17,,1083,0,9 1 10,0,57,,1120,0,9 1 10,0,15,,1113,0,9 1 10,0,18,,1057,0,9 1 10,0,55,,1105,0,9 1 10,0,13,,1058,0,9 1 10,0,14,,1103,0,9 1 10,0,19,,1094,0,9 1 10,0,57,,1117,0,9 1 10,0,15,,1055,0,9 1 10,0,18,,1066,0,9 1 10,0,15,,1098,0,9 1 10,0,55,,1074,0,9 1 10,0,15,,1060,0,9 1 10,0,15,,1067,0,9 1 10,0,18,,1077,0,9 1 10,0,55,,1069,0,9 1 10,0,15,,1092,0,9 1 10,0,15,,1090,0,9 1 10,0,60,,1109,0,9 1 10,0,20,,1095,0,9 1 10,0,15,,1099,0,9 1 10,0,18,,1076,0,9 1 10,0,61,,1068,0,9 1 10,0,15,,1089,0,9 1 10,0,15,,1111,0,9 1 10,0,60,,1088,0,9 1 10,0,19,,1108,0,9 1 10,0,17,,1100,0,9 1 10,0,17,,1063,0,9 1 10,0,61,,1085,0,9 1 10,0,15,,1093,0,9 1 10,0,15,,1075,0,9 1 10,0,58,,1062,0,9 1 10,0,18,,1087,0,9 1 10,0,18,,1078,0,9 1 10,0,58,,1065,0,9 1 10,0,20,,1115,0,9 1 10,0,17,,1096,0,9 1 10,0,15,,1091,0,9 1 10,0,50,,1106,0,9 1 10,0,18,,1104,0,9 1 10,0,18,,1126,0,9 1 10,0,18,,1125,0,9 1 10,0,58,,1079,0,9 1 10,0,18,,1110,0,9 1 10,0,18,,1080,0,9 1 10,0,50,,1124,0,9 1 10,0,15,,1070,0,9 1 10,0,15,,1082,0,9 1 10,0,15,,1061,0,9 1 10,0,12,,1072,0,9 1 10,0,57,,1073,0,9 1 10,0,18,,1081,0,9 1 10,0,13,,1122,0,9 1 10,0,12,,1123,0,9 1 10,0,55,,1121,0,9 1 10,0,15,,1097,0,9 1 10,0,4,,1059,0,9 1 10,0,16,,1112,0,9 1 10,0
5104,'868bc121-fb0c-4383-9699-388451a790cf',611,,1141,0,9 1 10,0,13,,1186,0,9 1 10,0,13,,1136,0,9 1 10,0,15,,1132,0,9 1 10,0,54,,1147,0,9 1 10,0,22,,1168,0,9 1 10,0,12,,1187,0,9 1 10,0,17,,1164,0,9 1 10,0,57,,1144,0,9 1 10,0,15,,1188,0,9 1 10,0,18,,1171,0,9 1 10,0,55,,1158,0,9 1 10,0,13,,1173,0,9 1 10,0,14,,1159,0,9 1 10,0,19,,1142,0,9 1 10,0,57,,1145,0,9 1 10,0,15,,1200,0,9 1 10,0,18,,1129,0,9 1 10,0,15,,1160,0,9 1 10,0,55,,1155,0,9 1 10,0,15,,1135,0,9 1 10,0,15,,1176,0,9 1 10,0,18,,1191,0,9 1 10,0,55,,1133,0,9 1 10,0,15,,1149,0,9 1 10,0,15,,1192,0,9 1 10,0,60,,1174,0,9 1 10,0,20,,1184,0,9 1 10,0,15,,1131,0,9 1 10,0,18,,1170,0,9 1 10,0,61,,1154,0,9 1 10,0,15,,1197,0,9 1 10,0,15,,1157,0,9 1 10,0,60,,1140,0,9 1 10,0,19,,1199,0,9 1 10,0,17,,1162,0,9 1 10,0,17,,1172,0,9 1 10,0,61,,1195,0,9 1 10,0,15,,1177,0,9 1 10,0,15,,1198,0,9 1 10,0,58,,1182,0,9 1 10,0,18,,1148,0,9 1 10,0,18,,1175,0,9 1 10,0,58,,1138,0,9 1 10,0,20,,1127,0,9 1 10,0,17,,1161,0,9 1 10,0,15,,1166,0,9 1 10,0,50,,1180,0,9 1 10,0,18,,1181,0,9 1 10,0,18,,1169,0,9 1 10,0,18,,1143,0,9 1 10,0,58,,1189,0,9 1 10,0,18,,1151,0,9 1 10,0,18,,1152,0,9 1 10,0,50,,1139,0,9 1 10,0,15,,1150,0,9 1 10,0,15,,1165,0,9 1 10,0,15,,1178,0,9 1 10,0,12,,1134,0,9 1 10,0,57,,1163,0,9 1 10,0,18,,1153,0,9 1 10,0,13,,1137,0,9 1 10,0,12,,1156,0,9 1 10,0,55,,1179,0,9 1 10,0,15,,1193,0,9 1 10,0,4,,1146,0,9 1 10,0,16,,1196,0,9 1 10,0
5104,'9289a134-101b-4987-b6e8-c4ce4a2015fb',611,,1256,0,9 1 10,0,13,,1234,0,9 1 10,0,13,,1262,0,9 1 10,0,15,,1213,0,9 1 10,0,54,,1222,0,9 1 10,0,22,,1265,0,9 1 10,0,12,,1203,0,9 1 10,0,17,,1240,0,9 1 10,0,57,,1267,0,9 1 10,0,15,,1211,0,9 1 10,0,18,,1229,0,9 1 10,0,55,,1204,0,9 1 10,0,13,,1225,0,9 1 10,0,14,,1212,0,9 1 10,0,19,,1202,0,9 1 10,0,57,,1261,0,9 1 10,0,15,,1237,0,9 1 10,0,18,,1266,0,9 1 10,0,15,,1205,0,9 1 10,0,55,,1270,0,9 1 10,0,15,,1274,0,9 1 10,0,15,,1248,0,9 1 10,0,18,,1207,0,9 1 10,0,55,,1217,0,9 1 10,0,15,,1247,0,9 1 10,0,15,,1208,0,9 1 10,0,60,,1271,0,9 1 10,0,20,,1227,0,9 1 10,0,15,,1259,0,9 1 10,0,18,,1250,0,9 1 10,0,61,,1233,0,9 1 10,0,15,,1255,0,9 1 10,0,15,,1223,0,9 1 10,0,60,,1235,0,9 1 10,0,19,,1215,0,9 1 10,0,17,,1228,0,9 1 10,0,17,,1218,0,9 1 10,0,61,,1226,0,9 1 10,0,15,,1224,0,9 1 10,0,15,,1232,0,9 1 10,0,58,,1251,0,9 1 10,0,18,,1220,0,9 1 10,0,18,,1209,0,9 1 10,0,58,,1273,0,9 1 10,0,20,,1201,0,9 1 10,0,17,,1231,0,9 1 10,0,15,,1238,0,9 1 10,0,50,,1258,0,9 1 10,0,18,,1236,0,9 1 10,0,18,,1241,0,9 1 10,0,18,,1264,0,9 1 10,0,58,,1257,0,9 1 10,0,18,,1210,0,9 1 10,0,18,,1242,0,9 1 10,0,50,,1214,0,9 1 10,0,15,,1216,0,9 1 10,0,15,,1243,0,9 1 10,0,15,,1239,0,9 1 10,0,12,,1263,0,9 1 10,0,57,,1219,0,9 1 10,0,18,,1269,0,9 1 10,0,13,,1254,0,9 1 10,0,12,,1206,0,9 1 10,0,55,,1246,0,9 1 10,0,15,,1253,0,9 1 10,0,4,,1260,0,9 1 10,0,16,,1230,0,9 1 10,0
5104,'ba06086d-4548-42cd-b016-2de359d3cea0',611,,1305,0,9 1 10,0,13,,1328,0,9 1 10,0,13,,1335,0,9 1 10,0,15,,1298,0,9 1 10,0,54,,1308,0,9 1 10,0,22,,1323,0,9 1 10,0,12,,1345,0,9 1 10,0,17,,1287,0,9 1 10,0,57,,1326,0,9 1 10,0,15,,1318,0,9 1 10,0,18,,1331,0,9 1 10,0,55,,1276,0,9 1 10,0,13,,1301,0,9 1 10,0,14,,1348,0,9 1 10,0,19,,1291,0,9 1 10,0,57,,1315,0,9 1 10,0,15,,1294,0,9 1 10,0,18,,1329,0,9 1 10,0,15,,1346,0,9 1 10,0,55,,1325,0,9 1 10,0,15,,1343,0,9 1 10,0,15,,1339,0,9 1 10,0,18,,1307,0,9 1 10,0,55,,1320,0,9 1 10,0,15,,1317,0,9 1 10,0,15,,1324,0,9 1 10,0,60,,1333,0,9 1 10,0,20,,1337,0,9 1 10,0,15,,1286,0,9 1 10,0,18,,1279,0,9 1 10,0,61,,1289,0,9 1 10,0,15,,1281,0,9 1 10,0,15,,1302,0,9 1 10,0,60,,1330,0,9 1 10,0,19,,1304,0,9 1 10,0,17,,1280,0,9 1 10,0,17,,1284,0,9 1 10,0,61,,1283,0,9 1 10,0,15,,1275,0,9 1 10,0,15,,1341,0,9 1 10,0,58,,1303,0,9 1 10,0,18,,1299,0,9 1 10,0,18,,1278,0,9 1 10,0,58,,1347,0,9 1 10,0,20,,1290,0,9 1 10,0,17,,1288,0,9 1 10,0,15,,1319,0,9 1 10,0,50,,1313,0,9 1 10,0,18,,1340,0,9 1 10,0,18,,1282,0,9 1 10,0,18,,1338,0,9 1 10,0,58,,1314,0,9 1 10,0,18,,1293,0,9 1 10,0,18,,1297,0,9 1 10,0,50,,1300,0,9 1 10,0,15,,1336,0,9 1 10,0,15,,1344,0,9 1 10,0,15,,1296,0,9 1 10,0,12,,1292,0,9 1 10,0,57,,1327,0,9 1 10,0,18,,1312,0,9 1 10,0,13,,1277,0,9 1 10,0,12,,1321,0,9 1 10,0,55,,1310,0,9 1 10,0,15,,1306,0,9 1 10,0,4,,1332,0,9 1 10,0,16,,1322,0,9 1 10,0
5104,'be8bf329-48c0-4387-bcac-4bc2f3c23bb8',822,,1364,0,9 1 10,0,35,,1359,0,9 1 10,0,75,,1349,0,9 1 10,0,75,,1358,0,9 1 10,0,35,,1362,0,9 1 10,0,75,,1350,0,9 1 10,0,35,,1353,0,9 1 10,0,75,,1351,0,9 1 10,0,75,,1354,0,9 1 10,0,35,,1360,0,9 1 10,0,75,,1355,0,9 1 10,0,35,,1352,0,9 1 10,0,75,,1365,0,9 1 10,0,35,,1363,0,9 1 10,0,75,,1361,0,9 1 10,0,75,,1367,0,9 1 10,0,35,,1356,0,9 1 10,0
5104,'caf85986-9e94-44c6-8066-5897e84e46de',924,,1382,0,9 1 10,0,18,,1394,0,9 1 10,0,60,,1368,0,9 1 10,0,12,,1384,0,9 1 10,0,30,,1393,0,9 1 10,0,60,,1381,0,9 1 10,0,18,,1380,0,9 1 10,0,18,,1386,0,9 1 10,0,18,,1374,0,9 1 10,0,58,,1397,0,9 1 10,0,20,,1395,0,9 1 10,0,18,,1378,0,9 1 10,0,58,,1388,0,9 1 10,0,18,,1399,0,9 1 10,0,18,,1375,0,9 1 10,0,58,,1398,0,9 1 10,0,22,,1373,0,9 1 10,0,18,,1396,0,9 1 10,0,58,,1387,0,9 1 10,0,18,,1383,0,9 1 10,0,18,,1369,0,9 1 10,0,18,,1371,0,9 1 10,0,60,,1376,0,9 1 10,0,20,,1391,0,9 1 10,0,19,,1392,0,9 1 10,0,58,,1379,0,9 1 10,0,18,,1390,0,9 1 10,0,18,,1370,0,9 1 10,0,50,,1377,0,9 1 10,0,19,,1385,0,9 1 10,0,20,,1389,0,9 1 10,0
6200,'0d5c96b9-c5c7-4e47-bc8d-f774254a7580',642,,1868,,,0,75,,1858,,,0,35,,1863,,,0,75,,1846,,,0,75,,1854,,,0,35,,1859,,,0,75,,1852,,,0,35,,1870,,,0,75,,1864,,,0,35,,1850,,,0,75,,1849,,,0,75,,1862,,,0,35,,1853,,,0,75,,1866,,,0,40,,1848,,,0,79,,1855,,,0,80,,1860,,,0,40,,1872,,,0,80,,1857,,,0,80,,1856,,,0,40,,1871,,,0,76,,1847,,,0,75,,1873,,,0,35,,1865,,,0,75,,1869,,,0,35,,1861,,,0,75,,1851,,,0,75,,1874,,,0,35,,1867,,,0
6200,'254bf088-27c5-409f-95e0-aded341d1ed8',1042,,1878,,,0,75,,1886,,,0,35,,1883,,,0,75,,1879,,,0,75,,1889,,,0,35,,1882,,,0,75,,1877,,,0,35,,1885,,,0,75,,1881,,,0,35,,1880,,,0,75,,1884,,,0,75,,1876,,,0,35,,1888,,,0,75,,1875,,,0,35,,1887,,,0
6200,'48a5c06b-7eda-467f-bced-b2025728d81d',642,,1914,,,0,75,,1895,,,0,35,,1908,,,0,75,,1912,,,0,75,,1907,,,0,35,,1910,,,0,75,,1898,,,0,35,,1916,,,0,75,,1906,,,0,35,,1894,,,0,75,,1901,,,0,75,,1918,,,0,35,,1917,,,0,75,,1904,,,0,40,,1893,,,0,79,,1900,,,0,80,,1915,,,0,40,,1891,,,0,80,,1897,,,0,80,,1890,,,0,40,,1903,,,0,76,,1909,,,0,75,,1892,,,0,35,,1913,,,0,75,,1902,,,0,35,,1899,,,0,75,,1896,,,0,75,,1911,,,0,35,,1905,,,0
6200,'5ea3716a-5a4b-434c-a8f4-f427803388f2',642,,1927,,,0,75,,1930,,,0,35,,1929,,,0,75,,1919,,,0,75,,1946,,,0,35,,1945,,,0,75,,1937,,,0,35,,1943,,,0,75,,1921,,,0,35,,1934,,,0,75,,1944,,,0,75,,1938,,,0,35,,1931,,,0,75,,1939,,,0,40,,1920,,,0,79,,1922,,,0,80,,1924,,,0,40,,1928,,,0,80,,1941,,,0,80,,1947,,,0,40,,1933,,,0,76,,1932,,,0,75,,1935,,,0,35,,1942,,,0,75,,1923,,,0,35,,1940,,,0,75,,1925,,,0,75,,1936,,,0,35,,1926,,,0
6200,'868bc121-fb0c-4383-9699-388451a790cf',642,,1971,,,0,75,,1968,,,0,35,,1950,,,0,75,,1970,,,0,75,,1956,,,0,35,,1976,,,0,75,,1958,,,0,35,,1955,,,0,75,,1973,,,0,35,,1951,,,0,75,,1949,,,0,75,,1967,,,0,35,,1975,,,0,75,,1953,,,0,40,,1960,,,0,79,,1972,,,0,80,,1948,,,0,40,,1965,,,0,80,,1952,,,0,80,,1974,,,0,40,,1954,,,0,76,,1957,,,0,75,,1966,,,0,35,,1959,,,0,75,,1963,,,0,35,,1961,,,0,75,,1964,,,0,75,,1962,,,0,35,,1969,,,0
6200,'9289a134-101b-4987-b6e8-c4ce4a2015fb',642,,1979,,,0,75,,1985,,,0,35,,2004,,,0,75,,1978,,,0,75,,1992,,,0,35,,1987,,,0,75,,1983,,,0,35,,1993,,,0,75,,1989,,,0,35,,2002,,,0,75,,1997,,,0,75,,2005,,,0,35,,2003,,,0,75,,2001,,,0,40,,1980,,,0,79,,2000,,,0,80,,1994,,,0,40,,1991,,,0,80,,1984,,,0,80,,1981,,,0,40,,1988,,,0,76,,1996,,,0,75,,1986,,,0,35,,1977,,,0,75,,1982,,,0,35,,1998,,,0,75,,1995,,,0,75,,1990,,,0,35,,1999,,,0
6200,'ba06086d-4548-42cd-b016-2de359d3cea0',642,,2021,,,0,75,,2018,,,0,35,,2024,,,0,75,,2028,,,0,75,,2017,,,0,35,,2030,,,0,75,,2019,,,0,35,,2027,,,0,75,,2016,,,0,35,,2010,,,0,75,,2034,,,0,75,,2007,,,0,35,,2032,,,0,75,,2006,,,0,40,,2031,,,0,79,,2013,,,0,80,,2011,,,0,40,,2025,,,0,80,,2023,,,0,80,,2033,,,0,40,,2026,,,0,76,,2014,,,0,75,,2008,,,0,35,,2012,,,0,75,,2020,,,0,35,,2015,,,0,75,,2022,,,0,75,,2009,,,0,35,,2029,,,0
6200,'be8bf329-48c0-4387-bcac-4bc2f3c23bb8',817,,2045,,,0,35,,2044,,,0,75,,2051,,,0,75,,2040,,,0,35,,2037,,,0,75,,2041,,,0,35,,2043,,,0,75,,2048,,,0,35,,2047,,,0,75,,2039,,,0,75,,2038,,,0,35,,2042,,,0,75,,2046,,,0,35,,2036,,,0,75,,2049,,,0,75,,2050,,,0,35,,2035,,,0
6200,'caf85986-9e94-44c6-8066-5897e84e46de',1047,,2057,,,0,75,,2061,,,0,35,,2052,,,0,75,,2064,,,0,75,,2058,,,0,35,,2054,,,0,75,,2062,,,0,35,,2065,,,0,75,,2055,,,0,75,,2053,,,0,35,,2060,,,0,75,,2059,,,0,35,,2063,,,0,75,,2056,,,0
6500,'0d5c96b9-c5c7-4e47-bc8d-f774254a7580',651,,2518,,,0,75,,2513,,,0,76,,2515,,,0,36,,2521,,,0,83,,2517,,,0,30,,2514,,,0,70,,2508,,,0,30,,2509,,,0,70,,2522,,,0,30,,2532,,,0,70,,2523,,,0,30,,2512,,,0,70,,2511,,,0,30,,2524,,,0,70,,2533,,,0,30,,2531,,,0,70,,2534,,,0,30,,2535,,,0,80,,2516,,,0,80,,2525,,,0,40,,2510,,,0,70,,2528,,,0,30,,2527,,,0,70,,2530,,,0,30,,2526,,,0,70,,2519,,,0,30,,2529,,,0,70,,2520,,,0
6500,'48a5c06b-7eda-467f-bced-b2025728d81d',651,,2552,,,0,75,,2562,,,0,76,,2546,,,0,36,,2548,,,0,83,,2553,,,0,30,,2543,,,0,70,,2557,,,0,30,,2561,,,0,70,,2559,,,0,30,,2538,,,0,70,,2540,,,0,30,,2544,,,0,70,,2551,,,0,30,,2554,,,0,70,,2545,,,0,30,,2556,,,0,70,,2542,,,0,30,,2541,,,0,80,,2563,,,0,80,,2539,,,0,40,,2555,,,0,70,,2550,,,0,30,,2537,,,0,70,,2560,,,0,30,,2536,,,0,70,,2549,,,0,30,,2558,,,0,70,,2547,,,0
6500,'5ea3716a-5a4b-434c-a8f4-f427803388f2',651,,2579,,,0,75,,2568,,,0,76,,2573,,,0,36,,2572,,,0,83,,2578,,,0,30,,2567,,,0,70,,2588,,,0,30,,2587,,,0,70,,2569,,,0,30,,2570,,,0,70,,2577,,,0,30,,2586,,,0,70,,2582,,,0,30,,2580,,,0,70,,2576,,,0,30,,2591,,,0,70,,2584,,,0,30,,2583,,,0,80,,2590,,,0,80,,2585,,,0,40,,2574,,,0,70,,2571,,,0,30,,2565,,,0,70,,2564,,,0,30,,2581,,,0,70,,2575,,,0,30,,2589,,,0,70,,2566,,,0
6500,'868bc121-fb0c-4383-9699-388451a790cf',651,,2593,,,0,75,,2610,,,0,76,,2606,,,0,36,,2596,,,0,83,,2608,,,0,30,,2605,,,0,70,,2604,,,0,30,,2617,,,0,70,,2607,,,0,30,,2595,,,0,70,,2611,,,0,30,,2600,,,0,70,,2597,,,0,30,,2612,,,0,70,,2614,,,0,30,,2615,,,0,70,,2594,,,0,30,,2601,,,0,80,,2602,,,0,80,,2592,,,0,40,,2618,,,0,70,,2619,,,0,30,,2609,,,0,70,,2603,,,0,30,,2613,,,0,70,,2616,,,0,30,,2599,,,0,70,,2598,,,0
6500,'9289a134-101b-4987-b6e8-c4ce4a2015fb',651,,2632,,,0,75,,2628,,,0,76,,2625,,,0,36,,2624,,,0,83,,2634,,,0,30,,2643,,,0,70,,2622,,,0,30,,2647,,,0,70,,2633,,,0,30,,2635,,,0,70,,2620,,,0,30,,2645,,,0,70,,2621,,,0,30,,2630,,,0,70,,2638,,,0,30,,2626,,,0,70,,2627,,,0,30,,2640,,,0,80,,2631,,,0,80,,2636,,,0,40,,2629,,,0,70,,2637,,,0,30,,2639,,,0,70,,2641,,,0,30,,2644,,,0,70,,2642,,,0,30,,2646,,,0,70,,2623,,,0
6500,'ba06086d-4548-42cd-b016-2de359d3cea0',651,,2671,,,0,75,,2649,,,0,76,,2653,,,0,36,,2664,,,0,83,,2656,,,0,30,,2670,,,0,70,,2666,,,0,30,,2661,,,0,70,,2662,,,0,30,,2669,,,0,70,,2674,,,0,30,,2650,,,0,70,,2667,,,0,30,,2651,,,0,70,,2652,,,0,30,,2659,,,0,70,,2655,,,0,30,,2660,,,0,80,,2672,,,0,80,,2663,,,0,40,,2675,,,0,70,,2673,,,0,30,,2657,,,0,70,,2654,,,0,30,,2648,,,0,70,,2668,,,0,30,,2665,,,0,70,,2658,,,0
6500,'caf85986-9e94-44c6-8066-5897e84e46de',1021,,2680,,,0,30,,2679,,,0,70,,2684,,,0,30,,2687,,,0,70,,2682,,,0,30,,2688,,,0,70,,2685,,,0,30,,2677,,,0,70,,2681,,,0,30,,2686,,,0,70,,2689,,,0,30,,2691,,,0,70,,2683,,,0,30,,2690,,,0,70,,2678,,,0,30,,2676,,,0
