8100,'20e11cfa-d6a6-46ec-932e-c3530533c309',2134,,6414,31,,,0
8100,'29539182-f080-4698-b528-b5cea7c0f7e4',2134,,6415,31,,,0
8100,'4ff90fe8-7b85-4537-858e-36c817b2ba06',1815,,6417,250,,,0
8100,'53316f13-7e2a-415d-a780-d65e8f9fc920',2134,,6424,31,,,0
8100,'9712db0e-9c6e-4aef-9821-7ba79476301c',2134,,6437,31,,,0
8100,'aa100e8f-694c-4b5d-8041-b019347d5019',2134,,6438,31,,,0
8100,'e6a8ef7e-0cfa-4bac-b2c4-68d071108359',2134,,6439,31,,,0
8200,'4ff90fe8-7b85-4537-858e-36c817b2ba06',1248,,6440,132,,,0
8200,'53316f13-7e2a-415d-a780-d65e8f9fc920',948,,6441,132,,,0,400,,6442,132,,,0
8500,'20e11cfa-d6a6-46ec-932e-c3530533c309',715,,6443,52,,,0,100,,6455,52,,,0,100,,6457,52,,,0,100,,6458,52,,,0,100,,6444,52,,,0,100,,6453,52,,,0,100,,6456,52,,,0,100,,6454,52,,,0,100,,6451,52,,,0,100,,6447,52,,,0,100,,6449,52,,,0,100,,6452,52,,,0,100,,6448,52,,,0,100,,6445,52,,,0,100,,6450,52,,,0
8500,'29539182-f080-4698-b528-b5cea7c0f7e4',715,,6470,52,,,0,100,,6474,52,,,0,100,,6466,52,,,0,100,,6473,52,,,0,100,,6472,52,,,0,100,,6467,52,,,0,100,,6471,52,,,0,100,,6460,52,,,0,100,,6459,52,,,0,100,,6468,52,,,0,100,,6461,52,,,0,100,,6462,52,,,0,100,,6469,52,,,0,100,,6465,52,,,0,100,,6463,52,,,0
8500,'9712db0e-9c6e-4aef-9821-7ba79476301c',715,,6489,52,,,0,100,,6484,52,,,0,100,,6485,52,,,0,100,,6482,52,,,0,100,,6490,52,,,0,100,,6488,52,,,0,100,,6486,52,,,0,100,,6475,52,,,0,100,,6480,52,,,0,100,,6476,52,,,0,100,,6487,52,,,0,100,,6483,52,,,0,100,,6477,52,,,0,100,,6478,52,,,0,100,,6481,52,,,0
8500,'aa100e8f-694c-4b5d-8041-b019347d5019',715,,6503,52,,,0,100,,6504,52,,,0,100,,6492,52,,,0,100,,6491,52,,,0,100,,6498,52,,,0,100,,6497,52,,,0,100,,6494,52,,,0,100,,6493,52,,,0,100,,6502,52,,,0,100,,6505,52,,,0,100,,6506,52,,,0,100,,6500,52,,,0,100,,6499,52,,,0,100,,6501,52,,,0,100,,6495,52,,,0
8500,'e6a8ef7e-0cfa-4bac-b2c4-68d071108359',715,,6522,52,,,0,100,,6517,52,,,0,100,,6514,52,,,0,100,,6518,52,,,0,100,,6519,52,,,0,100,,6512,52,,,0,100,,6511,52,,,0,100,,6516,52,,,0,100,,6508,52,,,0,100,,6510,52,,,0,100,,6520,52,,,0,100,,6509,52,,,0,100,,6507,52,,,0,100,,6521,52,,,0,100,,6515,52,,,0
