9400,'294e58fc-bc13-4a33-bb1d-a337996c2e9c',635,,14062,61,,,0,76,,14073,61,,,0,20,,14063,61,,,0,20,,14067,61,,,0,60,,14072,61,,,0,20,,14052,61,,,0,20,,14055,61,,,0,60,,14061,61,,,0,20,,14043,69,,,0,75,,14071,61,,,0,40,,14066,61,,,0,80,,14051,61,,,0,80,,14053,61,,,0,40,,14045,61,,,0,80,,14074,61,,,0,85,,14057,61,,,0,40,,14070,61,,,0,60,,14056,61,,,0,20,,14054,61,,,0,20,,14069,61,,,0,60,,14065,61,,,0,20,,14044,61,,,0,20,,14060,61,,,0,60,,14047,69,,,0,20,,14049,61,,,0,80,,14046,61,,,0,35,,14050,61,,,0,75,,14064,61,,,0,35,,14048,61,,,0,75,,14059,61,,,0,80,,14058,61,,,0,35,,14068,69,,,0
9400,'8ab1f009-ab59-4a8c-9771-20e344a37dba',641,,14091,61,,,0,75,,14088,61,,,0,35,,14080,61,,,0,75,,14083,61,,,0,75,,14081,61,,,0,35,,14099,61,,,0,75,,14093,61,,,0,35,,14095,61,,,0,75,,14086,61,,,0,80,,14075,61,,,0,40,,14082,61,,,0,80,,14084,61,,,0,90,,14094,61,,,0,40,,14096,61,,,0,80,,14077,61,,,0,80,,14089,61,,,0,40,,14087,61,,,0,80,,14085,61,,,0,80,,14090,61,,,0,35,,14092,61,,,0,75,,14076,61,,,0,35,,14078,61,,,0,75,,14079,61,,,0,80,,14097,61,,,0,35,,14098,69,,,0
9400,'8e972226-8e68-4b6a-9fd3-2e7f449277f5',635,,14128,61,,,0,76,,14107,61,,,0,20,,14125,61,,,0,20,,14113,61,,,0,60,,14104,61,,,0,20,,14118,61,,,0,20,,14108,61,,,0,60,,14117,61,,,0,20,,14122,69,,,0,75,,14119,61,,,0,40,,14112,61,,,0,80,,14116,61,,,0,80,,14114,61,,,0,40,,14130,61,,,0,80,,14127,61,,,0,85,,14124,61,,,0,40,,14101,61,,,0,60,,14102,61,,,0,20,,14110,61,,,0,20,,14111,61,,,0,60,,14103,61,,,0,20,,14121,61,,,0,20,,14131,61,,,0,60,,14120,69,,,0,20,,14129,61,,,0,80,,14115,61,,,0,35,,14105,61,,,0,75,,14109,61,,,0,35,,14123,61,,,0,75,,14106,61,,,0,80,,14126,61,,,0,35,,14100,69,,,0
9400,'9493548d-afad-4b26-be65-c3aa23941f37',635,,14137,61,,,0,76,,14157,61,,,0,20,,14134,61,,,0,20,,14154,61,,,0,60,,14145,61,,,0,20,,14146,61,,,0,20,,14143,61,,,0,60,,14138,61,,,0,20,,14158,69,,,0,75,,14161,61,,,0,40,,14153,61,,,0,80,,14133,61,,,0,80,,14163,61,,,0,40,,14142,61,,,0,80,,14156,61,,,0,85,,14160,61,,,0,40,,14147,61,,,0,60,,14135,61,,,0,20,,14148,61,,,0,20,,14141,61,,,0,60,,14155,61,,,0,20,,14136,61,,,0,20,,14140,61,,,0,60,,14144,69,,,0,20,,14151,61,,,0,80,,14162,61,,,0,35,,14150,61,,,0,75,,14152,61,,,0,35,,14159,61,,,0,75,,14139,61,,,0,80,,14149,61,,,0,35,,14132,69,,,0
9400,'9577949b-c1b9-4893-a4cc-d601db41a1fc',635,,14185,61,,,0,76,,14190,61,,,0,20,,14194,61,,,0,20,,14178,61,,,0,60,,14176,61,,,0,20,,14171,61,,,0,20,,14172,61,,,0,60,,14165,61,,,0,20,,14183,69,,,0,75,,14191,61,,,0,40,,14166,61,,,0,80,,14174,61,,,0,80,,14177,61,,,0,40,,14187,61,,,0,80,,14189,61,,,0,85,,14175,61,,,0,40,,14167,61,,,0,60,,14182,61,,,0,20,,14192,61,,,0,20,,14164,61,,,0,60,,14188,61,,,0,20,,14169,61,,,0,20,,14179,61,,,0,60,,14168,69,,,0,20,,14195,61,,,0,80,,14193,61,,,0,35,,14170,61,,,0,75,,14184,61,,,0,35,,14186,61,,,0,75,,14180,61,,,0,80,,14173,61,,,0,35,,14181,69,,,0
9400,'991a1488-6339-4798-a1ff-4cc199131854',635,,14197,61,,,0,76,,14203,61,,,0,20,,14199,61,,,0,20,,14205,61,,,0,60,,14226,61,,,0,20,,14215,61,,,0,20,,14202,61,,,0,60,,14216,61,,,0,20,,14213,69,,,0,75,,14201,61,,,0,40,,14211,61,,,0,80,,14223,61,,,0,80,,14200,61,,,0,40,,14207,61,,,0,80,,14227,61,,,0,85,,14217,61,,,0,40,,14222,61,,,0,60,,14210,61,,,0,20,,14208,61,,,0,20,,14198,61,,,0,60,,14225,61,,,0,20,,14218,61,,,0,20,,14219,61,,,0,60,,14214,69,,,0,20,,14212,61,,,0,80,,14221,61,,,0,35,,14196,61,,,0,75,,14209,61,,,0,35,,14224,61,,,0,75,,14204,61,,,0,80,,14206,61,,,0,35,,14220,69,,,0
9400,'bec99aa0-a127-4e27-ae17-e4c7db42f9ba',941,,14233,61,,,0,75,,14231,61,,,0,35,,14229,61,,,0,75,,14232,61,,,0,75,,14242,61,,,0,35,,14240,61,,,0,75,,14228,61,,,0,35,,14236,61,,,0,75,,14235,61,,,0,35,,14237,61,,,0,75,,14230,61,,,0,75,,14239,61,,,0,35,,14238,61,,,0,75,,14234,61,,,0,35,,14241,69,,,0
9500,'294e58fc-bc13-4a33-bb1d-a337996c2e9c',637,,14252,54,,,0,70,,14258,54,,,0,35,,14246,54,,,0,75,,14253,54,,,0,35,,14260,54,,,0,75,,14262,54,,,0,75,,14243,54,,,0,35,,14249,54,,,0,75,,14266,54,,,0,35,,14255,54,,,0,75,,14259,54,,,0,35,,14247,54,,,0,75,,14251,54,,,0,75,,14269,54,,,0,35,,14244,54,,,0,75,,14261,54,,,0,35,,14248,54,,,0,90,,14250,54,,,0,80,,14245,54,,,0,80,,14263,54,,,0,40,,14256,54,,,0,70,,14265,54,,,0,30,,14268,54,,,0,70,,14264,54,,,0,30,,14267,54,,,0,70,,14254,54,,,0,30,,14257,55,,,0
9500,'8ab1f009-ab59-4a8c-9771-20e344a37dba',637,,14294,54,,,0,70,,14280,54,,,0,30,,14276,54,,,0,70,,14278,54,,,0,30,,14275,54,,,0,70,,14285,54,,,0,30,,14291,54,,,0,70,,14290,54,,,0,30,,14293,54,,,0,75,,14286,54,,,0,35,,14270,54,,,0,75,,14295,54,,,0,35,,14271,54,,,0,75,,14289,54,,,0,75,,14288,54,,,0,35,,14283,54,,,0,75,,14292,54,,,0,35,,14282,54,,,0,75,,14287,54,,,0,75,,14277,54,,,0,35,,14284,54,,,0,70,,14272,54,,,0,30,,14273,54,,,0,70,,14279,54,,,0,30,,14298,54,,,0,70,,14274,54,,,0,30,,14296,54,,,0,70,,14297,54,,,0,30,,14281,55,,,0
9500,'8e972226-8e68-4b6a-9fd3-2e7f449277f5',637,,14302,54,,,0,70,,14322,54,,,0,35,,14304,54,,,0,75,,14318,54,,,0,35,,14313,54,,,0,75,,14301,54,,,0,75,,14315,54,,,0,35,,14320,54,,,0,75,,14305,54,,,0,35,,14319,54,,,0,75,,14314,54,,,0,35,,14306,54,,,0,75,,14316,54,,,0,75,,14312,54,,,0,35,,14325,54,,,0,75,,14303,54,,,0,35,,14299,54,,,0,90,,14310,54,,,0,80,,14317,54,,,0,80,,14307,54,,,0,40,,14309,54,,,0,70,,14321,54,,,0,30,,14323,54,,,0,70,,14311,54,,,0,30,,14324,54,,,0,70,,14300,54,,,0,30,,14308,55,,,0
9500,'9493548d-afad-4b26-be65-c3aa23941f37',637,,14348,54,,,0,70,,14329,54,,,0,35,,14333,54,,,0,75,,14327,54,,,0,35,,14338,54,,,0,75,,14345,54,,,0,75,,14339,54,,,0,35,,14340,54,,,0,75,,14349,54,,,0,35,,14335,54,,,0,75,,14334,54,,,0,35,,14326,54,,,0,75,,14344,54,,,0,75,,14330,54,,,0,35,,14332,54,,,0,75,,14346,54,,,0,35,,14337,54,,,0,90,,14350,54,,,0,80,,14336,54,,,0,80,,14341,54,,,0,40,,14328,54,,,0,70,,14343,54,,,0,30,,14352,54,,,0,70,,14351,54,,,0,30,,14342,54,,,0,70,,14347,54,,,0,30,,14331,55,,,0
9500,'9577949b-c1b9-4893-a4cc-d601db41a1fc',637,,14372,54,,,0,70,,14353,54,,,0,35,,14378,54,,,0,75,,14375,54,,,0,35,,14376,54,,,0,75,,14357,54,,,0,75,,14354,54,,,0,35,,14377,54,,,0,75,,14356,54,,,0,35,,14359,54,,,0,75,,14379,54,,,0,35,,14364,54,,,0,75,,14365,54,,,0,75,,14370,54,,,0,35,,14360,54,,,0,75,,14362,54,,,0,35,,14358,54,,,0,90,,14363,54,,,0,80,,14371,54,,,0,80,,14366,54,,,0,40,,14367,54,,,0,70,,14369,54,,,0,30,,14361,54,,,0,70,,14355,54,,,0,30,,14368,54,,,0,70,,14374,54,,,0,30,,14373,55,,,0
9500,'991a1488-6339-4798-a1ff-4cc199131854',637,,14406,54,,,0,70,,14401,54,,,0,35,,14405,54,,,0,75,,14389,54,,,0,35,,14385,54,,,0,75,,14384,54,,,0,75,,14392,54,,,0,35,,14387,54,,,0,75,,14403,54,,,0,35,,14388,54,,,0,75,,14397,54,,,0,35,,14404,54,,,0,75,,14399,54,,,0,75,,14380,54,,,0,35,,14398,54,,,0,75,,14393,54,,,0,35,,14386,54,,,0,90,,14391,54,,,0,80,,14381,54,,,0,80,,14390,54,,,0,40,,14396,54,,,0,70,,14402,54,,,0,30,,14394,54,,,0,70,,14383,54,,,0,30,,14382,54,,,0,70,,14395,54,,,0,30,,14400,55,,,0
9500,'bec99aa0-a127-4e27-ae17-e4c7db42f9ba',937,,14414,54,,,0,70,,14416,54,,,0,30,,14410,54,,,0,70,,14418,54,,,0,30,,14413,54,,,0,70,,14419,54,,,0,35,,14415,54,,,0,75,,14409,54,,,0,35,,14417,54,,,0,75,,14422,54,,,0,75,,14407,54,,,0,35,,14411,54,,,0,75,,14408,54,,,0,35,,14420,54,,,0,75,,14421,54,,,0,35,,14412,55,,,0
