9300,'294e58fc-bc13-4a33-bb1d-a337996c2e9c',647,,13879,74,,,0,70,,13886,74,,,0,38,,13863,74,,,0,75,,13871,74,,,0,75,,13865,74,,,0,35,,13881,74,,,0,75,,13872,74,,,0,35,,13875,74,,,0,75,,13873,74,,,0,75,,13870,74,,,0,35,,13869,74,,,0,75,,13885,74,,,0,35,,13882,74,,,0,75,,13884,74,,,0,35,,13888,74,,,0,75,,13866,74,,,0,75,,13868,74,,,0,50,,13889,74,,,0,80,,13877,74,,,0,80,,13874,74,,,0,36,,13864,74,,,0,70,,13876,74,,,0,30,,13883,74,,,0,70,,13880,74,,,0,30,,13878,74,,,0,70,,13867,74,,,0,30,,13887,74,,,0
9300,'8ab1f009-ab59-4a8c-9771-20e344a37dba',647,,13893,74,,,0,70,,13898,74,,,0,30,,13904,74,,,0,70,,13901,74,,,0,30,,13917,74,,,0,70,,13912,74,,,0,30,,13905,74,,,0,70,,13891,74,,,0,30,,13913,74,,,0,75,,13907,74,,,0,35,,13902,74,,,0,75,,13897,74,,,0,75,,13896,74,,,0,35,,13894,74,,,0,75,,13895,74,,,0,35,,13899,74,,,0,75,,13918,74,,,0,75,,13908,74,,,0,35,,13914,74,,,0,75,,13910,74,,,0,35,,13900,74,,,0,70,,13903,74,,,0,30,,13911,74,,,0,70,,13915,74,,,0,30,,13916,74,,,0,70,,13890,74,,,0,30,,13892,74,,,0,70,,13909,74,,,0,30,,13906,74,,,0
9300,'8e972226-8e68-4b6a-9fd3-2e7f449277f5',647,,13921,74,,,0,70,,13937,74,,,0,38,,13929,74,,,0,75,,13926,74,,,0,75,,13920,74,,,0,35,,13930,74,,,0,75,,13941,74,,,0,35,,13931,74,,,0,75,,13927,74,,,0,75,,13944,74,,,0,35,,13932,74,,,0,75,,13940,74,,,0,35,,13942,74,,,0,75,,13945,74,,,0,35,,13938,74,,,0,75,,13936,74,,,0,75,,13935,74,,,0,50,,13924,74,,,0,80,,13925,74,,,0,80,,13939,74,,,0,36,,13928,74,,,0,70,,13919,74,,,0,30,,13934,74,,,0,70,,13923,74,,,0,30,,13943,74,,,0,70,,13922,74,,,0,30,,13933,74,,,0
9300,'9493548d-afad-4b26-be65-c3aa23941f37',647,,13957,74,,,0,70,,13971,74,,,0,38,,13966,74,,,0,75,,13958,74,,,0,75,,13953,74,,,0,35,,13963,74,,,0,75,,13968,74,,,0,35,,13960,74,,,0,75,,13961,74,,,0,75,,13954,74,,,0,35,,13970,74,,,0,75,,13951,74,,,0,35,,13949,74,,,0,75,,13962,74,,,0,35,,13947,74,,,0,75,,13955,74,,,0,75,,13959,74,,,0,50,,13972,74,,,0,80,,13967,74,,,0,80,,13965,74,,,0,36,,13946,74,,,0,70,,13956,74,,,0,30,,13948,74,,,0,70,,13950,74,,,0,30,,13969,74,,,0,70,,13964,74,,,0,30,,13952,74,,,0
9300,'9577949b-c1b9-4893-a4cc-d601db41a1fc',647,,13997,74,,,0,70,,13990,74,,,0,38,,13981,74,,,0,75,,13973,74,,,0,75,,13996,74,,,0,35,,13986,74,,,0,75,,13984,74,,,0,35,,13987,74,,,0,75,,13980,74,,,0,75,,13978,74,,,0,35,,13994,74,,,0,75,,13983,74,,,0,35,,13991,74,,,0,75,,13992,74,,,0,35,,13979,74,,,0,75,,13995,74,,,0,75,,13993,74,,,0,50,,13988,74,,,0,80,,13975,74,,,0,80,,13976,74,,,0,36,,13989,74,,,0,70,,13998,74,,,0,30,,13974,74,,,0,70,,13985,74,,,0,30,,13977,74,,,0,70,,13982,74,,,0,30,,13999,74,,,0
9300,'991a1488-6339-4798-a1ff-4cc199131854',647,,14018,74,,,0,70,,14016,74,,,0,38,,14025,74,,,0,75,,14021,74,,,0,75,,14014,74,,,0,35,,14020,74,,,0,75,,14003,74,,,0,35,,14006,74,,,0,75,,14026,74,,,0,75,,14007,74,,,0,35,,14000,74,,,0,75,,14019,74,,,0,35,,14001,74,,,0,75,,14005,74,,,0,35,,14002,74,,,0,75,,14008,74,,,0,75,,14013,74,,,0,50,,14011,74,,,0,80,,14004,74,,,0,80,,14009,74,,,0,36,,14017,74,,,0,70,,14024,74,,,0,30,,14023,74,,,0,70,,14022,74,,,0,30,,14015,74,,,0,70,,14012,74,,,0,30,,14010,74,,,0
9300,'bec99aa0-a127-4e27-ae17-e4c7db42f9ba',947,,14042,74,,,0,70,,14038,74,,,0,30,,14036,74,,,0,70,,14032,74,,,0,30,,14030,74,,,0,70,,14033,74,,,0,35,,14027,74,,,0,75,,14037,74,,,0,75,,14035,74,,,0,35,,14034,74,,,0,75,,14040,74,,,0,35,,14031,74,,,0,75,,14039,74,,,0,35,,14029,74,,,0,75,,14041,74,,,0,75,,14028,74,,,0
9400,'294e58fc-bc13-4a33-bb1d-a337996c2e9c',644,,14062,82,,,0,75,,14073,82,,,0,20,,14063,82,,,0,20,,14067,82,,,0,60,,14072,82,,,0,20,,14052,82,,,0,20,,14055,82,,,0,60,,14061,82,,,0,20,,14043,90,,,0,75,,14071,82,,,0,40,,14066,82,,,0,80,,14051,82,,,0,80,,14053,82,,,0,40,,14045,82,,,0,80,,14074,82,,,0,85,,14057,82,,,0,40,,14070,82,,,0,60,,14056,82,,,0,20,,14054,82,,,0,20,,14069,82,,,0,60,,14065,82,,,0,20,,14044,82,,,0,20,,14060,82,,,0,60,,14047,90,,,0,20,,14049,82,,,0,80,,14046,82,,,0,35,,14050,82,,,0,75,,14064,82,,,0,75,,14048,82,,,0,35,,14059,82,,,0,80,,14058,82,,,0,35,,14068,90,,,0
9400,'8ab1f009-ab59-4a8c-9771-20e344a37dba',649,,14091,82,,,0,75,,14088,82,,,0,35,,14080,82,,,0,75,,14083,82,,,0,75,,14081,82,,,0,35,,14099,82,,,0,75,,14093,82,,,0,35,,14095,82,,,0,75,,14086,82,,,0,80,,14075,82,,,0,40,,14082,82,,,0,80,,14084,82,,,0,90,,14094,82,,,0,40,,14096,82,,,0,80,,14077,82,,,0,80,,14089,82,,,0,40,,14087,82,,,0,80,,14085,82,,,0,80,,14090,82,,,0,35,,14092,82,,,0,75,,14076,82,,,0,75,,14078,82,,,0,35,,14079,82,,,0,80,,14097,82,,,0,35,,14098,90,,,0
9400,'8e972226-8e68-4b6a-9fd3-2e7f449277f5',644,,14128,82,,,0,75,,14107,82,,,0,20,,14125,82,,,0,20,,14113,82,,,0,60,,14104,82,,,0,20,,14118,82,,,0,20,,14108,82,,,0,60,,14117,82,,,0,20,,14122,90,,,0,75,,14119,82,,,0,40,,14112,82,,,0,80,,14116,82,,,0,80,,14114,82,,,0,40,,14130,82,,,0,80,,14127,82,,,0,85,,14124,82,,,0,40,,14101,82,,,0,60,,14102,82,,,0,20,,14110,82,,,0,20,,14111,82,,,0,60,,14103,82,,,0,20,,14121,82,,,0,20,,14131,82,,,0,60,,14120,90,,,0,20,,14129,82,,,0,80,,14115,82,,,0,35,,14105,82,,,0,75,,14109,82,,,0,75,,14123,82,,,0,35,,14106,82,,,0,80,,14126,82,,,0,35,,14100,90,,,0
9400,'9493548d-afad-4b26-be65-c3aa23941f37',644,,14137,82,,,0,75,,14157,82,,,0,20,,14134,82,,,0,20,,14154,82,,,0,60,,14145,82,,,0,20,,14146,82,,,0,20,,14143,82,,,0,60,,14138,82,,,0,20,,14158,90,,,0,75,,14161,82,,,0,40,,14153,82,,,0,80,,14133,82,,,0,80,,14163,82,,,0,40,,14142,82,,,0,80,,14156,82,,,0,85,,14160,82,,,0,40,,14147,82,,,0,60,,14135,82,,,0,20,,14148,82,,,0,20,,14141,82,,,0,60,,14155,82,,,0,20,,14136,82,,,0,20,,14140,82,,,0,60,,14144,90,,,0,20,,14151,82,,,0,80,,14162,82,,,0,35,,14150,82,,,0,75,,14152,82,,,0,75,,14159,82,,,0,35,,14139,82,,,0,80,,14149,82,,,0,35,,14132,90,,,0
9400,'9577949b-c1b9-4893-a4cc-d601db41a1fc',644,,14185,82,,,0,75,,14190,82,,,0,20,,14194,82,,,0,20,,14178,82,,,0,60,,14176,82,,,0,20,,14171,82,,,0,20,,14172,82,,,0,60,,14165,82,,,0,20,,14183,90,,,0,75,,14191,82,,,0,40,,14166,82,,,0,80,,14174,82,,,0,80,,14177,82,,,0,40,,14187,82,,,0,80,,14189,82,,,0,85,,14175,82,,,0,40,,14167,82,,,0,60,,14182,82,,,0,20,,14192,82,,,0,20,,14164,82,,,0,60,,14188,82,,,0,20,,14169,82,,,0,20,,14179,82,,,0,60,,14168,90,,,0,20,,14195,82,,,0,80,,14193,82,,,0,35,,14170,82,,,0,75,,14184,82,,,0,75,,14186,82,,,0,35,,14180,82,,,0,80,,14173,82,,,0,35,,14181,90,,,0
9400,'991a1488-6339-4798-a1ff-4cc199131854',644,,14197,82,,,0,75,,14203,82,,,0,20,,14199,82,,,0,20,,14205,82,,,0,60,,14226,82,,,0,20,,14215,82,,,0,20,,14202,82,,,0,60,,14216,82,,,0,20,,14213,90,,,0,75,,14201,82,,,0,40,,14211,82,,,0,80,,14223,82,,,0,80,,14200,82,,,0,40,,14207,82,,,0,80,,14227,82,,,0,85,,14217,82,,,0,40,,14222,82,,,0,60,,14210,82,,,0,20,,14208,82,,,0,20,,14198,82,,,0,60,,14225,82,,,0,20,,14218,82,,,0,20,,14219,82,,,0,60,,14214,90,,,0,20,,14212,82,,,0,80,,14221,82,,,0,35,,14196,82,,,0,75,,14209,82,,,0,75,,14224,82,,,0,35,,14204,82,,,0,80,,14206,82,,,0,35,,14220,90,,,0
9400,'bec99aa0-a127-4e27-ae17-e4c7db42f9ba',949,,14233,82,,,0,75,,14231,82,,,0,35,,14229,82,,,0,75,,14232,82,,,0,75,,14242,82,,,0,35,,14240,82,,,0,75,,14228,82,,,0,35,,14236,82,,,0,75,,14235,82,,,0,75,,14237,82,,,0,35,,14230,82,,,0,75,,14239,82,,,0,35,,14238,82,,,0,75,,14234,82,,,0,35,,14241,90,,,0
