5000,'294e58fc-bc13-4a33-bb1d-a337996c2e9c',629,,11001,78,,,0,24,,11010,78,,,0,64,,10981,78,,,0,26,,11003,78,,,0,66,,10988,78,,,0,26,,11006,78,,,0,66,,10992,78,,,0,26,,10980,78,,,0,26,,10978,78,,,0,66,,10993,60,,,0,26,,10990,78,,,0,68,,11011,78,,,0,45,,11002,78,,,0,74,,11009,78,,,0,85,,10994,78,,,0,34,,10985,78,,,0,68,,10995,78,,,0,25,,10987,78,,,0,69,,10996,78,,,0,28,,11005,78,,,0,68,,11012,78,,,0,26,,10999,78,,,0,74,,10984,78,,,0,32,,10997,78,,,0,67,,11013,78,,,0,33,,11008,78,,,0,64,,10989,78,,,0,24,,10998,78,,,0,26,,11000,62,,,0,67,,10986,78,,,0,23,,10982,78,,,0,90,,11004,78,,,0,23,,10991,62,,,0,90,,10979,62,,,0
5000,'8ab1f009-ab59-4a8c-9771-20e344a37dba',716,,11031,78,,,0,35,,11037,78,,,0,75,,11041,78,,,0,75,,11034,78,,,0,35,,11015,78,,,0,75,,11035,78,,,0,35,,11022,78,,,0,75,,11023,78,,,0,37,,11036,78,,,0,77,,11038,78,,,0,80,,11028,78,,,0,37,,11039,78,,,0,80,,11026,78,,,0,77,,11027,78,,,0,40,,11017,78,,,0,77,,11029,78,,,0,80,,11019,78,,,0,37,,11033,78,,,0,76,,11024,78,,,0,37,,11040,78,,,0,75,,11030,78,,,0,75,,11018,78,,,0,35,,11016,78,,,0,75,,11014,62,,,0,35,,11025,62,,,0
5000,'8e972226-8e68-4b6a-9fd3-2e7f449277f5',629,,11051,78,,,0,24,,11074,78,,,0,64,,11049,78,,,0,26,,11059,78,,,0,66,,11045,78,,,0,26,,11057,78,,,0,66,,11054,78,,,0,26,,11043,78,,,0,26,,11064,78,,,0,66,,11071,60,,,0,26,,11070,78,,,0,68,,11077,78,,,0,45,,11069,78,,,0,74,,11063,78,,,0,85,,11053,78,,,0,34,,11044,78,,,0,68,,11052,78,,,0,25,,11046,78,,,0,69,,11042,78,,,0,28,,11060,78,,,0,68,,11066,78,,,0,26,,11076,78,,,0,74,,11056,78,,,0,32,,11068,78,,,0,67,,11055,78,,,0,33,,11050,78,,,0,64,,11075,78,,,0,24,,11072,78,,,0,26,,11048,62,,,0,67,,11058,78,,,0,23,,11065,78,,,0,90,,11047,78,,,0,23,,11073,62,,,0,90,,11061,62,,,0
5000,'9493548d-afad-4b26-be65-c3aa23941f37',629,,11106,78,,,0,24,,11091,78,,,0,64,,11097,78,,,0,26,,11102,78,,,0,66,,11079,78,,,0,26,,11090,78,,,0,66,,11082,78,,,0,26,,11085,78,,,0,26,,11093,78,,,0,66,,11078,60,,,0,26,,11111,78,,,0,68,,11099,78,,,0,45,,11092,78,,,0,74,,11086,78,,,0,85,,11084,78,,,0,34,,11108,78,,,0,68,,11087,78,,,0,25,,11104,78,,,0,69,,11105,78,,,0,28,,11096,78,,,0,68,,11109,78,,,0,26,,11101,78,,,0,74,,11098,78,,,0,32,,11100,78,,,0,67,,11088,78,,,0,33,,11094,78,,,0,64,,11081,78,,,0,24,,11095,78,,,0,26,,11113,62,,,0,67,,11080,78,,,0,23,,11083,78,,,0,90,,11112,78,,,0,23,,11110,62,,,0,90,,11089,62,,,0
5000,'9577949b-c1b9-4893-a4cc-d601db41a1fc',629,,11125,78,,,0,24,,11131,78,,,0,64,,11137,78,,,0,26,,11127,78,,,0,66,,11141,78,,,0,26,,11120,78,,,0,66,,11129,78,,,0,26,,11123,78,,,0,26,,11114,78,,,0,66,,11128,60,,,0,26,,11145,78,,,0,68,,11140,78,,,0,45,,11132,78,,,0,74,,11135,78,,,0,85,,11149,78,,,0,34,,11144,78,,,0,68,,11142,78,,,0,25,,11117,78,,,0,69,,11143,78,,,0,28,,11138,78,,,0,68,,11121,78,,,0,26,,11119,78,,,0,74,,11116,78,,,0,32,,11118,78,,,0,67,,11133,78,,,0,33,,11148,78,,,0,64,,11136,78,,,0,24,,11146,78,,,0,26,,11147,62,,,0,67,,11124,78,,,0,23,,11115,78,,,0,90,,11130,78,,,0,23,,11122,62,,,0,90,,11139,62,,,0
5000,'991a1488-6339-4798-a1ff-4cc199131854',629,,11185,78,,,0,24,,11177,78,,,0,64,,11163,78,,,0,26,,11172,78,,,0,66,,11171,78,,,0,26,,11175,78,,,0,66,,11180,78,,,0,26,,11157,78,,,0,26,,11182,78,,,0,66,,11162,60,,,0,26,,11155,78,,,0,68,,11165,78,,,0,45,,11178,78,,,0,74,,11154,78,,,0,85,,11168,78,,,0,34,,11169,78,,,0,68,,11176,78,,,0,25,,11167,78,,,0,69,,11164,78,,,0,28,,11153,78,,,0,68,,11156,78,,,0,26,,11150,78,,,0,74,,11184,78,,,0,32,,11170,78,,,0,67,,11174,78,,,0,33,,11159,78,,,0,64,,11158,78,,,0,24,,11151,78,,,0,26,,11179,62,,,0,67,,11152,78,,,0,23,,11173,78,,,0,90,,11183,78,,,0,23,,11161,62,,,0,90,,11166,62,,,0
5000,'bec99aa0-a127-4e27-ae17-e4c7db42f9ba',935,,11186,78,,,0,76,,11202,78,,,0,35,,11195,78,,,0,75,,11192,78,,,0,35,,11191,78,,,0,75,,11188,78,,,0,75,,11196,78,,,0,35,,11187,78,,,0,75,,11190,78,,,0,35,,11193,78,,,0,75,,11200,78,,,0,75,,11199,78,,,0,35,,11194,78,,,0,75,,11189,78,,,0,35,,11197,62,,,0
6200,'294e58fc-bc13-4a33-bb1d-a337996c2e9c',610,,12614,11,,,0,35,,12605,11,,,0,75,,12601,11,,,0,35,,12613,11,,,0,75,,12617,11,,,0,75,,12599,11,,,0,35,,12616,11,,,0,75,,12622,11,,,0,35,,12603,11,,,0,75,,12600,11,,,0,75,,12610,11,,,0,35,,12618,11,,,0,75,,12598,11,,,0,35,,12602,11,,,0,80,,12615,11,,,0,75,,12596,11,,,0,40,,12611,11,,,0,80,,12620,11,,,0,80,,12608,11,,,0,40,,12612,11,,,0,80,,12619,11,,,0,80,,12595,11,,,0,35,,12604,11,,,0,75,,12597,11,,,0,35,,12607,11,,,0,75,,12621,11,,,0,35,,12594,11,,,0,75,,12609,11,,,0,75,,12606,10,,,0
6200,'8ab1f009-ab59-4a8c-9771-20e344a37dba',610,,12628,11,,,0,35,,12625,11,,,0,75,,12630,11,,,0,35,,12634,11,,,0,75,,12650,11,,,0,75,,12639,11,,,0,35,,12644,11,,,0,75,,12646,11,,,0,35,,12647,11,,,0,75,,12638,11,,,0,75,,12631,11,,,0,35,,12641,11,,,0,75,,12629,11,,,0,35,,12635,11,,,0,80,,12632,11,,,0,75,,12648,11,,,0,40,,12633,11,,,0,80,,12637,11,,,0,80,,12623,11,,,0,40,,12627,11,,,0,80,,12626,11,,,0,80,,12649,11,,,0,35,,12640,11,,,0,75,,12643,11,,,0,35,,12624,11,,,0,75,,12651,11,,,0,35,,12645,11,,,0,75,,12636,11,,,0,75,,12642,10,,,0
6200,'8e972226-8e68-4b6a-9fd3-2e7f449277f5',610,,12679,11,,,0,35,,12662,11,,,0,75,,12658,11,,,0,35,,12655,11,,,0,75,,12666,11,,,0,75,,12656,11,,,0,35,,12669,11,,,0,75,,12670,11,,,0,35,,12654,11,,,0,75,,12653,11,,,0,75,,12673,11,,,0,35,,12678,11,,,0,75,,12671,11,,,0,35,,12661,11,,,0,80,,12668,11,,,0,75,,12675,11,,,0,40,,12663,11,,,0,80,,12676,11,,,0,80,,12680,11,,,0,40,,12665,11,,,0,80,,12667,11,,,0,80,,12664,11,,,0,35,,12660,11,,,0,75,,12677,11,,,0,35,,12652,11,,,0,75,,12674,11,,,0,35,,12657,11,,,0,75,,12659,11,,,0,75,,12672,10,,,0
6200,'9493548d-afad-4b26-be65-c3aa23941f37',610,,12681,11,,,0,35,,12703,11,,,0,75,,12702,11,,,0,35,,12704,11,,,0,75,,12696,11,,,0,75,,12707,11,,,0,35,,12701,11,,,0,75,,12690,11,,,0,35,,12699,11,,,0,75,,12691,11,,,0,75,,12705,11,,,0,35,,12684,11,,,0,75,,12689,11,,,0,35,,12685,11,,,0,80,,12709,11,,,0,75,,12708,11,,,0,40,,12693,11,,,0,80,,12700,11,,,0,80,,12687,11,,,0,40,,12694,11,,,0,80,,12692,11,,,0,80,,12706,11,,,0,35,,12695,11,,,0,75,,12697,11,,,0,35,,12686,11,,,0,75,,12698,11,,,0,35,,12683,11,,,0,75,,12688,11,,,0,75,,12682,10,,,0
6200,'9577949b-c1b9-4893-a4cc-d601db41a1fc',610,,12714,11,,,0,35,,12722,11,,,0,75,,12711,11,,,0,35,,12720,11,,,0,75,,12723,11,,,0,75,,12725,11,,,0,35,,12718,11,,,0,75,,12719,11,,,0,35,,12731,11,,,0,75,,12712,11,,,0,75,,12732,11,,,0,35,,12730,11,,,0,75,,12729,11,,,0,35,,12721,11,,,0,80,,12726,11,,,0,75,,12738,11,,,0,40,,12728,11,,,0,80,,12717,11,,,0,80,,12736,11,,,0,40,,12713,11,,,0,80,,12737,11,,,0,80,,12716,11,,,0,35,,12735,11,,,0,75,,12734,11,,,0,35,,12727,11,,,0,75,,12733,11,,,0,35,,12710,11,,,0,75,,12715,11,,,0,75,,12724,10,,,0
6200,'991a1488-6339-4798-a1ff-4cc199131854',610,,12741,11,,,0,35,,12757,11,,,0,75,,12756,11,,,0,35,,12765,11,,,0,75,,12767,11,,,0,75,,12752,11,,,0,35,,12763,11,,,0,75,,12761,11,,,0,35,,12751,11,,,0,75,,12744,11,,,0,75,,12740,11,,,0,35,,12750,11,,,0,75,,12766,11,,,0,35,,12753,11,,,0,80,,12743,11,,,0,75,,12754,11,,,0,40,,12745,11,,,0,80,,12739,11,,,0,80,,12759,11,,,0,40,,12747,11,,,0,80,,12755,11,,,0,80,,12748,11,,,0,35,,12742,11,,,0,75,,12764,11,,,0,35,,12746,11,,,0,75,,12758,11,,,0,35,,12760,11,,,0,75,,12762,11,,,0,75,,12749,10,,,0
6200,'bec99aa0-a127-4e27-ae17-e4c7db42f9ba',1015,,12776,11,,,0,35,,12769,11,,,0,75,,12778,11,,,0,75,,12779,11,,,0,35,,12773,11,,,0,75,,12768,11,,,0,35,,12770,11,,,0,75,,12771,11,,,0,35,,12775,11,,,0,75,,12772,11,,,0,75,,12777,11,,,0,35,,12780,11,,,0,75,,12781,11,,,0,35,,12774,10,,,0
6500,'294e58fc-bc13-4a33-bb1d-a337996c2e9c',646,,13195,9,,,0,75,,13210,9,,,0,36,,13202,9,,,0,76,,13197,9,,,0,83,,13199,9,,,0,30,,13204,9,,,0,70,,13200,9,,,0,30,,13192,9,,,0,70,,13208,9,,,0,30,,13207,9,,,0,70,,13205,9,,,0,30,,13216,9,,,0,70,,13193,9,,,0,30,,13215,9,,,0,70,,13196,9,,,0,30,,13211,9,,,0,70,,13213,9,,,0,30,,13218,9,,,0,80,,13219,9,,,0,80,,13206,9,,,0,40,,13217,9,,,0,70,,13203,9,,,0,30,,13194,9,,,0,70,,13209,9,,,0,30,,13214,9,,,0,70,,13201,9,,,0,30,,13198,9,,,0,70,,13212,9,,,0
6500,'8ab1f009-ab59-4a8c-9771-20e344a37dba',646,,13236,9,,,0,75,,13239,9,,,0,36,,13227,9,,,0,76,,13237,9,,,0,83,,13246,9,,,0,30,,13241,9,,,0,70,,13224,9,,,0,30,,13245,9,,,0,70,,13221,9,,,0,30,,13233,9,,,0,70,,13220,9,,,0,30,,13230,9,,,0,70,,13231,9,,,0,30,,13223,9,,,0,70,,13222,9,,,0,30,,13229,9,,,0,70,,13226,9,,,0,30,,13238,9,,,0,80,,13240,9,,,0,80,,13244,9,,,0,40,,13228,9,,,0,70,,13225,9,,,0,30,,13232,9,,,0,70,,13235,9,,,0,30,,13243,9,,,0,70,,13242,9,,,0,30,,13247,9,,,0,70,,13234,9,,,0
6500,'8e972226-8e68-4b6a-9fd3-2e7f449277f5',646,,13256,9,,,0,75,,13269,9,,,0,36,,13265,9,,,0,76,,13274,9,,,0,83,,13259,9,,,0,30,,13266,9,,,0,70,,13270,9,,,0,30,,13261,9,,,0,70,,13260,9,,,0,30,,13275,9,,,0,70,,13258,9,,,0,30,,13252,9,,,0,70,,13249,9,,,0,30,,13257,9,,,0,70,,13263,9,,,0,30,,13272,9,,,0,70,,13248,9,,,0,30,,13273,9,,,0,80,,13255,9,,,0,80,,13268,9,,,0,40,,13250,9,,,0,70,,13254,9,,,0,30,,13262,9,,,0,70,,13251,9,,,0,30,,13253,9,,,0,70,,13264,9,,,0,30,,13267,9,,,0,70,,13271,9,,,0
6500,'9493548d-afad-4b26-be65-c3aa23941f37',646,,13303,9,,,0,75,,13279,9,,,0,36,,13287,9,,,0,76,,13277,9,,,0,83,,13288,9,,,0,30,,13295,9,,,0,70,,13292,9,,,0,30,,13296,9,,,0,70,,13297,9,,,0,30,,13286,9,,,0,70,,13293,9,,,0,30,,13285,9,,,0,70,,13294,9,,,0,30,,13298,9,,,0,70,,13282,9,,,0,30,,13278,9,,,0,70,,13283,9,,,0,30,,13280,9,,,0,80,,13289,9,,,0,80,,13301,9,,,0,40,,13300,9,,,0,70,,13276,9,,,0,30,,13290,9,,,0,70,,13281,9,,,0,30,,13291,9,,,0,70,,13302,9,,,0,30,,13284,9,,,0,70,,13299,9,,,0
6500,'9577949b-c1b9-4893-a4cc-d601db41a1fc',646,,13328,9,,,0,75,,13322,9,,,0,36,,13310,9,,,0,76,,13313,9,,,0,83,,13321,9,,,0,30,,13317,9,,,0,70,,13314,9,,,0,30,,13308,9,,,0,70,,13320,9,,,0,30,,13312,9,,,0,70,,13306,9,,,0,30,,13315,9,,,0,70,,13318,9,,,0,30,,13325,9,,,0,70,,13329,9,,,0,30,,13323,9,,,0,70,,13324,9,,,0,30,,13311,9,,,0,80,,13330,9,,,0,80,,13331,9,,,0,40,,13304,9,,,0,70,,13326,9,,,0,30,,13309,9,,,0,70,,13319,9,,,0,30,,13305,9,,,0,70,,13307,9,,,0,30,,13316,9,,,0,70,,13327,9,,,0
6500,'991a1488-6339-4798-a1ff-4cc199131854',646,,13358,9,,,0,75,,13332,9,,,0,36,,13341,9,,,0,76,,13353,9,,,0,83,,13344,9,,,0,30,,13345,9,,,0,70,,13348,9,,,0,30,,13342,9,,,0,70,,13352,9,,,0,30,,13337,9,,,0,70,,13340,9,,,0,30,,13355,9,,,0,70,,13349,9,,,0,30,,13343,9,,,0,70,,13354,9,,,0,30,,13359,9,,,0,70,,13336,9,,,0,30,,13333,9,,,0,80,,13351,9,,,0,80,,13335,9,,,0,40,,13334,9,,,0,70,,13338,9,,,0,30,,13347,9,,,0,70,,13350,9,,,0,30,,13357,9,,,0,70,,13356,9,,,0,30,,13339,9,,,0,70,,13346,9,,,0
6500,'bec99aa0-a127-4e27-ae17-e4c7db42f9ba',1016,,13371,9,,,0,30,,13374,9,,,0,70,,13363,9,,,0,30,,13369,9,,,0,70,,13370,9,,,0,30,,13375,9,,,0,70,,13367,9,,,0,30,,13368,9,,,0,70,,13366,9,,,0,30,,13361,9,,,0,70,,13372,9,,,0,30,,13360,9,,,0,70,,13365,9,,,0,30,,13362,9,,,0,70,,13364,9,,,0,30,,13373,9,,,0
