8100,'20e11cfa-d6a6-46ec-932e-c3530533c309',2138,,6414,55,,,0
8100,'29539182-f080-4698-b528-b5cea7c0f7e4',2138,,6415,55,,,0
8100,'4ff90fe8-7b85-4537-858e-36c817b2ba06',1818,,6417,277,,,0
8100,'53316f13-7e2a-415d-a780-d65e8f9fc920',2138,,6424,55,,,0
8100,'9712db0e-9c6e-4aef-9821-7ba79476301c',2138,,6437,55,,,0
8100,'aa100e8f-694c-4b5d-8041-b019347d5019',2138,,6438,55,,,0
8100,'e6a8ef7e-0cfa-4bac-b2c4-68d071108359',2138,,6439,55,,,0
8200,'4ff90fe8-7b85-4537-858e-36c817b2ba06',1252,,6440,201,,,0
8200,'53316f13-7e2a-415d-a780-d65e8f9fc920',952,,6441,201,,,0,400,,6442,201,,,0
8500,'20e11cfa-d6a6-46ec-932e-c3530533c309',722,,6443,98,,,0,100,,6455,98,,,0,100,,6457,98,,,0,100,,6458,98,,,0,100,,6444,98,,,0,100,,6453,98,,,0,100,,6456,98,,,0,100,,6454,98,,,0,100,,6451,98,,,0,100,,6447,98,,,0,100,,6449,98,,,0,100,,6452,98,,,0,100,,6448,98,,,0,100,,6445,98,,,0,100,,6450,98,,,0
8500,'29539182-f080-4698-b528-b5cea7c0f7e4',722,,6470,98,,,0,100,,6474,98,,,0,100,,6466,98,,,0,100,,6473,98,,,0,100,,6472,98,,,0,100,,6467,98,,,0,100,,6471,98,,,0,100,,6460,98,,,0,100,,6459,98,,,0,100,,6468,98,,,0,100,,6461,98,,,0,100,,6462,98,,,0,100,,6469,98,,,0,100,,6465,98,,,0,100,,6463,98,,,0
8500,'9712db0e-9c6e-4aef-9821-7ba79476301c',722,,6489,98,,,0,100,,6484,98,,,0,100,,6485,98,,,0,100,,6482,98,,,0,100,,6490,98,,,0,100,,6488,98,,,0,100,,6486,98,,,0,100,,6475,98,,,0,100,,6480,98,,,0,100,,6476,98,,,0,100,,6487,98,,,0,100,,6483,98,,,0,100,,6477,98,,,0,100,,6478,98,,,0,100,,6481,98,,,0
8500,'aa100e8f-694c-4b5d-8041-b019347d5019',722,,6503,98,,,0,100,,6504,98,,,0,100,,6492,98,,,0,100,,6491,98,,,0,100,,6498,98,,,0,100,,6497,98,,,0,100,,6494,98,,,0,100,,6493,98,,,0,100,,6502,98,,,0,100,,6505,98,,,0,100,,6506,98,,,0,100,,6500,98,,,0,100,,6499,98,,,0,100,,6501,98,,,0,100,,6495,98,,,0
8500,'e6a8ef7e-0cfa-4bac-b2c4-68d071108359',722,,6522,98,,,0,100,,6517,98,,,0,100,,6514,98,,,0,100,,6518,98,,,0,100,,6519,98,,,0,100,,6512,98,,,0,100,,6511,98,,,0,100,,6516,98,,,0,100,,6508,98,,,0,100,,6510,98,,,0,100,,6520,98,,,0,100,,6509,98,,,0,100,,6507,98,,,0,100,,6521,98,,,0,100,,6515,98,,,0
