8100,'3cbacc5c-479f-4e46-92a9-193ce5972e98',2221,,17230,222,,,0
8100,'5d8e1f33-b15a-4d6c-bc08-744b1977a096',2221,,17231,222,,,0
8100,'603637be-3b89-4de4-a225-ae420419f9d6',1046,,17232,107,,,0,75,,17232,255,,,0,25,,17234,107,,,0,75,,17234,255,,,0,125,,17236,107,,,0,75,,17236,255,,,0,25,,17235,107,,,0,75,,17235,255,,,0,25,,17238,107,,,0,75,,17238,255,,,0,25,,17233,107,,,0,75,,17233,255,,,0,25,,17237,108,,,0,67,,17237,239,,,0
8100,'7c54d383-1c64-4a24-b06c-a04764f3562f',2221,,17239,222,,,0
8100,'8406d080-6e75-4486-a00b-1c9c8d02b55f',2221,,17240,222,,,0
8100,'d66d6429-e89f-4376-937c-b6bd14f92a3b',2221,,17241,222,,,0
8100,'d696856f-d252-4a8b-bd9f-2960bd70f042',646,,17254,107,,,0,75,,17254,255,,,0,25,,17242,107,,,0,75,,17242,255,,,0,25,,17250,107,,,0,75,,17250,255,,,0,125,,17243,107,,,0,75,,17243,255,,,0,25,,17253,107,,,0,75,,17253,255,,,0,25,,17255,107,,,0,75,,17255,255,,,0,125,,17252,107,,,0,75,,17252,255,,,0,25,,17244,107,,,0,75,,17244,255,,,0,25,,17245,107,,,0,75,,17245,255,,,0,25,,17251,107,,,0,75,,17251,255,,,0,25,,17246,107,,,0,75,,17246,255,,,0,25,,17249,107,,,0,75,,17249,255,,,0,25,,17248,107,,,0,75,,17248,255,,,0,100,,17247,222,,,0
8200,'603637be-3b89-4de4-a225-ae420419f9d6',1246,,17256,118,,,0,75,,17256,332,,,0
8200,'d696856f-d252-4a8b-bd9f-2960bd70f042',946,,17257,118,,,0,75,,17257,332,,,0,325,,17258,118,,,0,75,,17258,332,,,0
8500,'3cbacc5c-479f-4e46-92a9-193ce5972e98',712,,17260,42,,,0,100,,17262,42,,,0,100,,17269,42,,,0,100,,17272,42,,,0,100,,17267,42,,,0,100,,17265,42,,,0,100,,17264,42,,,0,100,,17274,42,,,0,100,,17259,42,,,0,100,,17263,42,,,0,100,,17268,42,,,0,100,,17266,42,,,0,100,,17270,42,,,0,100,,17273,42,,,0,100,,17261,42,,,0
8500,'5d8e1f33-b15a-4d6c-bc08-744b1977a096',712,,17275,42,,,0,100,,17288,42,,,0,100,,17279,42,,,0,100,,17276,42,,,0,100,,17285,42,,,0,100,,17284,42,,,0,100,,17277,42,,,0,100,,17287,42,,,0,100,,17289,42,,,0,100,,17280,42,,,0,100,,17286,42,,,0,100,,17282,42,,,0,100,,17278,42,,,0,100,,17281,42,,,0,100,,17283,42,,,0
8500,'7c54d383-1c64-4a24-b06c-a04764f3562f',712,,17291,42,,,0,100,,17306,42,,,0,100,,17299,42,,,0,100,,17302,42,,,0,100,,17305,42,,,0,100,,17303,42,,,0,100,,17297,42,,,0,100,,17300,42,,,0,100,,17301,42,,,0,100,,17294,42,,,0,100,,17295,42,,,0,100,,17296,42,,,0,100,,17304,42,,,0,100,,17298,42,,,0,100,,17293,42,,,0
8500,'8406d080-6e75-4486-a00b-1c9c8d02b55f',712,,17321,42,,,0,100,,17322,42,,,0,100,,17319,42,,,0,100,,17309,42,,,0,100,,17308,42,,,0,100,,17312,42,,,0,100,,17307,42,,,0,100,,17314,42,,,0,100,,17310,42,,,0,100,,17315,42,,,0,100,,17311,42,,,0,100,,17317,42,,,0,100,,17316,42,,,0,100,,17313,42,,,0,100,,17320,42,,,0
8500,'d66d6429-e89f-4376-937c-b6bd14f92a3b',712,,17324,42,,,0,100,,17331,42,,,0,100,,17328,42,,,0,100,,17329,42,,,0,100,,17333,42,,,0,100,,17332,42,,,0,100,,17325,42,,,0,100,,17327,42,,,0,100,,17337,42,,,0,100,,17336,42,,,0,100,,17330,42,,,0,100,,17323,42,,,0,100,,17334,42,,,0,100,,17338,42,,,0,100,,17326,42,,,0
