8100,'3cbacc5c-479f-4e46-92a9-193ce5972e98',2153,,17230,169,,,0
8100,'5d8e1f33-b15a-4d6c-bc08-744b1977a096',2153,,17231,169,,,0
8100,'603637be-3b89-4de4-a225-ae420419f9d6',1103,,17232,200,,,0,100,,17234,200,,,0,200,,17236,200,,,0,100,,17235,200,,,0,100,,17238,200,,,0,100,,17233,200,,,0,100,,17237,184,,,0
8100,'7c54d383-1c64-4a24-b06c-a04764f3562f',2153,,17239,169,,,0
8100,'8406d080-6e75-4486-a00b-1c9c8d02b55f',2153,,17240,169,,,0
8100,'d66d6429-e89f-4376-937c-b6bd14f92a3b',2153,,17241,169,,,0
8100,'d696856f-d252-4a8b-bd9f-2960bd70f042',703,,17254,200,,,0,100,,17242,200,,,0,100,,17250,200,,,0,200,,17243,200,,,0,100,,17253,200,,,0,100,,17255,200,,,0,200,,17252,200,,,0,100,,17244,200,,,0,100,,17245,200,,,0,100,,17251,200,,,0,100,,17246,200,,,0,100,,17249,200,,,0,100,,17248,200,,,0,50,,17247,169,,,0
8500,'3cbacc5c-479f-4e46-92a9-193ce5972e98',656,,17271,112,,,0,100,,17260,219,,,0,100,,17262,219,,,0,100,,17269,219,,,0,100,,17272,219,,,0,100,,17267,219,,,0,100,,17265,219,,,0,100,,17264,219,,,0,100,,17274,219,,,0,100,,17259,219,,,0,100,,17263,219,,,0,100,,17268,219,,,0,100,,17266,219,,,0,100,,17270,219,,,0,100,,17273,219,,,0,100,,17261,219,,,0
8500,'5d8e1f33-b15a-4d6c-bc08-744b1977a096',656,,17290,112,,,0,100,,17275,219,,,0,100,,17288,219,,,0,100,,17279,219,,,0,100,,17276,219,,,0,100,,17285,219,,,0,100,,17284,219,,,0,100,,17277,219,,,0,100,,17287,219,,,0,100,,17289,219,,,0,100,,17280,219,,,0,100,,17286,219,,,0,100,,17282,219,,,0,100,,17278,219,,,0,100,,17281,219,,,0,100,,17283,219,,,0
8500,'7c54d383-1c64-4a24-b06c-a04764f3562f',656,,17292,112,,,0,100,,17291,219,,,0,100,,17306,219,,,0,100,,17299,219,,,0,100,,17302,219,,,0,100,,17305,219,,,0,100,,17303,219,,,0,100,,17297,219,,,0,100,,17300,219,,,0,100,,17301,219,,,0,100,,17294,219,,,0,100,,17295,219,,,0,100,,17296,219,,,0,100,,17304,219,,,0,100,,17298,219,,,0,100,,17293,219,,,0
8500,'8406d080-6e75-4486-a00b-1c9c8d02b55f',656,,17318,112,,,0,100,,17321,219,,,0,100,,17322,219,,,0,100,,17319,219,,,0,100,,17309,219,,,0,100,,17308,219,,,0,100,,17312,219,,,0,100,,17307,219,,,0,100,,17314,219,,,0,100,,17310,219,,,0,100,,17315,219,,,0,100,,17311,219,,,0,100,,17317,219,,,0,100,,17316,219,,,0,100,,17313,219,,,0,100,,17320,219,,,0
8500,'d66d6429-e89f-4376-937c-b6bd14f92a3b',656,,17335,112,,,0,100,,17324,219,,,0,100,,17331,219,,,0,100,,17328,219,,,0,100,,17329,219,,,0,100,,17333,219,,,0,100,,17332,219,,,0,100,,17325,219,,,0,100,,17327,219,,,0,100,,17337,219,,,0,100,,17336,219,,,0,100,,17330,219,,,0,100,,17323,219,,,0,100,,17334,219,,,0,100,,17338,219,,,0,100,,17326,219,,,0
8600,'3cbacc5c-479f-4e46-92a9-193ce5972e98',600,,17344,64,,,0,35,,17350,64,,,0,75,,17351,64,,,0,38,,17339,64,,,0,80,,17362,64,,,0,80,,17352,64,,,0,37,,17363,64,,,0,75,,17359,64,,,0,35,,17340,64,,,0,75,,17360,64,,,0,75,,17342,64,,,0,35,,17354,64,,,0,75,,17357,64,,,0,35,,17348,64,,,0,75,,17346,64,,,0,75,,17353,64,,,0,35,,17361,64,,,0,75,,17356,64,,,0,38,,17343,64,,,0,80,,17347,64,,,0,77,,17345,64,,,0,40,,17341,64,,,0,75,,17349,64,,,0,35,,17358,64,,,0,75,,17355,64,,,0,75,,17364,65,,,0
8600,'5d8e1f33-b15a-4d6c-bc08-744b1977a096',600,,17373,64,,,0,35,,17376,64,,,0,75,,17365,64,,,0,38,,17381,64,,,0,80,,17385,64,,,0,80,,17371,64,,,0,37,,17368,64,,,0,75,,17384,64,,,0,35,,17369,64,,,0,75,,17370,64,,,0,75,,17390,64,,,0,35,,17387,64,,,0,75,,17372,64,,,0,35,,17375,64,,,0,75,,17374,64,,,0,75,,17389,64,,,0,35,,17382,64,,,0,75,,17383,64,,,0,38,,17388,64,,,0,80,,17377,64,,,0,77,,17367,64,,,0,40,,17378,64,,,0,75,,17379,64,,,0,35,,17366,64,,,0,75,,17380,64,,,0,75,,17386,65,,,0
8600,'7c54d383-1c64-4a24-b06c-a04764f3562f',600,,17411,64,,,0,35,,17404,64,,,0,75,,17399,64,,,0,38,,17401,64,,,0,80,,17397,64,,,0,80,,17414,64,,,0,37,,17406,64,,,0,75,,17412,64,,,0,35,,17405,64,,,0,75,,17392,64,,,0,75,,17415,64,,,0,35,,17413,64,,,0,75,,17407,64,,,0,35,,17395,64,,,0,75,,17393,64,,,0,75,,17394,64,,,0,35,,17408,64,,,0,75,,17416,64,,,0,38,,17410,64,,,0,80,,17402,64,,,0,77,,17396,64,,,0,40,,17403,64,,,0,75,,17409,64,,,0,35,,17400,64,,,0,75,,17391,64,,,0,75,,17398,65,,,0
8600,'8406d080-6e75-4486-a00b-1c9c8d02b55f',600,,17433,64,,,0,35,,17429,64,,,0,75,,17430,64,,,0,38,,17438,64,,,0,80,,17434,64,,,0,80,,17439,64,,,0,37,,17442,64,,,0,75,,17428,64,,,0,35,,17432,64,,,0,75,,17417,64,,,0,75,,17424,64,,,0,35,,17419,64,,,0,75,,17421,64,,,0,35,,17437,64,,,0,75,,17436,64,,,0,75,,17427,64,,,0,35,,17422,64,,,0,75,,17418,64,,,0,38,,17426,64,,,0,80,,17423,64,,,0,77,,17425,64,,,0,40,,17440,64,,,0,75,,17441,64,,,0,35,,17431,64,,,0,75,,17420,64,,,0,75,,17435,65,,,0
8600,'d66d6429-e89f-4376-937c-b6bd14f92a3b',600,,17467,64,,,0,35,,17447,64,,,0,75,,17464,64,,,0,38,,17465,64,,,0,80,,17466,64,,,0,80,,17443,64,,,0,37,,17448,64,,,0,75,,17445,64,,,0,35,,17461,64,,,0,75,,17455,64,,,0,75,,17449,64,,,0,35,,17458,64,,,0,75,,17457,64,,,0,35,,17463,64,,,0,75,,17451,64,,,0,75,,17452,64,,,0,35,,17462,64,,,0,75,,17453,64,,,0,38,,17444,64,,,0,80,,17468,64,,,0,77,,17456,64,,,0,40,,17454,64,,,0,75,,17460,64,,,0,35,,17446,64,,,0,75,,17450,64,,,0,75,,17459,65,,,0
