8100,'294e58fc-bc13-4a33-bb1d-a337996c2e9c',2220,,13624,218,,,0
8100,'8ab1f009-ab59-4a8c-9771-20e344a37dba',646,,13634,103,,,0,74,,13634,252,,,0,26,,13625,103,,,0,74,,13625,252,,,0,26,,13631,103,,,0,74,,13631,252,,,0,126,,13632,103,,,0,74,,13632,252,,,0,26,,13633,103,,,0,74,,13633,252,,,0,26,,13626,103,,,0,74,,13626,252,,,0,126,,13627,103,,,0,74,,13627,252,,,0,26,,13638,103,,,0,74,,13638,252,,,0,26,,13630,103,,,0,74,,13630,252,,,0,26,,13629,103,,,0,74,,13629,252,,,0,26,,13635,103,,,0,74,,13635,252,,,0,26,,13637,103,,,0,74,,13637,252,,,0,26,,13628,103,,,0,74,,13628,252,,,0,100,,13636,218,,,0
8100,'8e972226-8e68-4b6a-9fd3-2e7f449277f5',2220,,13639,218,,,0
8100,'9493548d-afad-4b26-be65-c3aa23941f37',2220,,13640,218,,,0
8100,'9577949b-c1b9-4893-a4cc-d601db41a1fc',2220,,13641,218,,,0
8100,'991a1488-6339-4798-a1ff-4cc199131854',2220,,13642,218,,,0
8100,'bec99aa0-a127-4e27-ae17-e4c7db42f9ba',1046,,13643,103,,,0,74,,13643,252,,,0,26,,13644,103,,,0,74,,13644,252,,,0,126,,13648,103,,,0,74,,13648,252,,,0,26,,13647,103,,,0,74,,13647,252,,,0,26,,13646,103,,,0,74,,13646,252,,,0,26,,13649,103,,,0,74,,13649,252,,,0,26,,13645,104,,,0,66,,13645,235,,,0
8200,'8ab1f009-ab59-4a8c-9771-20e344a37dba',946,,13650,112,,,0,74,,13650,327,,,0,326,,13651,112,,,0,74,,13651,327,,,0
8200,'bec99aa0-a127-4e27-ae17-e4c7db42f9ba',1246,,13652,112,,,0,74,,13652,327,,,0
8500,'294e58fc-bc13-4a33-bb1d-a337996c2e9c',712,,13653,37,,,0,100,,13668,37,,,0,100,,13666,37,,,0,100,,13654,37,,,0,100,,13655,37,,,0,100,,13657,37,,,0,100,,13659,37,,,0,100,,13667,37,,,0,100,,13661,37,,,0,100,,13664,37,,,0,100,,13663,37,,,0,100,,13658,37,,,0,100,,13656,37,,,0,100,,13660,37,,,0,100,,13665,37,,,0
8500,'8e972226-8e68-4b6a-9fd3-2e7f449277f5',712,,13675,37,,,0,100,,13680,37,,,0,100,,13683,37,,,0,100,,13671,37,,,0,100,,13670,37,,,0,100,,13673,37,,,0,100,,13679,37,,,0,100,,13677,37,,,0,100,,13669,37,,,0,100,,13672,37,,,0,100,,13684,37,,,0,100,,13674,37,,,0,100,,13676,37,,,0,100,,13682,37,,,0,100,,13678,37,,,0
8500,'9493548d-afad-4b26-be65-c3aa23941f37',712,,13691,37,,,0,100,,13688,37,,,0,100,,13695,37,,,0,100,,13686,37,,,0,100,,13689,37,,,0,100,,13694,37,,,0,100,,13690,37,,,0,100,,13693,37,,,0,100,,13692,37,,,0,100,,13700,37,,,0,100,,13685,37,,,0,100,,13696,37,,,0,100,,13699,37,,,0,100,,13687,37,,,0,100,,13698,37,,,0
8500,'9577949b-c1b9-4893-a4cc-d601db41a1fc',712,,13705,37,,,0,100,,13715,37,,,0,100,,13709,37,,,0,100,,13711,37,,,0,100,,13712,37,,,0,100,,13713,37,,,0,100,,13716,37,,,0,100,,13703,37,,,0,100,,13706,37,,,0,100,,13704,37,,,0,100,,13702,37,,,0,100,,13710,37,,,0,100,,13707,37,,,0,100,,13701,37,,,0,100,,13708,37,,,0
8500,'991a1488-6339-4798-a1ff-4cc199131854',712,,13718,37,,,0,100,,13717,37,,,0,100,,13722,37,,,0,100,,13723,37,,,0,100,,13728,37,,,0,100,,13725,37,,,0,100,,13724,37,,,0,100,,13726,37,,,0,100,,13727,37,,,0,100,,13720,37,,,0,100,,13732,37,,,0,100,,13730,37,,,0,100,,13719,37,,,0,100,,13721,37,,,0,100,,13729,37,,,0
