8100,'294e58fc-bc13-4a33-bb1d-a337996c2e9c',2132,,13624,21,,,0
8100,'8ab1f009-ab59-4a8c-9771-20e344a37dba',633,,13634,22,,,0,100,,13625,22,,,0,100,,13631,22,,,0,200,,13632,22,,,0,100,,13633,22,,,0,100,,13626,22,,,0,200,,13627,22,,,0,100,,13638,22,,,0,100,,13630,22,,,0,100,,13629,22,,,0,100,,13635,22,,,0,100,,13637,22,,,0,100,,13628,22,,,0,99,,13636,21,,,0
8100,'8e972226-8e68-4b6a-9fd3-2e7f449277f5',2132,,13639,21,,,0
8100,'9493548d-afad-4b26-be65-c3aa23941f37',2132,,13640,21,,,0
8100,'9577949b-c1b9-4893-a4cc-d601db41a1fc',2132,,13641,21,,,0
8100,'991a1488-6339-4798-a1ff-4cc199131854',2132,,13642,21,,,0
8100,'bec99aa0-a127-4e27-ae17-e4c7db42f9ba',1033,,13643,22,,,0,100,,13644,22,,,0,200,,13648,22,,,0,100,,13647,22,,,0,100,,13646,22,,,0,100,,13649,22,,,0,100,,13645,22,,,0
8200,'8ab1f009-ab59-4a8c-9771-20e344a37dba',933,,13650,23,,,0,400,,13651,23,,,0
8200,'bec99aa0-a127-4e27-ae17-e4c7db42f9ba',1233,,13652,23,,,0
8600,'294e58fc-bc13-4a33-bb1d-a337996c2e9c',548,,13757,20,,,0,75,,13754,20,,,0,35,,13739,20,,,0,75,,13742,20,,,0,80,,13748,20,,,0,40,,13751,20,,,0,80,,13755,20,,,0,75,,13745,20,,,0,35,,13749,20,,,0,75,,13744,20,,,0,35,,13741,20,,,0,75,,13750,20,,,0,75,,13746,20,,,0,35,,13752,20,,,0,75,,13735,20,,,0,35,,13740,20,,,0,75,,13734,20,,,0,35,,13733,20,,,0,75,,13756,20,,,0,80,,13736,20,,,0,40,,13737,20,,,0,80,,13758,20,,,0,75,,13738,20,,,0,35,,13747,20,,,0,75,,13743,20,,,0,35,,13753,21,,,0
8600,'8e972226-8e68-4b6a-9fd3-2e7f449277f5',548,,13779,20,,,0,75,,13783,20,,,0,35,,13773,20,,,0,75,,13767,20,,,0,80,,13762,20,,,0,40,,13782,20,,,0,80,,13774,20,,,0,75,,13764,20,,,0,35,,13778,20,,,0,75,,13775,20,,,0,35,,13771,20,,,0,75,,13776,20,,,0,75,,13772,20,,,0,35,,13768,20,,,0,75,,13761,20,,,0,35,,13763,20,,,0,75,,13781,20,,,0,35,,13760,20,,,0,75,,13766,20,,,0,80,,13777,20,,,0,40,,13784,20,,,0,80,,13769,20,,,0,75,,13759,20,,,0,35,,13770,20,,,0,75,,13780,20,,,0,35,,13765,21,,,0
8600,'9493548d-afad-4b26-be65-c3aa23941f37',548,,13804,20,,,0,75,,13801,20,,,0,35,,13798,20,,,0,75,,13799,20,,,0,80,,13800,20,,,0,40,,13789,20,,,0,80,,13790,20,,,0,75,,13797,20,,,0,35,,13792,20,,,0,75,,13795,20,,,0,35,,13786,20,,,0,75,,13785,20,,,0,75,,13794,20,,,0,35,,13802,20,,,0,75,,13805,20,,,0,35,,13793,20,,,0,75,,13788,20,,,0,35,,13803,20,,,0,75,,13806,20,,,0,80,,13791,20,,,0,40,,13808,20,,,0,80,,13807,20,,,0,75,,13796,20,,,0,35,,13809,20,,,0,75,,13810,20,,,0,35,,13787,21,,,0
8600,'9577949b-c1b9-4893-a4cc-d601db41a1fc',548,,13827,20,,,0,75,,13830,20,,,0,35,,13819,20,,,0,75,,13822,20,,,0,80,,13825,20,,,0,40,,13820,20,,,0,80,,13818,20,,,0,75,,13829,20,,,0,35,,13828,20,,,0,75,,13821,20,,,0,35,,13815,20,,,0,75,,13826,20,,,0,75,,13816,20,,,0,35,,13834,20,,,0,75,,13817,20,,,0,35,,13835,20,,,0,75,,13832,20,,,0,35,,13824,20,,,0,75,,13812,20,,,0,80,,13833,20,,,0,40,,13823,20,,,0,80,,13814,20,,,0,75,,13813,20,,,0,35,,13836,20,,,0,75,,13811,20,,,0,35,,13831,21,,,0
8600,'991a1488-6339-4798-a1ff-4cc199131854',548,,13862,20,,,0,75,,13854,20,,,0,35,,13846,20,,,0,75,,13845,20,,,0,80,,13861,20,,,0,40,,13855,20,,,0,80,,13848,20,,,0,75,,13860,20,,,0,35,,13856,20,,,0,75,,13843,20,,,0,35,,13840,20,,,0,75,,13852,20,,,0,75,,13850,20,,,0,35,,13841,20,,,0,75,,13859,20,,,0,35,,13838,20,,,0,75,,13847,20,,,0,35,,13844,20,,,0,75,,13849,20,,,0,80,,13837,20,,,0,40,,13857,20,,,0,80,,13851,20,,,0,75,,13839,20,,,0,35,,13853,20,,,0,75,,13842,20,,,0,35,,13858,21,,,0
9500,'294e58fc-bc13-4a33-bb1d-a337996c2e9c',631,,14252,19,,,0,70,,14258,19,,,0,35,,14246,19,,,0,75,,14253,19,,,0,35,,14260,19,,,0,75,,14262,19,,,0,35,,14243,19,,,0,75,,14249,19,,,0,75,,14266,19,,,0,35,,14255,19,,,0,75,,14259,19,,,0,35,,14247,19,,,0,75,,14251,19,,,0,75,,14269,19,,,0,35,,14244,19,,,0,75,,14261,19,,,0,35,,14248,19,,,0,90,,14250,19,,,0,80,,14245,19,,,0,40,,14263,19,,,0,80,,14256,19,,,0,70,,14265,19,,,0,30,,14268,19,,,0,70,,14264,19,,,0,30,,14267,19,,,0,70,,14254,19,,,0,30,,14257,19,,,0
9500,'8ab1f009-ab59-4a8c-9771-20e344a37dba',631,,14294,19,,,0,70,,14280,19,,,0,30,,14276,19,,,0,70,,14278,19,,,0,30,,14275,19,,,0,70,,14285,19,,,0,30,,14291,19,,,0,70,,14290,19,,,0,30,,14293,19,,,0,75,,14286,19,,,0,35,,14270,19,,,0,75,,14295,19,,,0,35,,14271,19,,,0,75,,14289,19,,,0,75,,14288,19,,,0,35,,14283,19,,,0,75,,14292,19,,,0,35,,14282,19,,,0,75,,14287,19,,,0,35,,14277,19,,,0,75,,14284,19,,,0,70,,14272,19,,,0,30,,14273,19,,,0,70,,14279,19,,,0,30,,14298,19,,,0,70,,14274,19,,,0,30,,14296,19,,,0,70,,14297,19,,,0,30,,14281,19,,,0
9500,'8e972226-8e68-4b6a-9fd3-2e7f449277f5',631,,14302,19,,,0,70,,14322,19,,,0,35,,14304,19,,,0,75,,14318,19,,,0,35,,14313,19,,,0,75,,14301,19,,,0,35,,14315,19,,,0,75,,14320,19,,,0,75,,14305,19,,,0,35,,14319,19,,,0,75,,14314,19,,,0,35,,14306,19,,,0,75,,14316,19,,,0,75,,14312,19,,,0,35,,14325,19,,,0,75,,14303,19,,,0,35,,14299,19,,,0,90,,14310,19,,,0,80,,14317,19,,,0,40,,14307,19,,,0,80,,14309,19,,,0,70,,14321,19,,,0,30,,14323,19,,,0,70,,14311,19,,,0,30,,14324,19,,,0,70,,14300,19,,,0,30,,14308,19,,,0
9500,'9493548d-afad-4b26-be65-c3aa23941f37',631,,14348,19,,,0,70,,14329,19,,,0,35,,14333,19,,,0,75,,14327,19,,,0,35,,14338,19,,,0,75,,14345,19,,,0,35,,14339,19,,,0,75,,14340,19,,,0,75,,14349,19,,,0,35,,14335,19,,,0,75,,14334,19,,,0,35,,14326,19,,,0,75,,14344,19,,,0,75,,14330,19,,,0,35,,14332,19,,,0,75,,14346,19,,,0,35,,14337,19,,,0,90,,14350,19,,,0,80,,14336,19,,,0,40,,14341,19,,,0,80,,14328,19,,,0,70,,14343,19,,,0,30,,14352,19,,,0,70,,14351,19,,,0,30,,14342,19,,,0,70,,14347,19,,,0,30,,14331,19,,,0
9500,'9577949b-c1b9-4893-a4cc-d601db41a1fc',631,,14372,19,,,0,70,,14353,19,,,0,35,,14378,19,,,0,75,,14375,19,,,0,35,,14376,19,,,0,75,,14357,19,,,0,35,,14354,19,,,0,75,,14377,19,,,0,75,,14356,19,,,0,35,,14359,19,,,0,75,,14379,19,,,0,35,,14364,19,,,0,75,,14365,19,,,0,75,,14370,19,,,0,35,,14360,19,,,0,75,,14362,19,,,0,35,,14358,19,,,0,90,,14363,19,,,0,80,,14371,19,,,0,40,,14366,19,,,0,80,,14367,19,,,0,70,,14369,19,,,0,30,,14361,19,,,0,70,,14355,19,,,0,30,,14368,19,,,0,70,,14374,19,,,0,30,,14373,19,,,0
9500,'991a1488-6339-4798-a1ff-4cc199131854',631,,14406,19,,,0,70,,14401,19,,,0,35,,14405,19,,,0,75,,14389,19,,,0,35,,14385,19,,,0,75,,14384,19,,,0,35,,14392,19,,,0,75,,14387,19,,,0,75,,14403,19,,,0,35,,14388,19,,,0,75,,14397,19,,,0,35,,14404,19,,,0,75,,14399,19,,,0,75,,14380,19,,,0,35,,14398,19,,,0,75,,14393,19,,,0,35,,14386,19,,,0,90,,14391,19,,,0,80,,14381,19,,,0,40,,14390,19,,,0,80,,14396,19,,,0,70,,14402,19,,,0,30,,14394,19,,,0,70,,14383,19,,,0,30,,14382,19,,,0,70,,14395,19,,,0,30,,14400,19,,,0
9500,'bec99aa0-a127-4e27-ae17-e4c7db42f9ba',931,,14414,19,,,0,70,,14416,19,,,0,30,,14410,19,,,0,70,,14418,19,,,0,30,,14413,19,,,0,70,,14419,19,,,0,35,,14415,19,,,0,75,,14409,19,,,0,35,,14417,19,,,0,75,,14422,19,,,0,35,,14407,19,,,0,75,,14411,19,,,0,75,,14408,19,,,0,35,,14420,19,,,0,75,,14421,19,,,0,35,,14412,19,,,0
