8100,'3cbacc5c-479f-4e46-92a9-193ce5972e98',2152,,17230,165,,,0
8100,'5d8e1f33-b15a-4d6c-bc08-744b1977a096',2152,,17231,165,,,0
8100,'603637be-3b89-4de4-a225-ae420419f9d6',1101,,17232,192,,,0,100,,17234,192,,,0,200,,17236,192,,,0,100,,17235,192,,,0,100,,17238,192,,,0,100,,17233,192,,,0,100,,17237,180,,,0
8100,'7c54d383-1c64-4a24-b06c-a04764f3562f',2152,,17239,165,,,0
8100,'8406d080-6e75-4486-a00b-1c9c8d02b55f',2152,,17240,165,,,0
8100,'d66d6429-e89f-4376-937c-b6bd14f92a3b',2152,,17241,165,,,0
8100,'d696856f-d252-4a8b-bd9f-2960bd70f042',701,,17254,192,,,0,100,,17242,192,,,0,100,,17250,192,,,0,200,,17243,192,,,0,100,,17253,192,,,0,100,,17255,192,,,0,200,,17252,192,,,0,100,,17244,192,,,0,100,,17245,192,,,0,100,,17251,192,,,0,100,,17246,192,,,0,100,,17249,192,,,0,100,,17248,192,,,0,51,,17247,165,,,0
8500,'3cbacc5c-479f-4e46-92a9-193ce5972e98',655,,17271,108,,,0,100,,17260,215,,,0,100,,17262,215,,,0,100,,17269,215,,,0,100,,17272,215,,,0,100,,17267,215,,,0,100,,17265,215,,,0,100,,17264,215,,,0,100,,17274,215,,,0,100,,17259,215,,,0,100,,17263,215,,,0,100,,17268,215,,,0,100,,17266,215,,,0,100,,17270,215,,,0,100,,17273,215,,,0,100,,17261,215,,,0
8500,'5d8e1f33-b15a-4d6c-bc08-744b1977a096',655,,17290,108,,,0,100,,17275,215,,,0,100,,17288,215,,,0,100,,17279,215,,,0,100,,17276,215,,,0,100,,17285,215,,,0,100,,17284,215,,,0,100,,17277,215,,,0,100,,17287,215,,,0,100,,17289,215,,,0,100,,17280,215,,,0,100,,17286,215,,,0,100,,17282,215,,,0,100,,17278,215,,,0,100,,17281,215,,,0,100,,17283,215,,,0
8500,'7c54d383-1c64-4a24-b06c-a04764f3562f',655,,17292,108,,,0,100,,17291,215,,,0,100,,17306,215,,,0,100,,17299,215,,,0,100,,17302,215,,,0,100,,17305,215,,,0,100,,17303,215,,,0,100,,17297,215,,,0,100,,17300,215,,,0,100,,17301,215,,,0,100,,17294,215,,,0,100,,17295,215,,,0,100,,17296,215,,,0,100,,17304,215,,,0,100,,17298,215,,,0,100,,17293,215,,,0
8500,'8406d080-6e75-4486-a00b-1c9c8d02b55f',655,,17318,108,,,0,100,,17321,215,,,0,100,,17322,215,,,0,100,,17319,215,,,0,100,,17309,215,,,0,100,,17308,215,,,0,100,,17312,215,,,0,100,,17307,215,,,0,100,,17314,215,,,0,100,,17310,215,,,0,100,,17315,215,,,0,100,,17311,215,,,0,100,,17317,215,,,0,100,,17316,215,,,0,100,,17313,215,,,0,100,,17320,215,,,0
8500,'d66d6429-e89f-4376-937c-b6bd14f92a3b',655,,17335,108,,,0,100,,17324,215,,,0,100,,17331,215,,,0,100,,17328,215,,,0,100,,17329,215,,,0,100,,17333,215,,,0,100,,17332,215,,,0,100,,17325,215,,,0,100,,17327,215,,,0,100,,17337,215,,,0,100,,17336,215,,,0,100,,17330,215,,,0,100,,17323,215,,,0,100,,17334,215,,,0,100,,17338,215,,,0,100,,17326,215,,,0
