6100,'20e11cfa-d6a6-46ec-932e-c3530533c309',551,,5173,112,,,0,75,,5140,112,,,0,75,,5144,112,,,0,16,,5145,112,,,0,21,,5150,112,,,0,62,,5161,112,,,0,20,,5151,112,,,0,20,,5171,112,,,0,60,,5158,112,,,0,18,,5137,112,,,0,21,,5152,112,,,0,80,,5154,112,,,0,40,,5166,112,,,0,80,,5168,112,,,0,80,,5139,112,,,0,40,,5163,112,,,0,60,,5177,112,,,0,25,,5141,112,,,0,60,,5176,112,,,0,22,,5162,112,,,0,20,,5153,112,,,0,65,,5148,112,,,0,21,,5142,112,,,0,25,,5165,112,,,0,60,,5159,112,,,0,25,,5147,112,,,0,60,,5155,112,,,0,24,,5167,112,,,0,20,,5156,112,,,0,65,,5143,112,,,0,20,,5178,112,,,0,20,,5157,112,,,0,60,,5174,112,,,0,16,,5170,112,,,0,20,,5138,112,,,0,55,,5160,112,,,0,35,,5146,112,,,0,80,,5175,112,,,0,30,,5172,112,,,0,75,,5164,112,,,0,35,,5169,112,,,0,73,,5149,112,,,0
6100,'29539182-f080-4698-b528-b5cea7c0f7e4',551,,5210,112,,,0,75,,5192,112,,,0,75,,5206,112,,,0,16,,5191,112,,,0,21,,5201,112,,,0,62,,5181,112,,,0,20,,5182,112,,,0,20,,5202,112,,,0,60,,5187,112,,,0,18,,5217,112,,,0,21,,5211,112,,,0,80,,5179,112,,,0,40,,5199,112,,,0,80,,5188,112,,,0,80,,5200,112,,,0,40,,5204,112,,,0,60,,5213,112,,,0,25,,5184,112,,,0,60,,5189,112,,,0,22,,5186,112,,,0,20,,5198,112,,,0,65,,5185,112,,,0,21,,5219,112,,,0,25,,5218,112,,,0,60,,5209,112,,,0,25,,5207,112,,,0,60,,5203,112,,,0,24,,5220,112,,,0,20,,5196,112,,,0,65,,5197,112,,,0,20,,5180,112,,,0,20,,5215,112,,,0,60,,5212,112,,,0,16,,5208,112,,,0,20,,5194,112,,,0,55,,5214,112,,,0,35,,5195,112,,,0,80,,5193,112,,,0,30,,5205,112,,,0,75,,5190,112,,,0,35,,5216,112,,,0,73,,5183,112,,,0
6100,'4ff90fe8-7b85-4537-858e-36c817b2ba06',945,,5230,112,,,0,83,,5226,112,,,0,80,,5224,112,,,0,40,,5229,112,,,0,80,,5223,112,,,0,80,,5221,112,,,0,40,,5231,112,,,0,80,,5222,112,,,0,80,,5225,112,,,0,40,,5232,112,,,0,80,,5233,112,,,0,80,,5228,112,,,0,39,,5227,115,,,0
6100,'53316f13-7e2a-415d-a780-d65e8f9fc920',627,,5247,112,,,0,91,,5238,112,,,0,40,,5235,112,,,0,80,,5251,112,,,0,80,,5250,112,,,0,40,,5243,112,,,0,80,,5242,112,,,0,81,,5254,112,,,0,85,,5245,112,,,0,45,,5249,112,,,0,85,,5244,112,,,0,85,,5253,112,,,0,85,,5240,112,,,0,45,,5248,112,,,0,85,,5256,112,,,0,85,,5255,112,,,0,85,,5252,112,,,0,43,,5236,112,,,0,75,,5234,112,,,0,35,,5246,112,,,0,75,,5241,112,,,0,75,,5237,112,,,0,35,,5257,112,,,0,75,,5239,115,,,0
6100,'9712db0e-9c6e-4aef-9821-7ba79476301c',551,,5295,112,,,0,75,,5274,112,,,0,75,,5287,112,,,0,16,,5264,112,,,0,21,,5266,112,,,0,62,,5268,112,,,0,20,,5293,112,,,0,20,,5299,112,,,0,60,,5279,112,,,0,18,,5260,112,,,0,21,,5291,112,,,0,80,,5282,112,,,0,40,,5267,112,,,0,80,,5280,112,,,0,80,,5269,112,,,0,40,,5276,112,,,0,60,,5265,112,,,0,25,,5292,112,,,0,60,,5298,112,,,0,22,,5289,112,,,0,20,,5263,112,,,0,65,,5277,112,,,0,21,,5273,112,,,0,25,,5281,112,,,0,60,,5285,112,,,0,25,,5259,112,,,0,60,,5278,112,,,0,24,,5271,112,,,0,20,,5284,112,,,0,65,,5272,112,,,0,20,,5288,112,,,0,20,,5290,112,,,0,60,,5296,112,,,0,16,,5283,112,,,0,20,,5286,112,,,0,55,,5270,112,,,0,35,,5275,112,,,0,80,,5258,112,,,0,30,,5297,112,,,0,75,,5262,112,,,0,35,,5294,112,,,0,73,,5261,112,,,0
6100,'aa100e8f-694c-4b5d-8041-b019347d5019',551,,5335,112,,,0,75,,5306,112,,,0,75,,5326,112,,,0,16,,5337,112,,,0,21,,5315,112,,,0,62,,5300,112,,,0,20,,5307,112,,,0,20,,5303,112,,,0,60,,5332,112,,,0,18,,5321,112,,,0,21,,5320,112,,,0,80,,5339,112,,,0,40,,5302,112,,,0,80,,5341,112,,,0,80,,5329,112,,,0,40,,5311,112,,,0,60,,5319,112,,,0,25,,5333,112,,,0,60,,5325,112,,,0,22,,5324,112,,,0,20,,5340,112,,,0,65,,5310,112,,,0,21,,5317,112,,,0,25,,5304,112,,,0,60,,5328,112,,,0,25,,5331,112,,,0,60,,5308,112,,,0,24,,5314,112,,,0,20,,5336,112,,,0,65,,5301,112,,,0,20,,5313,112,,,0,20,,5327,112,,,0,60,,5316,112,,,0,16,,5312,112,,,0,20,,5318,112,,,0,55,,5330,112,,,0,35,,5334,112,,,0,80,,5322,112,,,0,30,,5338,112,,,0,75,,5323,112,,,0,35,,5309,112,,,0,73,,5305,112,,,0
6100,'e6a8ef7e-0cfa-4bac-b2c4-68d071108359',551,,5344,112,,,0,75,,5379,112,,,0,75,,5370,112,,,0,16,,5364,112,,,0,21,,5345,112,,,0,62,,5355,112,,,0,20,,5346,112,,,0,20,,5376,112,,,0,60,,5375,112,,,0,18,,5365,112,,,0,21,,5363,112,,,0,80,,5373,112,,,0,40,,5382,112,,,0,80,,5369,112,,,0,80,,5380,112,,,0,40,,5359,112,,,0,60,,5354,112,,,0,25,,5368,112,,,0,60,,5366,112,,,0,22,,5358,112,,,0,20,,5353,112,,,0,65,,5361,112,,,0,21,,5381,112,,,0,25,,5367,112,,,0,60,,5349,112,,,0,25,,5372,112,,,0,60,,5351,112,,,0,24,,5378,112,,,0,20,,5347,112,,,0,65,,5371,112,,,0,20,,5374,112,,,0,20,,5360,112,,,0,60,,5377,112,,,0,16,,5362,112,,,0,20,,5357,112,,,0,55,,5352,112,,,0,35,,5350,112,,,0,80,,5356,112,,,0,30,,5342,112,,,0,75,,5343,112,,,0,35,,5348,112,,,0,73,,5383,112,,,0
6600,'20e11cfa-d6a6-46ec-932e-c3530533c309',712,,6166,208,,,0,110,,6169,208,,,0,130,,6177,208,,,0,148,,6174,208,,,0,112,,6175,208,,,0,114,,6172,265,0,8,0,111,,6168,208,,,0,110,,6173,208,,,0,110,,6170,208,,,0,150,,6176,208,,,0,114,,6167,265,0,8,0,106,,6171,208,,,0
6600,'29539182-f080-4698-b528-b5cea7c0f7e4',712,,6182,208,,,0,110,,6179,208,,,0,130,,6181,208,,,0,148,,6183,208,,,0,112,,6185,208,,,0,114,,6180,265,0,8,0,111,,6189,208,,,0,110,,6184,208,,,0,110,,6188,208,,,0,150,,6186,208,,,0,114,,6187,265,0,8,0,106,,6178,208,,,0
6600,'4ff90fe8-7b85-4537-858e-36c817b2ba06',1112,,6192,208,,,0,200,,6190,208,,,0,200,,6191,208,,,0,200,,6193,208,,,0
6600,'53316f13-7e2a-415d-a780-d65e8f9fc920',712,,6197,208,,,0,100,,6196,208,,,0,800,,6194,208,,,0,100,,6195,208,,,0,100,,6198,208,,,0
6600,'9712db0e-9c6e-4aef-9821-7ba79476301c',712,,6200,208,,,0,110,,6204,208,,,0,130,,6206,208,,,0,148,,6209,208,,,0,112,,6201,208,,,0,114,,6203,265,0,8,0,111,,6205,208,,,0,110,,6199,208,,,0,110,,6208,208,,,0,150,,6210,208,,,0,114,,6202,265,0,8,0,106,,6207,208,,,0
6600,'aa100e8f-694c-4b5d-8041-b019347d5019',712,,6216,208,,,0,110,,6220,208,,,0,130,,6221,208,,,0,148,,6213,208,,,0,112,,6215,208,,,0,114,,6212,265,0,8,0,111,,6211,208,,,0,110,,6214,208,,,0,110,,6219,208,,,0,150,,6217,208,,,0,114,,6218,265,0,8,0,106,,6222,208,,,0
6600,'e6a8ef7e-0cfa-4bac-b2c4-68d071108359',712,,6232,208,,,0,110,,6226,208,,,0,130,,6224,208,,,0,148,,6234,208,,,0,112,,6233,208,,,0,114,,6228,265,0,8,0,111,,6231,208,,,0,110,,6225,208,,,0,110,,6229,208,,,0,150,,6223,208,,,0,114,,6230,265,0,8,0,106,,6227,208,,,0
