6000,'3cbacc5c-479f-4e46-92a9-193ce5972e98',635,,15791,61,,,0,75,,15792,61,,,0,35,,15803,61,,,0,80,,15807,61,,,0,80,,15796,61,,,0,40,,15802,61,,,0,80,,15804,61,,,0,80,,15798,61,,,0,40,,15790,61,,,0,80,,15793,61,,,0,80,,15788,61,,,0,40,,15784,61,,,0,80,,15789,61,,,0,80,,15786,61,,,0,40,,15799,61,,,0,80,,15800,61,,,0,80,,15794,61,,,0,40,,15805,61,,,0,80,,15797,61,,,0,80,,15783,61,,,0,35,,15787,61,,,0,75,,15782,61,,,0,35,,15806,61,,,0,75,,15795,61,,,0,75,,15801,61,,,0
6000,'5d8e1f33-b15a-4d6c-bc08-744b1977a096',635,,15815,61,,,0,75,,15819,61,,,0,35,,15810,61,,,0,80,,15824,61,,,0,80,,15829,61,,,0,40,,15833,61,,,0,80,,15818,61,,,0,80,,15826,61,,,0,40,,15827,61,,,0,80,,15817,61,,,0,80,,15828,61,,,0,40,,15832,61,,,0,80,,15812,61,,,0,80,,15809,61,,,0,40,,15825,61,,,0,80,,15823,61,,,0,80,,15821,61,,,0,40,,15808,61,,,0,80,,15822,61,,,0,80,,15820,61,,,0,35,,15816,61,,,0,75,,15813,61,,,0,35,,15814,61,,,0,75,,15830,61,,,0,75,,15811,61,,,0
6000,'603637be-3b89-4de4-a225-ae420419f9d6',930,,15843,61,,,0,75,,15848,61,,,0,35,,15846,61,,,0,75,,15836,61,,,0,35,,15835,61,,,0,75,,15839,61,,,0,75,,15841,61,,,0,35,,15847,61,,,0,75,,15838,61,,,0,35,,15834,61,,,0,75,,15844,61,,,0,35,,15842,61,,,0,75,,15845,61,,,0,75,,15840,61,,,0,35,,15837,61,,,0
6000,'7c54d383-1c64-4a24-b06c-a04764f3562f',635,,15865,61,,,0,75,,15850,61,,,0,35,,15863,61,,,0,80,,15857,61,,,0,80,,15851,61,,,0,40,,15867,61,,,0,80,,15853,61,,,0,80,,15856,61,,,0,40,,15870,61,,,0,80,,15860,61,,,0,80,,15861,61,,,0,40,,15852,61,,,0,80,,15869,61,,,0,80,,15874,61,,,0,40,,15859,61,,,0,80,,15873,61,,,0,80,,15866,61,,,0,40,,15854,61,,,0,80,,15849,61,,,0,80,,15871,61,,,0,35,,15862,61,,,0,75,,15868,61,,,0,35,,15855,61,,,0,75,,15872,61,,,0,75,,15864,61,,,0
6000,'8406d080-6e75-4486-a00b-1c9c8d02b55f',635,,15882,61,,,0,75,,15886,61,,,0,35,,15895,61,,,0,80,,15876,61,,,0,80,,15888,61,,,0,40,,15894,61,,,0,80,,15898,61,,,0,80,,15877,61,,,0,40,,15878,61,,,0,80,,15899,61,,,0,80,,15891,61,,,0,40,,15890,61,,,0,80,,15893,61,,,0,80,,15900,61,,,0,40,,15896,61,,,0,80,,15887,61,,,0,80,,15885,61,,,0,40,,15883,61,,,0,80,,15892,61,,,0,80,,15884,61,,,0,35,,15880,61,,,0,75,,15889,61,,,0,35,,15881,61,,,0,75,,15879,61,,,0,75,,15875,61,,,0
6000,'d66d6429-e89f-4376-937c-b6bd14f92a3b',635,,15912,61,,,0,75,,15923,61,,,0,35,,15918,61,,,0,80,,15906,61,,,0,80,,15904,61,,,0,40,,15919,61,,,0,80,,15908,61,,,0,80,,15907,61,,,0,40,,15902,61,,,0,80,,15916,61,,,0,80,,15909,61,,,0,40,,15921,61,,,0,80,,15917,61,,,0,80,,15903,61,,,0,40,,15915,61,,,0,80,,15920,61,,,0,80,,15925,61,,,0,40,,15901,61,,,0,80,,15926,61,,,0,80,,15914,61,,,0,35,,15913,61,,,0,75,,15910,61,,,0,35,,15924,61,,,0,75,,15922,61,,,0,75,,15905,61,,,0
6000,'d696856f-d252-4a8b-bd9f-2960bd70f042',635,,15934,61,,,0,75,,15945,61,,,0,35,,15950,61,,,0,80,,15951,61,,,0,80,,15929,61,,,0,40,,15949,61,,,0,80,,15940,61,,,0,80,,15928,61,,,0,40,,15936,61,,,0,80,,15952,61,,,0,80,,15933,61,,,0,40,,15948,61,,,0,80,,15937,61,,,0,80,,15946,61,,,0,40,,15941,61,,,0,80,,15935,61,,,0,80,,15942,61,,,0,40,,15939,61,,,0,80,,15931,61,,,0,80,,15943,61,,,0,35,,15947,61,,,0,75,,15944,61,,,0,35,,15927,61,,,0,75,,15932,61,,,0,75,,15930,61,,,0
6700,'3cbacc5c-479f-4e46-92a9-193ce5972e98',652,,17060,86,,,0,70,,17058,86,,,0,35,,17057,86,,,0,75,,17059,86,,,0,72,,17056,86,,,0,30,,17065,86,,,0,100,,17051,86,,,0,521,,17053,86,,,0,75,,17052,86,,,0,75,,17062,86,,,0,35,,17064,86,,,0,72,,17054,86,,,0,100,,17063,86,,,0,100,,17061,86,,,0
6700,'5d8e1f33-b15a-4d6c-bc08-744b1977a096',652,,17070,86,,,0,70,,17066,86,,,0,35,,17073,86,,,0,75,,17077,86,,,0,72,,17068,86,,,0,30,,17076,86,,,0,100,,17074,86,,,0,521,,17080,86,,,0,75,,17075,86,,,0,75,,17079,86,,,0,35,,17072,86,,,0,72,,17067,86,,,0,100,,17071,86,,,0,100,,17078,86,,,0
6700,'603637be-3b89-4de4-a225-ae420419f9d6',950,,17083,86,,,0,200,,17085,86,,,0,200,,17082,86,,,0,200,,17081,86,,,0,200,,17084,86,,,0
6700,'7c54d383-1c64-4a24-b06c-a04764f3562f',652,,17088,86,,,0,70,,17097,86,,,0,35,,17099,86,,,0,75,,17087,86,,,0,72,,17096,86,,,0,30,,17090,86,,,0,100,,17100,86,,,0,521,,17086,86,,,0,75,,17092,86,,,0,75,,17091,86,,,0,35,,17098,86,,,0,72,,17095,86,,,0,100,,17089,86,,,0,100,,17094,86,,,0
6700,'8406d080-6e75-4486-a00b-1c9c8d02b55f',652,,17113,86,,,0,70,,17101,86,,,0,35,,17102,86,,,0,75,,17104,86,,,0,72,,17106,86,,,0,30,,17112,86,,,0,100,,17115,86,,,0,521,,17111,86,,,0,75,,17103,86,,,0,75,,17114,86,,,0,35,,17105,86,,,0,72,,17110,86,,,0,100,,17107,86,,,0,100,,17108,86,,,0
6700,'d66d6429-e89f-4376-937c-b6bd14f92a3b',652,,17121,86,,,0,70,,17117,86,,,0,35,,17116,86,,,0,75,,17118,86,,,0,72,,17122,86,,,0,30,,17123,86,,,0,100,,17129,86,,,0,521,,17120,86,,,0,75,,17127,86,,,0,75,,17128,86,,,0,35,,17119,86,,,0,72,,17124,86,,,0,100,,17125,86,,,0,100,,17126,86,,,0
6700,'d696856f-d252-4a8b-bd9f-2960bd70f042',650,,17133,86,,,0,100,,17135,86,,,0,100,,17134,86,,,0,100,,17140,86,,,0,100,,17132,86,,,0,500,,17136,86,,,0,100,,17139,86,,,0,100,,17131,86,,,0,100,,17137,86,,,0,100,,17138,86,,,0
