8100,'20e11cfa-d6a6-46ec-932e-c3530533c309',2155,,6414,174,,,0
8100,'29539182-f080-4698-b528-b5cea7c0f7e4',2155,,6415,174,,,0
8100,'4ff90fe8-7b85-4537-858e-36c817b2ba06',1105,,6418,206,,,0,100,,6420,206,,,0,200,,6416,206,,,0,100,,6421,206,,,0,100,,6422,206,,,0,100,,6419,206,,,0,100,,6417,189,,,0
8100,'53316f13-7e2a-415d-a780-d65e8f9fc920',705,,6431,206,,,0,100,,6425,206,,,0,100,,6435,206,,,0,200,,6433,206,,,0,100,,6434,206,,,0,100,,6423,206,,,0,200,,6428,206,,,0,100,,6430,206,,,0,100,,6436,206,,,0,100,,6429,206,,,0,100,,6427,206,,,0,100,,6432,206,,,0,100,,6426,206,,,0,50,,6424,174,,,0
8100,'9712db0e-9c6e-4aef-9821-7ba79476301c',2155,,6437,174,,,0
8100,'aa100e8f-694c-4b5d-8041-b019347d5019',2155,,6438,174,,,0
8100,'e6a8ef7e-0cfa-4bac-b2c4-68d071108359',2155,,6439,174,,,0
8500,'20e11cfa-d6a6-46ec-932e-c3530533c309',658,,6446,117,,,0,100,,6443,224,,,0,100,,6455,224,,,0,100,,6457,224,,,0,100,,6458,224,,,0,100,,6444,224,,,0,100,,6453,224,,,0,100,,6456,224,,,0,100,,6454,224,,,0,100,,6451,224,,,0,100,,6447,224,,,0,100,,6449,224,,,0,100,,6452,224,,,0,100,,6448,224,,,0,100,,6445,224,,,0,100,,6450,224,,,0
8500,'29539182-f080-4698-b528-b5cea7c0f7e4',658,,6464,117,,,0,100,,6470,224,,,0,100,,6474,224,,,0,100,,6466,224,,,0,100,,6473,224,,,0,100,,6472,224,,,0,100,,6467,224,,,0,100,,6471,224,,,0,100,,6460,224,,,0,100,,6459,224,,,0,100,,6468,224,,,0,100,,6461,224,,,0,100,,6462,224,,,0,100,,6469,224,,,0,100,,6465,224,,,0,100,,6463,224,,,0
8500,'9712db0e-9c6e-4aef-9821-7ba79476301c',658,,6479,117,,,0,100,,6489,224,,,0,100,,6484,224,,,0,100,,6485,224,,,0,100,,6482,224,,,0,100,,6490,224,,,0,100,,6488,224,,,0,100,,6486,224,,,0,100,,6475,224,,,0,100,,6480,224,,,0,100,,6476,224,,,0,100,,6487,224,,,0,100,,6483,224,,,0,100,,6477,224,,,0,100,,6478,224,,,0,100,,6481,224,,,0
8500,'aa100e8f-694c-4b5d-8041-b019347d5019',658,,6496,117,,,0,100,,6503,224,,,0,100,,6504,224,,,0,100,,6492,224,,,0,100,,6491,224,,,0,100,,6498,224,,,0,100,,6497,224,,,0,100,,6494,224,,,0,100,,6493,224,,,0,100,,6502,224,,,0,100,,6505,224,,,0,100,,6506,224,,,0,100,,6500,224,,,0,100,,6499,224,,,0,100,,6501,224,,,0,100,,6495,224,,,0
8500,'e6a8ef7e-0cfa-4bac-b2c4-68d071108359',658,,6513,117,,,0,100,,6522,224,,,0,100,,6517,224,,,0,100,,6514,224,,,0,100,,6518,224,,,0,100,,6519,224,,,0,100,,6512,224,,,0,100,,6511,224,,,0,100,,6516,224,,,0,100,,6508,224,,,0,100,,6510,224,,,0,100,,6520,224,,,0,100,,6509,224,,,0,100,,6507,224,,,0,100,,6521,224,,,0,100,,6515,224,,,0
