8100,'3cbacc5c-479f-4e46-92a9-193ce5972e98',2151,,17230,161,,,0
8100,'5d8e1f33-b15a-4d6c-bc08-744b1977a096',2151,,17231,161,,,0
8100,'603637be-3b89-4de4-a225-ae420419f9d6',1059,,17232,187,,,0,100,,17234,187,,,0,200,,17236,187,,,0,100,,17235,187,,,0,100,,17238,187,,,0,100,,17233,187,,,0,100,,17237,176,,,0
8100,'7c54d383-1c64-4a24-b06c-a04764f3562f',2151,,17239,161,,,0
8100,'8406d080-6e75-4486-a00b-1c9c8d02b55f',2151,,17240,161,,,0
8100,'d66d6429-e89f-4376-937c-b6bd14f92a3b',2151,,17241,161,,,0
8100,'d696856f-d252-4a8b-bd9f-2960bd70f042',659,,17254,187,,,0,100,,17242,187,,,0,100,,17250,187,,,0,200,,17243,187,,,0,100,,17253,187,,,0,100,,17255,187,,,0,200,,17252,187,,,0,100,,17244,187,,,0,100,,17245,187,,,0,100,,17251,187,,,0,100,,17246,187,,,0,100,,17249,187,,,0,100,,17248,187,,,0,92,,17247,161,,,0
8500,'3cbacc5c-479f-4e46-92a9-193ce5972e98',654,,17271,104,,,0,100,,17260,211,,,0,100,,17262,211,,,0,100,,17269,211,,,0,100,,17272,211,,,0,100,,17267,211,,,0,100,,17265,211,,,0,100,,17264,211,,,0,100,,17274,211,,,0,100,,17259,211,,,0,100,,17263,211,,,0,100,,17268,211,,,0,100,,17266,211,,,0,100,,17270,211,,,0,100,,17273,211,,,0,100,,17261,211,,,0
8500,'5d8e1f33-b15a-4d6c-bc08-744b1977a096',654,,17290,104,,,0,100,,17275,211,,,0,100,,17288,211,,,0,100,,17279,211,,,0,100,,17276,211,,,0,100,,17285,211,,,0,100,,17284,211,,,0,100,,17277,211,,,0,100,,17287,211,,,0,100,,17289,211,,,0,100,,17280,211,,,0,100,,17286,211,,,0,100,,17282,211,,,0,100,,17278,211,,,0,100,,17281,211,,,0,100,,17283,211,,,0
8500,'7c54d383-1c64-4a24-b06c-a04764f3562f',654,,17292,104,,,0,100,,17291,211,,,0,100,,17306,211,,,0,100,,17299,211,,,0,100,,17302,211,,,0,100,,17305,211,,,0,100,,17303,211,,,0,100,,17297,211,,,0,100,,17300,211,,,0,100,,17301,211,,,0,100,,17294,211,,,0,100,,17295,211,,,0,100,,17296,211,,,0,100,,17304,211,,,0,100,,17298,211,,,0,100,,17293,211,,,0
8500,'8406d080-6e75-4486-a00b-1c9c8d02b55f',654,,17318,104,,,0,100,,17321,211,,,0,100,,17322,211,,,0,100,,17319,211,,,0,100,,17309,211,,,0,100,,17308,211,,,0,100,,17312,211,,,0,100,,17307,211,,,0,100,,17314,211,,,0,100,,17310,211,,,0,100,,17315,211,,,0,100,,17311,211,,,0,100,,17317,211,,,0,100,,17316,211,,,0,100,,17313,211,,,0,100,,17320,211,,,0
8500,'d66d6429-e89f-4376-937c-b6bd14f92a3b',654,,17335,104,,,0,100,,17324,211,,,0,100,,17331,211,,,0,100,,17328,211,,,0,100,,17329,211,,,0,100,,17333,211,,,0,100,,17332,211,,,0,100,,17325,211,,,0,100,,17327,211,,,0,100,,17337,211,,,0,100,,17336,211,,,0,100,,17330,211,,,0,100,,17323,211,,,0,100,,17334,211,,,0,100,,17338,211,,,0,100,,17326,211,,,0
