8100,'20e11cfa-d6a6-46ec-932e-c3530533c309',2149,,6414,151,,,0
8100,'29539182-f080-4698-b528-b5cea7c0f7e4',2149,,6415,151,,,0
8100,'4ff90fe8-7b85-4537-858e-36c817b2ba06',1056,,6418,174,,,0,100,,6420,174,,,0,200,,6416,174,,,0,100,,6421,174,,,0,100,,6422,174,,,0,100,,6419,174,,,0,100,,6417,166,,,0
8100,'53316f13-7e2a-415d-a780-d65e8f9fc920',656,,6431,174,,,0,100,,6425,174,,,0,100,,6435,174,,,0,200,,6433,174,,,0,100,,6434,174,,,0,100,,6423,174,,,0,200,,6428,174,,,0,100,,6430,174,,,0,100,,6436,174,,,0,100,,6429,174,,,0,100,,6427,174,,,0,100,,6432,174,,,0,100,,6426,174,,,0,93,,6424,151,,,0
8100,'9712db0e-9c6e-4aef-9821-7ba79476301c',2149,,6437,151,,,0
8100,'aa100e8f-694c-4b5d-8041-b019347d5019',2149,,6438,151,,,0
8100,'e6a8ef7e-0cfa-4bac-b2c4-68d071108359',2149,,6439,151,,,0
8500,'20e11cfa-d6a6-46ec-932e-c3530533c309',652,,6446,95,,,0,100,,6443,202,,,0,100,,6455,202,,,0,100,,6457,202,,,0,100,,6458,202,,,0,100,,6444,202,,,0,100,,6453,202,,,0,100,,6456,202,,,0,100,,6454,202,,,0,100,,6451,202,,,0,100,,6447,202,,,0,100,,6449,202,,,0,100,,6452,202,,,0,100,,6448,202,,,0,100,,6445,202,,,0,100,,6450,202,,,0
8500,'29539182-f080-4698-b528-b5cea7c0f7e4',652,,6464,95,,,0,100,,6470,202,,,0,100,,6474,202,,,0,100,,6466,202,,,0,100,,6473,202,,,0,100,,6472,202,,,0,100,,6467,202,,,0,100,,6471,202,,,0,100,,6460,202,,,0,100,,6459,202,,,0,100,,6468,202,,,0,100,,6461,202,,,0,100,,6462,202,,,0,100,,6469,202,,,0,100,,6465,202,,,0,100,,6463,202,,,0
8500,'9712db0e-9c6e-4aef-9821-7ba79476301c',652,,6479,95,,,0,100,,6489,202,,,0,100,,6484,202,,,0,100,,6485,202,,,0,100,,6482,202,,,0,100,,6490,202,,,0,100,,6488,202,,,0,100,,6486,202,,,0,100,,6475,202,,,0,100,,6480,202,,,0,100,,6476,202,,,0,100,,6487,202,,,0,100,,6483,202,,,0,100,,6477,202,,,0,100,,6478,202,,,0,100,,6481,202,,,0
8500,'aa100e8f-694c-4b5d-8041-b019347d5019',652,,6496,95,,,0,100,,6503,202,,,0,100,,6504,202,,,0,100,,6492,202,,,0,100,,6491,202,,,0,100,,6498,202,,,0,100,,6497,202,,,0,100,,6494,202,,,0,100,,6493,202,,,0,100,,6502,202,,,0,100,,6505,202,,,0,100,,6506,202,,,0,100,,6500,202,,,0,100,,6499,202,,,0,100,,6501,202,,,0,100,,6495,202,,,0
8500,'e6a8ef7e-0cfa-4bac-b2c4-68d071108359',652,,6513,95,,,0,100,,6522,202,,,0,100,,6517,202,,,0,100,,6514,202,,,0,100,,6518,202,,,0,100,,6519,202,,,0,100,,6512,202,,,0,100,,6511,202,,,0,100,,6516,202,,,0,100,,6508,202,,,0,100,,6510,202,,,0,100,,6520,202,,,0,100,,6509,202,,,0,100,,6507,202,,,0,100,,6521,202,,,0,100,,6515,202,,,0
