1600,'3b7f0ccc-4b86-44f9-804c-3016d4439aa6',650,,7223,35,,,0,70,,7218,35,,,0,35,,7220,35,,,0,75,,7229,35,,,0,70,,7230,35,,,0,30,,7233,35,,,0,70,,7212,35,,,0,30,,7227,35,,,0,70,,7236,35,,,0,30,,7214,35,,,0,70,,7237,35,,,0,40,,7231,35,,,0,75,,7217,35,,,0,35,,7228,35,,,0,75,,7219,35,,,0,75,,7225,35,,,0,35,,7211,35,,,0,75,,7232,35,,,0,40,,7226,35,,,0,80,,7215,35,,,0,80,,7216,35,,,0,30,,7234,35,,,0,70,,7235,35,,,0,30,,7221,35,,,0,70,,7213,35,,,0,30,,7222,35,,,0,70,,7224,42,,,0
1600,'545fdaed-298a-4873-ae9e-185363247123',1025,,7242,35,,,0,75,,7244,35,,,0,35,,7243,35,,,0,75,,7247,35,,,0,35,,7239,35,,,0,75,,7245,35,,,0,35,,7238,35,,,0,75,,7246,35,,,0,75,,7241,35,,,0,35,,7250,35,,,0,75,,7248,35,,,0,35,,7240,35,,,0,75,,7249,42,,,0
1600,'72a07536-7ac5-462d-91fd-4adacd8d70a1',650,,7271,35,,,0,70,,7251,35,,,0,35,,7252,35,,,0,75,,7276,35,,,0,70,,7275,35,,,0,30,,7260,35,,,0,70,,7254,35,,,0,30,,7265,35,,,0,70,,7270,35,,,0,30,,7261,35,,,0,70,,7268,35,,,0,40,,7266,35,,,0,75,,7272,35,,,0,35,,7258,35,,,0,75,,7267,35,,,0,75,,7259,35,,,0,35,,7256,35,,,0,75,,7255,35,,,0,40,,7253,35,,,0,80,,7273,35,,,0,80,,7269,35,,,0,30,,7264,35,,,0,70,,7274,35,,,0,30,,7257,35,,,0,70,,7277,35,,,0,30,,7263,35,,,0,70,,7262,42,,,0
1600,'b5be936f-506a-42fd-8fe9-aa394bb7d40c',650,,7285,35,,,0,70,,7293,35,,,0,35,,7298,35,,,0,75,,7279,35,,,0,70,,7280,35,,,0,30,,7286,35,,,0,70,,7289,35,,,0,30,,7282,35,,,0,70,,7292,35,,,0,30,,7299,35,,,0,70,,7287,35,,,0,40,,7295,35,,,0,75,,7284,35,,,0,35,,7294,35,,,0,75,,7281,35,,,0,75,,7290,35,,,0,35,,7297,35,,,0,75,,7302,35,,,0,40,,7296,35,,,0,80,,7304,35,,,0,80,,7291,35,,,0,30,,7303,35,,,0,70,,7300,35,,,0,30,,7283,35,,,0,70,,7288,35,,,0,30,,7278,35,,,0,70,,7301,42,,,0
1600,'c0258e04-8c49-4a98-8bc9-d3680145007e',650,,7312,35,,,0,70,,7328,35,,,0,35,,7318,35,,,0,75,,7310,35,,,0,70,,7314,35,,,0,30,,7305,35,,,0,70,,7320,35,,,0,30,,7327,35,,,0,70,,7313,35,,,0,30,,7331,35,,,0,70,,7330,35,,,0,40,,7329,35,,,0,75,,7315,35,,,0,35,,7306,35,,,0,75,,7311,35,,,0,75,,7325,35,,,0,35,,7319,35,,,0,75,,7323,35,,,0,40,,7326,35,,,0,80,,7309,35,,,0,80,,7324,35,,,0,30,,7307,35,,,0,70,,7316,35,,,0,30,,7322,35,,,0,70,,7321,35,,,0,30,,7317,35,,,0,70,,7308,42,,,0
1600,'db4ab86b-f5f5-4d9a-8c75-2988ac0b1af4',1135,,7334,35,,,0,75,,7342,35,,,0,35,,7337,35,,,0,75,,7339,35,,,0,35,,7343,35,,,0,75,,7335,35,,,0,75,,7338,35,,,0,35,,7333,35,,,0,75,,7341,35,,,0,35,,7336,35,,,0,75,,7344,35,,,0,75,,7340,35,,,0,35,,7332,42,,,0
1600,'fbc81037-9cf3-4a4d-b4aa-43897a8ca294',650,,7352,35,,,0,70,,7351,35,,,0,35,,7357,35,,,0,75,,7349,35,,,0,70,,7359,35,,,0,30,,7367,35,,,0,70,,7371,35,,,0,30,,7365,35,,,0,70,,7347,35,,,0,30,,7358,35,,,0,70,,7356,35,,,0,40,,7353,35,,,0,75,,7350,35,,,0,35,,7364,35,,,0,75,,7362,35,,,0,75,,7369,35,,,0,35,,7366,35,,,0,75,,7345,35,,,0,40,,7348,35,,,0,80,,7360,35,,,0,80,,7368,35,,,0,30,,7361,35,,,0,70,,7346,35,,,0,30,,7363,35,,,0,70,,7354,35,,,0,30,,7355,35,,,0,70,,7370,42,,,0
6600,'3b7f0ccc-4b86-44f9-804c-3016d4439aa6',626,,9778,38,,,0,110,,9776,38,,,0,170,,9770,38,,,0,109,,9777,38,,,0,111,,9771,38,,,0,110,,9780,35,0,8,0,115,,9781,38,,,0,150,,9774,38,,,0,110,,9775,38,,,0,110,,9779,38,,,0,110,,9773,35,0,8,0,115,,9772,38,,,0
6600,'545fdaed-298a-4873-ae9e-185363247123',1035,,9785,38,,,0,200,,9782,38,,,0,200,,9784,38,,,0,200,,9783,38,,,0
6600,'72a07536-7ac5-462d-91fd-4adacd8d70a1',626,,9795,38,,,0,110,,9786,38,,,0,170,,9790,38,,,0,109,,9792,38,,,0,111,,9787,38,,,0,110,,9796,35,0,8,0,115,,9797,38,,,0,150,,9791,38,,,0,110,,9789,38,,,0,110,,9794,38,,,0,110,,9788,35,0,8,0,115,,9793,38,,,0
6600,'b5be936f-506a-42fd-8fe9-aa394bb7d40c',626,,9803,38,,,0,110,,9799,38,,,0,170,,9805,38,,,0,109,,9804,38,,,0,111,,9809,38,,,0,110,,9800,35,0,8,0,115,,9801,38,,,0,150,,9802,38,,,0,110,,9807,38,,,0,110,,9798,38,,,0,110,,9806,35,0,8,0,115,,9808,38,,,0
6600,'c0258e04-8c49-4a98-8bc9-d3680145007e',626,,9814,38,,,0,110,,9813,38,,,0,170,,9818,38,,,0,109,,9810,38,,,0,111,,9821,38,,,0,110,,9820,35,0,8,0,115,,9816,38,,,0,150,,9811,38,,,0,110,,9815,38,,,0,110,,9817,38,,,0,110,,9812,35,0,8,0,115,,9819,38,,,0
6600,'db4ab86b-f5f5-4d9a-8c75-2988ac0b1af4',635,,9822,38,,,0,100,,9825,38,,,0,800,,9826,38,,,0,100,,9824,38,,,0,100,,9823,38,,,0
6600,'fbc81037-9cf3-4a4d-b4aa-43897a8ca294',626,,9835,38,,,0,110,,9832,38,,,0,170,,9834,38,,,0,109,,9830,38,,,0,111,,9838,38,,,0,110,,9828,35,0,8,0,115,,9829,38,,,0,150,,9836,38,,,0,110,,9827,38,,,0,110,,9831,38,,,0,110,,9833,35,0,8,0,115,,9837,38,,,0
