8100,'3cbacc5c-479f-4e46-92a9-193ce5972e98',2156,,17230,176,,,0
8100,'5d8e1f33-b15a-4d6c-bc08-744b1977a096',2156,,17231,176,,,0
8100,'603637be-3b89-4de4-a225-ae420419f9d6',1105,,17232,208,,,0,100,,17234,208,,,0,200,,17236,208,,,0,100,,17235,208,,,0,100,,17238,208,,,0,100,,17233,208,,,0,100,,17237,191,,,0
8100,'7c54d383-1c64-4a24-b06c-a04764f3562f',2156,,17239,176,,,0
8100,'8406d080-6e75-4486-a00b-1c9c8d02b55f',2156,,17240,176,,,0
8100,'d66d6429-e89f-4376-937c-b6bd14f92a3b',2156,,17241,176,,,0
8100,'d696856f-d252-4a8b-bd9f-2960bd70f042',705,,17254,208,,,0,100,,17242,208,,,0,100,,17250,208,,,0,200,,17243,208,,,0,100,,17253,208,,,0,100,,17255,208,,,0,200,,17252,208,,,0,100,,17244,208,,,0,100,,17245,208,,,0,100,,17251,208,,,0,100,,17246,208,,,0,100,,17249,208,,,0,100,,17248,208,,,0,51,,17247,176,,,0
8500,'3cbacc5c-479f-4e46-92a9-193ce5972e98',658,,17271,119,,,0,100,,17260,226,,,0,100,,17262,226,,,0,100,,17269,226,,,0,100,,17272,226,,,0,100,,17267,226,,,0,100,,17265,226,,,0,100,,17264,226,,,0,100,,17274,226,,,0,100,,17259,226,,,0,100,,17263,226,,,0,100,,17268,226,,,0,100,,17266,226,,,0,100,,17270,226,,,0,100,,17273,226,,,0,100,,17261,226,,,0
8500,'5d8e1f33-b15a-4d6c-bc08-744b1977a096',658,,17290,119,,,0,100,,17275,226,,,0,100,,17288,226,,,0,100,,17279,226,,,0,100,,17276,226,,,0,100,,17285,226,,,0,100,,17284,226,,,0,100,,17277,226,,,0,100,,17287,226,,,0,100,,17289,226,,,0,100,,17280,226,,,0,100,,17286,226,,,0,100,,17282,226,,,0,100,,17278,226,,,0,100,,17281,226,,,0,100,,17283,226,,,0
8500,'7c54d383-1c64-4a24-b06c-a04764f3562f',658,,17292,119,,,0,100,,17291,226,,,0,100,,17306,226,,,0,100,,17299,226,,,0,100,,17302,226,,,0,100,,17305,226,,,0,100,,17303,226,,,0,100,,17297,226,,,0,100,,17300,226,,,0,100,,17301,226,,,0,100,,17294,226,,,0,100,,17295,226,,,0,100,,17296,226,,,0,100,,17304,226,,,0,100,,17298,226,,,0,100,,17293,226,,,0
8500,'8406d080-6e75-4486-a00b-1c9c8d02b55f',658,,17318,119,,,0,100,,17321,226,,,0,100,,17322,226,,,0,100,,17319,226,,,0,100,,17309,226,,,0,100,,17308,226,,,0,100,,17312,226,,,0,100,,17307,226,,,0,100,,17314,226,,,0,100,,17310,226,,,0,100,,17315,226,,,0,100,,17311,226,,,0,100,,17317,226,,,0,100,,17316,226,,,0,100,,17313,226,,,0,100,,17320,226,,,0
8500,'d66d6429-e89f-4376-937c-b6bd14f92a3b',658,,17335,119,,,0,100,,17324,226,,,0,100,,17331,226,,,0,100,,17328,226,,,0,100,,17329,226,,,0,100,,17333,226,,,0,100,,17332,226,,,0,100,,17325,226,,,0,100,,17327,226,,,0,100,,17337,226,,,0,100,,17336,226,,,0,100,,17330,226,,,0,100,,17323,226,,,0,100,,17334,226,,,0,100,,17338,226,,,0,100,,17326,226,,,0
