6100,'20e11cfa-d6a6-46ec-932e-c3530533c309',549,,5173,110,,,0,75,,5140,110,,,0,35,,5144,110,,,0,56,,5145,110,,,0,21,,5150,110,,,0,22,,5161,110,,,0,60,,5151,110,,,0,20,,5171,110,,,0,20,,5158,110,,,0,58,,5137,110,,,0,21,,5152,110,,,0,80,,5154,110,,,0,40,,5166,110,,,0,80,,5168,110,,,0,80,,5139,110,,,0,40,,5163,110,,,0,60,,5177,110,,,0,25,,5141,110,,,0,60,,5176,110,,,0,22,,5162,110,,,0,20,,5153,110,,,0,65,,5148,110,,,0,21,,5142,110,,,0,25,,5165,110,,,0,60,,5159,110,,,0,25,,5147,110,,,0,60,,5155,110,,,0,24,,5167,110,,,0,20,,5156,110,,,0,65,,5143,110,,,0,20,,5178,110,,,0,20,,5157,110,,,0,60,,5174,110,,,0,16,,5170,110,,,0,20,,5138,110,,,0,55,,5160,110,,,0,35,,5146,110,,,0,80,,5175,110,,,0,30,,5172,110,,,0,75,,5164,110,,,0,35,,5169,110,,,0,73,,5149,110,,,0
6100,'29539182-f080-4698-b528-b5cea7c0f7e4',549,,5210,110,,,0,75,,5192,110,,,0,35,,5206,110,,,0,56,,5191,110,,,0,21,,5201,110,,,0,22,,5181,110,,,0,60,,5182,110,,,0,20,,5202,110,,,0,20,,5187,110,,,0,58,,5217,110,,,0,21,,5211,110,,,0,80,,5179,110,,,0,40,,5199,110,,,0,80,,5188,110,,,0,80,,5200,110,,,0,40,,5204,110,,,0,60,,5213,110,,,0,25,,5184,110,,,0,60,,5189,110,,,0,22,,5186,110,,,0,20,,5198,110,,,0,65,,5185,110,,,0,21,,5219,110,,,0,25,,5218,110,,,0,60,,5209,110,,,0,25,,5207,110,,,0,60,,5203,110,,,0,24,,5220,110,,,0,20,,5196,110,,,0,65,,5197,110,,,0,20,,5180,110,,,0,20,,5215,110,,,0,60,,5212,110,,,0,16,,5208,110,,,0,20,,5194,110,,,0,55,,5214,110,,,0,35,,5195,110,,,0,80,,5193,110,,,0,30,,5205,110,,,0,75,,5190,110,,,0,35,,5216,110,,,0,73,,5183,110,,,0
6100,'4ff90fe8-7b85-4537-858e-36c817b2ba06',943,,5230,110,,,0,83,,5226,110,,,0,80,,5224,110,,,0,40,,5229,110,,,0,80,,5223,110,,,0,80,,5221,110,,,0,40,,5231,110,,,0,80,,5222,110,,,0,80,,5225,110,,,0,40,,5232,110,,,0,80,,5233,110,,,0,80,,5228,110,,,0,39,,5227,113,,,0
6100,'53316f13-7e2a-415d-a780-d65e8f9fc920',625,,5247,110,,,0,91,,5238,110,,,0,40,,5235,110,,,0,80,,5251,110,,,0,80,,5250,110,,,0,40,,5243,110,,,0,80,,5242,110,,,0,80,,5254,110,,,0,85,,5245,110,,,0,45,,5249,110,,,0,85,,5244,110,,,0,85,,5253,110,,,0,85,,5240,110,,,0,45,,5248,110,,,0,85,,5256,110,,,0,85,,5255,110,,,0,85,,5252,110,,,0,44,,5236,110,,,0,75,,5234,110,,,0,35,,5246,110,,,0,75,,5241,110,,,0,75,,5237,110,,,0,35,,5257,110,,,0,75,,5239,113,,,0
6100,'9712db0e-9c6e-4aef-9821-7ba79476301c',549,,5295,110,,,0,75,,5274,110,,,0,35,,5287,110,,,0,56,,5264,110,,,0,21,,5266,110,,,0,22,,5268,110,,,0,60,,5293,110,,,0,20,,5299,110,,,0,20,,5279,110,,,0,58,,5260,110,,,0,21,,5291,110,,,0,80,,5282,110,,,0,40,,5267,110,,,0,80,,5280,110,,,0,80,,5269,110,,,0,40,,5276,110,,,0,60,,5265,110,,,0,25,,5292,110,,,0,60,,5298,110,,,0,22,,5289,110,,,0,20,,5263,110,,,0,65,,5277,110,,,0,21,,5273,110,,,0,25,,5281,110,,,0,60,,5285,110,,,0,25,,5259,110,,,0,60,,5278,110,,,0,24,,5271,110,,,0,20,,5284,110,,,0,65,,5272,110,,,0,20,,5288,110,,,0,20,,5290,110,,,0,60,,5296,110,,,0,16,,5283,110,,,0,20,,5286,110,,,0,55,,5270,110,,,0,35,,5275,110,,,0,80,,5258,110,,,0,30,,5297,110,,,0,75,,5262,110,,,0,35,,5294,110,,,0,73,,5261,110,,,0
6100,'aa100e8f-694c-4b5d-8041-b019347d5019',549,,5335,110,,,0,75,,5306,110,,,0,35,,5326,110,,,0,56,,5337,110,,,0,21,,5315,110,,,0,22,,5300,110,,,0,60,,5307,110,,,0,20,,5303,110,,,0,20,,5332,110,,,0,58,,5321,110,,,0,21,,5320,110,,,0,80,,5339,110,,,0,40,,5302,110,,,0,80,,5341,110,,,0,80,,5329,110,,,0,40,,5311,110,,,0,60,,5319,110,,,0,25,,5333,110,,,0,60,,5325,110,,,0,22,,5324,110,,,0,20,,5340,110,,,0,65,,5310,110,,,0,21,,5317,110,,,0,25,,5304,110,,,0,60,,5328,110,,,0,25,,5331,110,,,0,60,,5308,110,,,0,24,,5314,110,,,0,20,,5336,110,,,0,65,,5301,110,,,0,20,,5313,110,,,0,20,,5327,110,,,0,60,,5316,110,,,0,16,,5312,110,,,0,20,,5318,110,,,0,55,,5330,110,,,0,35,,5334,110,,,0,80,,5322,110,,,0,30,,5338,110,,,0,75,,5323,110,,,0,35,,5309,110,,,0,73,,5305,110,,,0
6100,'e6a8ef7e-0cfa-4bac-b2c4-68d071108359',549,,5344,110,,,0,75,,5379,110,,,0,35,,5370,110,,,0,56,,5364,110,,,0,21,,5345,110,,,0,22,,5355,110,,,0,60,,5346,110,,,0,20,,5376,110,,,0,20,,5375,110,,,0,58,,5365,110,,,0,21,,5363,110,,,0,80,,5373,110,,,0,40,,5382,110,,,0,80,,5369,110,,,0,80,,5380,110,,,0,40,,5359,110,,,0,60,,5354,110,,,0,25,,5368,110,,,0,60,,5366,110,,,0,22,,5358,110,,,0,20,,5353,110,,,0,65,,5361,110,,,0,21,,5381,110,,,0,25,,5367,110,,,0,60,,5349,110,,,0,25,,5372,110,,,0,60,,5351,110,,,0,24,,5378,110,,,0,20,,5347,110,,,0,65,,5371,110,,,0,20,,5374,110,,,0,20,,5360,110,,,0,60,,5377,110,,,0,16,,5362,110,,,0,20,,5357,110,,,0,55,,5352,110,,,0,35,,5350,110,,,0,80,,5356,110,,,0,30,,5342,110,,,0,75,,5343,110,,,0,35,,5348,110,,,0,73,,5383,110,,,0
6600,'20e11cfa-d6a6-46ec-932e-c3530533c309',711,,6166,205,,,0,110,,6169,205,,,0,130,,6177,205,,,0,108,,6174,205,,,0,152,,6175,205,,,0,113,,6172,262,0,8,0,112,,6168,205,,,0,110,,6173,205,,,0,110,,6170,205,,,0,150,,6176,205,,,0,113,,6167,262,0,8,0,107,,6171,205,,,0
6600,'29539182-f080-4698-b528-b5cea7c0f7e4',711,,6182,205,,,0,110,,6179,205,,,0,130,,6181,205,,,0,108,,6183,205,,,0,152,,6185,205,,,0,113,,6180,262,0,8,0,112,,6189,205,,,0,110,,6184,205,,,0,110,,6188,205,,,0,150,,6186,205,,,0,113,,6187,262,0,8,0,107,,6178,205,,,0
6600,'4ff90fe8-7b85-4537-858e-36c817b2ba06',1111,,6192,205,,,0,200,,6190,205,,,0,200,,6191,205,,,0,200,,6193,205,,,0
6600,'53316f13-7e2a-415d-a780-d65e8f9fc920',711,,6197,205,,,0,100,,6196,205,,,0,800,,6194,205,,,0,100,,6195,205,,,0,100,,6198,205,,,0
6600,'9712db0e-9c6e-4aef-9821-7ba79476301c',711,,6200,205,,,0,110,,6204,205,,,0,130,,6206,205,,,0,108,,6209,205,,,0,152,,6201,205,,,0,113,,6203,262,0,8,0,112,,6205,205,,,0,110,,6199,205,,,0,110,,6208,205,,,0,150,,6210,205,,,0,113,,6202,262,0,8,0,107,,6207,205,,,0
6600,'aa100e8f-694c-4b5d-8041-b019347d5019',711,,6216,205,,,0,110,,6220,205,,,0,130,,6221,205,,,0,108,,6213,205,,,0,152,,6215,205,,,0,113,,6212,262,0,8,0,112,,6211,205,,,0,110,,6214,205,,,0,110,,6219,205,,,0,150,,6217,205,,,0,113,,6218,262,0,8,0,107,,6222,205,,,0
6600,'e6a8ef7e-0cfa-4bac-b2c4-68d071108359',711,,6232,205,,,0,110,,6226,205,,,0,130,,6224,205,,,0,108,,6234,205,,,0,152,,6233,205,,,0,113,,6228,262,0,8,0,112,,6231,205,,,0,110,,6225,205,,,0,110,,6229,205,,,0,150,,6223,205,,,0,113,,6230,262,0,8,0,107,,6227,205,,,0
