8100,'294e58fc-bc13-4a33-bb1d-a337996c2e9c',2211,,13624,196,,,0
8100,'8ab1f009-ab59-4a8c-9771-20e344a37dba',713,,13634,234,,,0,100,,13625,234,,,0,100,,13631,234,,,0,200,,13632,234,,,0,100,,13633,234,,,0,100,,13626,234,,,0,200,,13627,234,,,0,100,,13638,234,,,0,100,,13630,234,,,0,100,,13629,234,,,0,100,,13635,234,,,0,100,,13637,234,,,0,100,,13628,234,,,0,98,,13636,196,,,0
8100,'8e972226-8e68-4b6a-9fd3-2e7f449277f5',2211,,13639,196,,,0
8100,'9493548d-afad-4b26-be65-c3aa23941f37',2211,,13640,196,,,0
8100,'9577949b-c1b9-4893-a4cc-d601db41a1fc',2211,,13641,196,,,0
8100,'991a1488-6339-4798-a1ff-4cc199131854',2211,,13642,196,,,0
8100,'bec99aa0-a127-4e27-ae17-e4c7db42f9ba',1113,,13643,234,,,0,100,,13644,234,,,0,200,,13648,234,,,0,100,,13647,234,,,0,100,,13646,234,,,0,100,,13649,234,,,0,96,,13645,214,,,0
8500,'294e58fc-bc13-4a33-bb1d-a337996c2e9c',706,,13662,142,,,0,100,,13653,249,,,0,100,,13668,249,,,0,100,,13666,249,,,0,100,,13654,249,,,0,100,,13655,249,,,0,100,,13657,249,,,0,100,,13659,249,,,0,100,,13667,249,,,0,100,,13661,249,,,0,100,,13664,249,,,0,100,,13663,249,,,0,100,,13658,249,,,0,100,,13656,249,,,0,100,,13660,249,,,0,100,,13665,249,,,0
8500,'8e972226-8e68-4b6a-9fd3-2e7f449277f5',706,,13681,142,,,0,100,,13675,249,,,0,100,,13680,249,,,0,100,,13683,249,,,0,100,,13671,249,,,0,100,,13670,249,,,0,100,,13673,249,,,0,100,,13679,249,,,0,100,,13677,249,,,0,100,,13669,249,,,0,100,,13672,249,,,0,100,,13684,249,,,0,100,,13674,249,,,0,100,,13676,249,,,0,100,,13682,249,,,0,100,,13678,249,,,0
8500,'9493548d-afad-4b26-be65-c3aa23941f37',706,,13697,142,,,0,100,,13691,249,,,0,100,,13688,249,,,0,100,,13695,249,,,0,100,,13686,249,,,0,100,,13689,249,,,0,100,,13694,249,,,0,100,,13690,249,,,0,100,,13693,249,,,0,100,,13692,249,,,0,100,,13700,249,,,0,100,,13685,249,,,0,100,,13696,249,,,0,100,,13699,249,,,0,100,,13687,249,,,0,100,,13698,249,,,0
8500,'9577949b-c1b9-4893-a4cc-d601db41a1fc',706,,13714,142,,,0,100,,13705,249,,,0,100,,13715,249,,,0,100,,13709,249,,,0,100,,13711,249,,,0,100,,13712,249,,,0,100,,13713,249,,,0,100,,13716,249,,,0,100,,13703,249,,,0,100,,13706,249,,,0,100,,13704,249,,,0,100,,13702,249,,,0,100,,13710,249,,,0,100,,13707,249,,,0,100,,13701,249,,,0,100,,13708,249,,,0
8500,'991a1488-6339-4798-a1ff-4cc199131854',706,,13731,142,,,0,100,,13718,249,,,0,100,,13717,249,,,0,100,,13722,249,,,0,100,,13723,249,,,0,100,,13728,249,,,0,100,,13725,249,,,0,100,,13724,249,,,0,100,,13726,249,,,0,100,,13727,249,,,0,100,,13720,249,,,0,100,,13732,249,,,0,100,,13730,249,,,0,100,,13719,249,,,0,100,,13721,249,,,0,100,,13729,249,,,0
