6100,'20e11cfa-d6a6-46ec-932e-c3530533c309',554,,5173,116,,,0,75,,5140,116,,,0,75,,5144,116,,,0,16,,5145,116,,,0,21,,5150,116,,,0,62,,5161,116,,,0,20,,5151,116,,,0,20,,5171,116,,,0,60,,5158,116,,,0,18,,5137,116,,,0,21,,5152,116,,,0,80,,5154,116,,,0,80,,5166,116,,,0,40,,5168,116,,,0,80,,5139,116,,,0,80,,5163,116,,,0,20,,5177,116,,,0,25,,5141,116,,,0,60,,5176,116,,,0,23,,5162,116,,,0,20,,5153,116,,,0,65,,5148,116,,,0,21,,5142,116,,,0,65,,5165,116,,,0,20,,5159,116,,,0,25,,5147,116,,,0,60,,5155,116,,,0,24,,5167,116,,,0,20,,5156,116,,,0,64,,5143,116,,,0,20,,5178,116,,,0,20,,5157,116,,,0,60,,5174,116,,,0,16,,5170,116,,,0,20,,5138,116,,,0,55,,5160,116,,,0,35,,5146,116,,,0,79,,5175,116,,,0,31,,5172,116,,,0,75,,5164,116,,,0,75,,5169,116,,,0,32,,5149,116,,,0
6100,'29539182-f080-4698-b528-b5cea7c0f7e4',554,,5210,116,,,0,75,,5192,116,,,0,75,,5206,116,,,0,16,,5191,116,,,0,21,,5201,116,,,0,62,,5181,116,,,0,20,,5182,116,,,0,20,,5202,116,,,0,60,,5187,116,,,0,18,,5217,116,,,0,21,,5211,116,,,0,80,,5179,116,,,0,80,,5199,116,,,0,40,,5188,116,,,0,80,,5200,116,,,0,80,,5204,116,,,0,20,,5213,116,,,0,25,,5184,116,,,0,60,,5189,116,,,0,23,,5186,116,,,0,20,,5198,116,,,0,65,,5185,116,,,0,21,,5219,116,,,0,65,,5218,116,,,0,20,,5209,116,,,0,25,,5207,116,,,0,60,,5203,116,,,0,24,,5220,116,,,0,20,,5196,116,,,0,64,,5197,116,,,0,20,,5180,116,,,0,20,,5215,116,,,0,60,,5212,116,,,0,16,,5208,116,,,0,20,,5194,116,,,0,55,,5214,116,,,0,35,,5195,116,,,0,79,,5193,116,,,0,31,,5205,116,,,0,75,,5190,116,,,0,75,,5216,116,,,0,32,,5183,116,,,0
6100,'4ff90fe8-7b85-4537-858e-36c817b2ba06',949,,5230,116,,,0,83,,5226,116,,,0,80,,5224,116,,,0,40,,5229,116,,,0,80,,5223,116,,,0,80,,5221,116,,,0,40,,5231,116,,,0,80,,5222,116,,,0,80,,5225,116,,,0,40,,5232,116,,,0,80,,5233,116,,,0,80,,5228,116,,,0,38,,5227,120,,,0
6100,'53316f13-7e2a-415d-a780-d65e8f9fc920',630,,5247,116,,,0,92,,5238,116,,,0,80,,5235,116,,,0,40,,5251,116,,,0,80,,5250,116,,,0,80,,5243,116,,,0,40,,5242,116,,,0,81,,5254,116,,,0,85,,5245,116,,,0,45,,5249,116,,,0,85,,5244,116,,,0,85,,5253,116,,,0,85,,5240,116,,,0,45,,5248,116,,,0,85,,5256,116,,,0,85,,5255,116,,,0,85,,5252,116,,,0,42,,5236,116,,,0,75,,5234,116,,,0,75,,5246,116,,,0,35,,5241,116,,,0,75,,5237,116,,,0,35,,5257,116,,,0,74,,5239,120,,,0
6100,'9712db0e-9c6e-4aef-9821-7ba79476301c',554,,5295,116,,,0,75,,5274,116,,,0,75,,5287,116,,,0,16,,5264,116,,,0,21,,5266,116,,,0,62,,5268,116,,,0,20,,5293,116,,,0,20,,5299,116,,,0,60,,5279,116,,,0,18,,5260,116,,,0,21,,5291,116,,,0,80,,5282,116,,,0,80,,5267,116,,,0,40,,5280,116,,,0,80,,5269,116,,,0,80,,5276,116,,,0,20,,5265,116,,,0,25,,5292,116,,,0,60,,5298,116,,,0,23,,5289,116,,,0,20,,5263,116,,,0,65,,5277,116,,,0,21,,5273,116,,,0,65,,5281,116,,,0,20,,5285,116,,,0,25,,5259,116,,,0,60,,5278,116,,,0,24,,5271,116,,,0,20,,5284,116,,,0,64,,5272,116,,,0,20,,5288,116,,,0,20,,5290,116,,,0,60,,5296,116,,,0,16,,5283,116,,,0,20,,5286,116,,,0,55,,5270,116,,,0,35,,5275,116,,,0,79,,5258,116,,,0,31,,5297,116,,,0,75,,5262,116,,,0,75,,5294,116,,,0,32,,5261,116,,,0
6100,'aa100e8f-694c-4b5d-8041-b019347d5019',554,,5335,116,,,0,75,,5306,116,,,0,75,,5326,116,,,0,16,,5337,116,,,0,21,,5315,116,,,0,62,,5300,116,,,0,20,,5307,116,,,0,20,,5303,116,,,0,60,,5332,116,,,0,18,,5321,116,,,0,21,,5320,116,,,0,80,,5339,116,,,0,80,,5302,116,,,0,40,,5341,116,,,0,80,,5329,116,,,0,80,,5311,116,,,0,20,,5319,116,,,0,25,,5333,116,,,0,60,,5325,116,,,0,23,,5324,116,,,0,20,,5340,116,,,0,65,,5310,116,,,0,21,,5317,116,,,0,65,,5304,116,,,0,20,,5328,116,,,0,25,,5331,116,,,0,60,,5308,116,,,0,24,,5314,116,,,0,20,,5336,116,,,0,64,,5301,116,,,0,20,,5313,116,,,0,20,,5327,116,,,0,60,,5316,116,,,0,16,,5312,116,,,0,20,,5318,116,,,0,55,,5330,116,,,0,35,,5334,116,,,0,79,,5322,116,,,0,31,,5338,116,,,0,75,,5323,116,,,0,75,,5309,116,,,0,32,,5305,116,,,0
6100,'e6a8ef7e-0cfa-4bac-b2c4-68d071108359',554,,5344,116,,,0,75,,5379,116,,,0,75,,5370,116,,,0,16,,5364,116,,,0,21,,5345,116,,,0,62,,5355,116,,,0,20,,5346,116,,,0,20,,5376,116,,,0,60,,5375,116,,,0,18,,5365,116,,,0,21,,5363,116,,,0,80,,5373,116,,,0,80,,5382,116,,,0,40,,5369,116,,,0,80,,5380,116,,,0,80,,5359,116,,,0,20,,5354,116,,,0,25,,5368,116,,,0,60,,5366,116,,,0,23,,5358,116,,,0,20,,5353,116,,,0,65,,5361,116,,,0,21,,5381,116,,,0,65,,5367,116,,,0,20,,5349,116,,,0,25,,5372,116,,,0,60,,5351,116,,,0,24,,5378,116,,,0,20,,5347,116,,,0,64,,5371,116,,,0,20,,5374,116,,,0,20,,5360,116,,,0,60,,5377,116,,,0,16,,5362,116,,,0,20,,5357,116,,,0,55,,5352,116,,,0,35,,5350,116,,,0,79,,5356,116,,,0,31,,5342,116,,,0,75,,5343,116,,,0,75,,5348,116,,,0,32,,5383,116,,,0
6600,'20e11cfa-d6a6-46ec-932e-c3530533c309',714,,6166,214,,,0,110,,6169,214,,,0,130,,6177,214,,,0,148,,6174,214,,,0,112,,6175,214,,,0,114,,6172,271,0,8,0,111,,6168,214,,,0,110,,6173,214,,,0,110,,6170,214,,,0,150,,6176,214,,,0,114,,6167,271,0,8,0,105,,6171,214,,,0
6600,'29539182-f080-4698-b528-b5cea7c0f7e4',714,,6182,214,,,0,110,,6179,214,,,0,130,,6181,214,,,0,148,,6183,214,,,0,112,,6185,214,,,0,114,,6180,271,0,8,0,111,,6189,214,,,0,110,,6184,214,,,0,110,,6188,214,,,0,150,,6186,214,,,0,114,,6187,271,0,8,0,105,,6178,214,,,0
6600,'4ff90fe8-7b85-4537-858e-36c817b2ba06',1114,,6192,214,,,0,200,,6190,214,,,0,200,,6191,214,,,0,200,,6193,214,,,0
6600,'53316f13-7e2a-415d-a780-d65e8f9fc920',714,,6197,214,,,0,100,,6196,214,,,0,800,,6194,214,,,0,100,,6195,214,,,0,100,,6198,214,,,0
6600,'9712db0e-9c6e-4aef-9821-7ba79476301c',714,,6200,214,,,0,110,,6204,214,,,0,130,,6206,214,,,0,148,,6209,214,,,0,112,,6201,214,,,0,114,,6203,271,0,8,0,111,,6205,214,,,0,110,,6199,214,,,0,110,,6208,214,,,0,150,,6210,214,,,0,114,,6202,271,0,8,0,105,,6207,214,,,0
6600,'aa100e8f-694c-4b5d-8041-b019347d5019',714,,6216,214,,,0,110,,6220,214,,,0,130,,6221,214,,,0,148,,6213,214,,,0,112,,6215,214,,,0,114,,6212,271,0,8,0,111,,6211,214,,,0,110,,6214,214,,,0,110,,6219,214,,,0,150,,6217,214,,,0,114,,6218,271,0,8,0,105,,6222,214,,,0
6600,'e6a8ef7e-0cfa-4bac-b2c4-68d071108359',714,,6232,214,,,0,110,,6226,214,,,0,130,,6224,214,,,0,148,,6234,214,,,0,112,,6233,214,,,0,114,,6228,271,0,8,0,111,,6231,214,,,0,110,,6225,214,,,0,110,,6229,214,,,0,150,,6223,214,,,0,114,,6230,271,0,8,0,105,,6227,214,,,0
