1600,'20e11cfa-d6a6-46ec-932e-c3530533c309',652,,3627,43,,,0,70,,3631,43,,,0,35,,3623,43,,,0,75,,3613,43,,,0,70,,3629,43,,,0,30,,3618,43,,,0,70,,3608,43,,,0,30,,3626,43,,,0,70,,3614,43,,,0,30,,3607,43,,,0,70,,3633,43,,,0,40,,3624,43,,,0,75,,3617,43,,,0,35,,3628,43,,,0,75,,3612,43,,,0,75,,3615,43,,,0,35,,3620,43,,,0,75,,3609,43,,,0,40,,3621,43,,,0,80,,3622,43,,,0,80,,3619,43,,,0,30,,3632,43,,,0,70,,3610,43,,,0,30,,3625,43,,,0,70,,3616,43,,,0,30,,3630,43,,,0,70,,3611,50,,,0
1600,'29539182-f080-4698-b528-b5cea7c0f7e4',652,,3637,43,,,0,70,,3647,43,,,0,35,,3634,43,,,0,75,,3644,43,,,0,70,,3645,43,,,0,30,,3655,43,,,0,70,,3641,43,,,0,30,,3643,43,,,0,70,,3654,43,,,0,30,,3651,43,,,0,70,,3660,43,,,0,40,,3650,43,,,0,75,,3642,43,,,0,35,,3658,43,,,0,75,,3648,43,,,0,75,,3638,43,,,0,35,,3636,43,,,0,75,,3646,43,,,0,40,,3657,43,,,0,80,,3656,43,,,0,80,,3652,43,,,0,30,,3640,43,,,0,70,,3635,43,,,0,30,,3653,43,,,0,70,,3639,43,,,0,30,,3659,43,,,0,70,,3649,50,,,0
1600,'4ff90fe8-7b85-4537-858e-36c817b2ba06',1027,,3664,43,,,0,75,,3672,43,,,0,35,,3665,43,,,0,75,,3671,43,,,0,35,,3662,43,,,0,75,,3669,43,,,0,35,,3673,43,,,0,75,,3670,43,,,0,75,,3666,43,,,0,35,,3663,43,,,0,75,,3661,43,,,0,35,,3668,43,,,0,75,,3667,50,,,0
1600,'53316f13-7e2a-415d-a780-d65e8f9fc920',1137,,3682,43,,,0,75,,3677,43,,,0,35,,3679,43,,,0,75,,3685,43,,,0,35,,3684,43,,,0,75,,3680,43,,,0,75,,3681,43,,,0,35,,3676,43,,,0,75,,3683,43,,,0,35,,3674,43,,,0,75,,3686,43,,,0,75,,3675,43,,,0,35,,3678,50,,,0
1600,'9712db0e-9c6e-4aef-9821-7ba79476301c',652,,3699,43,,,0,70,,3702,43,,,0,35,,3694,43,,,0,75,,3708,43,,,0,70,,3704,43,,,0,30,,3696,43,,,0,70,,3698,43,,,0,30,,3688,43,,,0,70,,3703,43,,,0,30,,3705,43,,,0,70,,3713,43,,,0,40,,3710,43,,,0,75,,3687,43,,,0,35,,3693,43,,,0,75,,3712,43,,,0,75,,3691,43,,,0,35,,3711,43,,,0,75,,3692,43,,,0,40,,3709,43,,,0,80,,3700,43,,,0,80,,3695,43,,,0,30,,3690,43,,,0,70,,3697,43,,,0,30,,3706,43,,,0,70,,3701,43,,,0,30,,3707,43,,,0,70,,3689,50,,,0
1600,'aa100e8f-694c-4b5d-8041-b019347d5019',652,,3729,43,,,0,70,,3737,43,,,0,35,,3716,43,,,0,75,,3733,43,,,0,70,,3728,43,,,0,30,,3727,43,,,0,70,,3725,43,,,0,30,,3740,43,,,0,70,,3730,43,,,0,30,,3726,43,,,0,70,,3719,43,,,0,40,,3722,43,,,0,75,,3739,43,,,0,35,,3721,43,,,0,75,,3736,43,,,0,75,,3720,43,,,0,35,,3715,43,,,0,75,,3714,43,,,0,40,,3738,43,,,0,80,,3731,43,,,0,80,,3724,43,,,0,30,,3732,43,,,0,70,,3735,43,,,0,30,,3734,43,,,0,70,,3723,43,,,0,30,,3718,43,,,0,70,,3717,50,,,0
1600,'e6a8ef7e-0cfa-4bac-b2c4-68d071108359',652,,3749,43,,,0,70,,3759,43,,,0,35,,3766,43,,,0,75,,3750,43,,,0,70,,3743,43,,,0,30,,3758,43,,,0,70,,3757,43,,,0,30,,3741,43,,,0,70,,3761,43,,,0,30,,3767,43,,,0,70,,3751,43,,,0,40,,3747,43,,,0,75,,3755,43,,,0,35,,3764,43,,,0,75,,3753,43,,,0,75,,3752,43,,,0,35,,3748,43,,,0,75,,3763,43,,,0,40,,3745,43,,,0,80,,3756,43,,,0,80,,3765,43,,,0,30,,3746,43,,,0,70,,3754,43,,,0,30,,3760,43,,,0,70,,3742,43,,,0,30,,3762,43,,,0,70,,3744,50,,,0
6600,'20e11cfa-d6a6-46ec-932e-c3530533c309',627,,6166,45,,,0,110,,6169,45,,,0,170,,6177,45,,,0,110,,6174,45,,,0,110,,6175,45,,,0,110,,6172,43,0,8,0,115,,6168,45,,,0,150,,6173,45,,,0,110,,6170,45,,,0,110,,6176,45,,,0,110,,6167,43,0,8,0,115,,6171,45,,,0
6600,'29539182-f080-4698-b528-b5cea7c0f7e4',627,,6182,45,,,0,110,,6179,45,,,0,170,,6181,45,,,0,110,,6183,45,,,0,110,,6185,45,,,0,110,,6180,43,0,8,0,115,,6189,45,,,0,150,,6184,45,,,0,110,,6188,45,,,0,110,,6186,45,,,0,110,,6187,43,0,8,0,115,,6178,45,,,0
6600,'4ff90fe8-7b85-4537-858e-36c817b2ba06',1036,,6192,45,,,0,200,,6190,45,,,0,200,,6191,45,,,0,200,,6193,45,,,0
6600,'53316f13-7e2a-415d-a780-d65e8f9fc920',636,,6197,45,,,0,100,,6196,45,,,0,800,,6194,45,,,0,100,,6195,45,,,0,100,,6198,45,,,0
6600,'9712db0e-9c6e-4aef-9821-7ba79476301c',627,,6200,45,,,0,110,,6204,45,,,0,170,,6206,45,,,0,110,,6209,45,,,0,110,,6201,45,,,0,110,,6203,43,0,8,0,115,,6205,45,,,0,150,,6199,45,,,0,110,,6208,45,,,0,110,,6210,45,,,0,110,,6202,43,0,8,0,115,,6207,45,,,0
6600,'aa100e8f-694c-4b5d-8041-b019347d5019',627,,6216,45,,,0,110,,6220,45,,,0,170,,6221,45,,,0,110,,6213,45,,,0,110,,6215,45,,,0,110,,6212,43,0,8,0,115,,6211,45,,,0,150,,6214,45,,,0,110,,6219,45,,,0,110,,6217,45,,,0,110,,6218,43,0,8,0,115,,6222,45,,,0
6600,'e6a8ef7e-0cfa-4bac-b2c4-68d071108359',627,,6232,45,,,0,110,,6226,45,,,0,170,,6224,45,,,0,110,,6234,45,,,0,110,,6233,45,,,0,110,,6228,43,0,8,0,115,,6231,45,,,0,150,,6225,45,,,0,110,,6229,45,,,0,110,,6223,45,,,0,110,,6230,43,0,8,0,115,,6227,45,,,0
