9300,'20e11cfa-d6a6-46ec-932e-c3530533c309',630,,6653,6,,,0,70,,6655,6,,,0,35,,6654,6,,,0,75,,6679,6,,,0,35,,6673,6,,,0,75,,6667,6,,,0,35,,6671,6,,,0,75,,6672,6,,,0,75,,6678,6,,,0,35,,6662,6,,,0,75,,6668,6,,,0,35,,6676,6,,,0,75,,6660,6,,,0,75,,6659,6,,,0,35,,6677,6,,,0,75,,6675,6,,,0,35,,6663,6,,,0,90,,6666,6,,,0,80,,6661,6,,,0,40,,6664,6,,,0,80,,6658,6,,,0,70,,6656,6,,,0,30,,6665,6,,,0,70,,6669,6,,,0,30,,6674,6,,,0,70,,6657,6,,,0,30,,6670,6,,,0
9300,'29539182-f080-4698-b528-b5cea7c0f7e4',630,,6705,6,,,0,70,,6685,6,,,0,35,,6684,6,,,0,75,,6694,6,,,0,35,,6700,6,,,0,75,,6704,6,,,0,35,,6691,6,,,0,75,,6683,6,,,0,75,,6696,6,,,0,35,,6699,6,,,0,75,,6695,6,,,0,35,,6682,6,,,0,75,,6702,6,,,0,75,,6697,6,,,0,35,,6698,6,,,0,75,,6686,6,,,0,35,,6687,6,,,0,90,,6693,6,,,0,80,,6690,6,,,0,40,,6703,6,,,0,80,,6692,6,,,0,70,,6688,6,,,0,30,,6706,6,,,0,70,,6681,6,,,0,30,,6701,6,,,0,70,,6680,6,,,0,30,,6689,6,,,0
9300,'4ff90fe8-7b85-4537-858e-36c817b2ba06',930,,6721,6,,,0,70,,6707,6,,,0,30,,6717,6,,,0,70,,6715,6,,,0,30,,6718,6,,,0,70,,6709,6,,,0,35,,6710,6,,,0,75,,6714,6,,,0,35,,6719,6,,,0,75,,6711,6,,,0,35,,6720,6,,,0,75,,6708,6,,,0,75,,6712,6,,,0,35,,6716,6,,,0,75,,6713,6,,,0
9300,'53316f13-7e2a-415d-a780-d65e8f9fc920',630,,6745,6,,,0,70,,6735,6,,,0,30,,6741,6,,,0,70,,6722,6,,,0,30,,6747,6,,,0,70,,6736,6,,,0,30,,6744,6,,,0,70,,6726,6,,,0,30,,6723,6,,,0,75,,6731,6,,,0,35,,6729,6,,,0,75,,6727,6,,,0,35,,6738,6,,,0,75,,6728,6,,,0,75,,6739,6,,,0,35,,6742,6,,,0,75,,6746,6,,,0,35,,6732,6,,,0,75,,6734,6,,,0,35,,6740,6,,,0,75,,6749,6,,,0,70,,6737,6,,,0,30,,6724,6,,,0,70,,6733,6,,,0,30,,6748,6,,,0,70,,6750,6,,,0,30,,6730,6,,,0,70,,6725,6,,,0,30,,6743,6,,,0
9300,'9712db0e-9c6e-4aef-9821-7ba79476301c',630,,6777,6,,,0,70,,6761,6,,,0,35,,6769,6,,,0,75,,6771,6,,,0,35,,6752,6,,,0,75,,6774,6,,,0,35,,6768,6,,,0,75,,6770,6,,,0,75,,6751,6,,,0,35,,6756,6,,,0,75,,6760,6,,,0,35,,6773,6,,,0,75,,6763,6,,,0,75,,6764,6,,,0,35,,6759,6,,,0,75,,6758,6,,,0,35,,6772,6,,,0,90,,6766,6,,,0,80,,6754,6,,,0,40,,6765,6,,,0,80,,6775,6,,,0,70,,6776,6,,,0,30,,6757,6,,,0,70,,6755,6,,,0,30,,6753,6,,,0,70,,6762,6,,,0,30,,6767,6,,,0
9300,'aa100e8f-694c-4b5d-8041-b019347d5019',630,,6787,6,,,0,70,,6781,6,,,0,35,,6780,6,,,0,75,,6801,6,,,0,35,,6785,6,,,0,75,,6794,6,,,0,35,,6800,6,,,0,75,,6795,6,,,0,75,,6802,6,,,0,35,,6797,6,,,0,75,,6789,6,,,0,35,,6790,6,,,0,75,,6779,6,,,0,75,,6784,6,,,0,35,,6778,6,,,0,75,,6804,6,,,0,35,,6786,6,,,0,90,,6782,6,,,0,80,,6783,6,,,0,40,,6791,6,,,0,80,,6799,6,,,0,70,,6792,6,,,0,30,,6803,6,,,0,70,,6788,6,,,0,30,,6793,6,,,0,70,,6796,6,,,0,30,,6798,6,,,0
9300,'e6a8ef7e-0cfa-4bac-b2c4-68d071108359',630,,6829,6,,,0,70,,6822,6,,,0,35,,6810,6,,,0,75,,6818,6,,,0,35,,6811,6,,,0,75,,6824,6,,,0,35,,6809,6,,,0,75,,6812,6,,,0,75,,6819,6,,,0,35,,6823,6,,,0,75,,6831,6,,,0,35,,6828,6,,,0,75,,6817,6,,,0,75,,6826,6,,,0,35,,6821,6,,,0,75,,6827,6,,,0,35,,6813,6,,,0,90,,6815,6,,,0,80,,6805,6,,,0,40,,6820,6,,,0,80,,6825,6,,,0,70,,6816,6,,,0,30,,6807,6,,,0,70,,6814,6,,,0,30,,6808,6,,,0,70,,6806,6,,,0,30,,6830,6,,,0
9400,'20e11cfa-d6a6-46ec-932e-c3530533c309',625,,6860,4,,,0,75,,6832,4,,,0,20,,6841,4,,,0,20,,6852,4,,,0,60,,6836,4,,,0,20,,6850,4,,,0,20,,6849,4,,,0,60,,6853,4,,,0,20,,6833,5,,,0,35,,6843,4,,,0,80,,6838,4,,,0,80,,6861,4,,,0,40,,6858,4,,,0,80,,6862,4,,,0,80,,6840,4,,,0,85,,6847,4,,,0,40,,6835,4,,,0,60,,6842,4,,,0,20,,6837,4,,,0,20,,6844,4,,,0,60,,6857,4,,,0,20,,6834,4,,,0,20,,6859,4,,,0,60,,6845,5,,,0,20,,6856,4,,,0,80,,6854,4,,,0,35,,6848,4,,,0,75,,6839,4,,,0,35,,6851,4,,,0,75,,6855,4,,,0,80,,6863,4,,,0,35,,6846,5,,,0
9400,'29539182-f080-4698-b528-b5cea7c0f7e4',625,,6873,4,,,0,75,,6866,4,,,0,20,,6881,4,,,0,20,,6892,4,,,0,60,,6877,4,,,0,20,,6867,4,,,0,20,,6874,4,,,0,60,,6882,4,,,0,20,,6878,5,,,0,35,,6879,4,,,0,80,,6893,4,,,0,80,,6875,4,,,0,40,,6885,4,,,0,80,,6889,4,,,0,80,,6869,4,,,0,85,,6883,4,,,0,40,,6865,4,,,0,60,,6888,4,,,0,20,,6880,4,,,0,20,,6891,4,,,0,60,,6868,4,,,0,20,,6887,4,,,0,20,,6895,4,,,0,60,,6871,5,,,0,20,,6872,4,,,0,80,,6864,4,,,0,35,,6894,4,,,0,75,,6886,4,,,0,35,,6884,4,,,0,75,,6890,4,,,0,80,,6870,4,,,0,35,,6876,5,,,0
9400,'4ff90fe8-7b85-4537-858e-36c817b2ba06',930,,6902,4,,,0,75,,6899,4,,,0,35,,6903,4,,,0,75,,6904,4,,,0,35,,6900,4,,,0,75,,6896,4,,,0,75,,6897,4,,,0,35,,6910,4,,,0,75,,6908,4,,,0,35,,6906,4,,,0,75,,6905,4,,,0,35,,6898,4,,,0,75,,6901,4,,,0,75,,6909,4,,,0,35,,6907,5,,,0
9400,'53316f13-7e2a-415d-a780-d65e8f9fc920',630,,6925,4,,,0,75,,6932,4,,,0,35,,6913,4,,,0,75,,6920,4,,,0,35,,6915,4,,,0,75,,6924,4,,,0,75,,6916,4,,,0,35,,6935,4,,,0,75,,6918,4,,,0,40,,6922,4,,,0,80,,6934,4,,,0,80,,6928,4,,,0,90,,6923,4,,,0,40,,6921,4,,,0,80,,6919,4,,,0,80,,6927,4,,,0,40,,6926,4,,,0,80,,6917,4,,,0,80,,6914,4,,,0,35,,6911,4,,,0,75,,6912,4,,,0,35,,6933,4,,,0,75,,6929,4,,,0,80,,6931,4,,,0,35,,6930,5,,,0
9400,'9712db0e-9c6e-4aef-9821-7ba79476301c',625,,6943,4,,,0,75,,6950,4,,,0,20,,6958,4,,,0,20,,6939,4,,,0,60,,6967,4,,,0,20,,6946,4,,,0,20,,6959,4,,,0,60,,6940,4,,,0,20,,6951,5,,,0,35,,6962,4,,,0,80,,6963,4,,,0,80,,6955,4,,,0,40,,6941,4,,,0,80,,6960,4,,,0,80,,6936,4,,,0,85,,6961,4,,,0,40,,6956,4,,,0,60,,6964,4,,,0,20,,6966,4,,,0,20,,6942,4,,,0,60,,6947,4,,,0,20,,6965,4,,,0,20,,6952,4,,,0,60,,6945,5,,,0,20,,6954,4,,,0,80,,6944,4,,,0,35,,6949,4,,,0,75,,6937,4,,,0,35,,6953,4,,,0,75,,6948,4,,,0,80,,6938,4,,,0,35,,6957,5,,,0
9400,'aa100e8f-694c-4b5d-8041-b019347d5019',625,,6978,4,,,0,75,,6982,4,,,0,20,,6986,4,,,0,20,,6994,4,,,0,60,,6997,4,,,0,20,,6993,4,,,0,20,,6992,4,,,0,60,,6975,4,,,0,20,,6981,5,,,0,35,,6976,4,,,0,80,,6991,4,,,0,80,,6979,4,,,0,40,,6983,4,,,0,80,,6969,4,,,0,80,,6970,4,,,0,85,,6996,4,,,0,40,,6985,4,,,0,60,,6971,4,,,0,20,,6988,4,,,0,20,,6989,4,,,0,60,,6995,4,,,0,20,,6999,4,,,0,20,,6974,4,,,0,60,,6990,5,,,0,20,,6968,4,,,0,80,,6972,4,,,0,35,,6998,4,,,0,75,,6980,4,,,0,35,,6987,4,,,0,75,,6973,4,,,0,80,,6984,4,,,0,35,,6977,5,,,0
9400,'e6a8ef7e-0cfa-4bac-b2c4-68d071108359',625,,7027,4,,,0,75,,7026,4,,,0,20,,7013,4,,,0,20,,7024,4,,,0,60,,7005,4,,,0,20,,7028,4,,,0,20,,7030,4,,,0,60,,7025,4,,,0,20,,7002,5,,,0,35,,7031,4,,,0,80,,7003,4,,,0,80,,7020,4,,,0,40,,7001,4,,,0,80,,7017,4,,,0,80,,7016,4,,,0,85,,7000,4,,,0,40,,7023,4,,,0,60,,7008,4,,,0,20,,7022,4,,,0,20,,7004,4,,,0,60,,7011,4,,,0,20,,7018,4,,,0,20,,7014,4,,,0,60,,7012,5,,,0,20,,7019,4,,,0,80,,7021,4,,,0,35,,7015,4,,,0,75,,7009,4,,,0,35,,7010,4,,,0,75,,7006,4,,,0,80,,7029,4,,,0,35,,7007,5,,,0
