6000,'20e11cfa-d6a6-46ec-932e-c3530533c309',634,,4977,54,,,0,75,,4984,54,,,0,35,,4968,54,,,0,80,,4967,54,,,0,80,,4970,54,,,0,40,,4985,54,,,0,80,,4991,54,,,0,80,,4983,54,,,0,40,,4978,54,,,0,80,,4989,54,,,0,80,,4986,54,,,0,40,,4990,54,,,0,80,,4971,54,,,0,80,,4976,54,,,0,40,,4972,54,,,0,80,,4987,54,,,0,80,,4980,54,,,0,40,,4969,54,,,0,80,,4973,54,,,0,80,,4982,54,,,0,35,,4981,54,,,0,75,,4974,54,,,0,35,,4988,54,,,0,75,,4966,54,,,0,35,,4975,54,,,0
6000,'29539182-f080-4698-b528-b5cea7c0f7e4',634,,5015,54,,,0,75,,4994,54,,,0,35,,5000,54,,,0,80,,5007,54,,,0,80,,5006,54,,,0,40,,5002,54,,,0,80,,5013,54,,,0,80,,5016,54,,,0,40,,4992,54,,,0,80,,5017,54,,,0,80,,4998,54,,,0,40,,5003,54,,,0,80,,5011,54,,,0,80,,5010,54,,,0,40,,5001,54,,,0,80,,5009,54,,,0,80,,4995,54,,,0,40,,5005,54,,,0,80,,5004,54,,,0,80,,4993,54,,,0,35,,4997,54,,,0,75,,4996,54,,,0,35,,5008,54,,,0,75,,5014,54,,,0,35,,5012,54,,,0
6000,'4ff90fe8-7b85-4537-858e-36c817b2ba06',929,,5028,54,,,0,75,,5027,54,,,0,35,,5021,54,,,0,75,,5019,54,,,0,35,,5022,54,,,0,75,,5025,54,,,0,35,,5029,54,,,0,75,,5024,54,,,0,75,,5032,54,,,0,35,,5026,54,,,0,75,,5020,54,,,0,35,,5031,54,,,0,75,,5023,54,,,0,75,,5030,54,,,0,35,,5018,54,,,0
6000,'53316f13-7e2a-415d-a780-d65e8f9fc920',634,,5043,54,,,0,75,,5041,54,,,0,35,,5050,54,,,0,80,,5034,54,,,0,80,,5037,54,,,0,40,,5056,54,,,0,80,,5042,54,,,0,80,,5053,54,,,0,40,,5036,54,,,0,80,,5047,54,,,0,80,,5035,54,,,0,40,,5033,54,,,0,80,,5058,54,,,0,80,,5057,54,,,0,40,,5051,54,,,0,80,,5039,54,,,0,80,,5048,54,,,0,40,,5046,54,,,0,80,,5055,54,,,0,80,,5049,54,,,0,35,,5045,54,,,0,75,,5052,54,,,0,35,,5038,54,,,0,75,,5054,54,,,0,35,,5044,54,,,0
6000,'9712db0e-9c6e-4aef-9821-7ba79476301c',634,,5084,54,,,0,75,,5072,54,,,0,35,,5069,54,,,0,80,,5071,54,,,0,80,,5074,54,,,0,40,,5067,54,,,0,80,,5080,54,,,0,80,,5059,54,,,0,40,,5064,54,,,0,80,,5078,54,,,0,80,,5068,54,,,0,40,,5081,54,,,0,80,,5061,54,,,0,80,,5079,54,,,0,40,,5083,54,,,0,80,,5060,54,,,0,80,,5066,54,,,0,40,,5062,54,,,0,80,,5077,54,,,0,80,,5075,54,,,0,35,,5076,54,,,0,75,,5063,54,,,0,35,,5082,54,,,0,75,,5073,54,,,0,35,,5070,54,,,0
6000,'aa100e8f-694c-4b5d-8041-b019347d5019',634,,5095,54,,,0,75,,5097,54,,,0,35,,5092,54,,,0,80,,5087,54,,,0,80,,5093,54,,,0,40,,5094,54,,,0,80,,5088,54,,,0,80,,5086,54,,,0,40,,5107,54,,,0,80,,5106,54,,,0,80,,5108,54,,,0,40,,5089,54,,,0,80,,5104,54,,,0,80,,5103,54,,,0,40,,5100,54,,,0,80,,5110,54,,,0,80,,5102,54,,,0,40,,5090,54,,,0,80,,5098,54,,,0,80,,5091,54,,,0,35,,5099,54,,,0,75,,5105,54,,,0,35,,5096,54,,,0,75,,5101,54,,,0,35,,5109,54,,,0
6000,'e6a8ef7e-0cfa-4bac-b2c4-68d071108359',634,,5117,54,,,0,75,,5116,54,,,0,35,,5133,54,,,0,80,,5135,54,,,0,80,,5131,54,,,0,40,,5118,54,,,0,80,,5112,54,,,0,80,,5130,54,,,0,40,,5123,54,,,0,80,,5136,54,,,0,80,,5119,54,,,0,40,,5122,54,,,0,80,,5126,54,,,0,80,,5128,54,,,0,40,,5127,54,,,0,80,,5121,54,,,0,80,,5114,54,,,0,40,,5115,54,,,0,80,,5132,54,,,0,80,,5113,54,,,0,35,,5125,54,,,0,75,,5124,54,,,0,35,,5111,54,,,0,75,,5120,54,,,0,35,,5129,54,,,0
6700,'20e11cfa-d6a6-46ec-932e-c3530533c309',651,,6243,85,,,0,70,,6239,85,,,0,35,,6242,85,,,0,75,,6237,85,,,0,72,,6241,85,,,0,30,,6245,85,,,0,100,,6236,85,,,0,521,,6248,85,,,0,75,,6235,85,,,0,75,,6240,85,,,0,35,,6247,85,,,0,72,,6244,85,,,0,100,,6249,85,,,0,100,,6246,85,,,0
6700,'29539182-f080-4698-b528-b5cea7c0f7e4',651,,6255,85,,,0,70,,6250,85,,,0,35,,6261,85,,,0,75,,6260,85,,,0,72,,6254,85,,,0,30,,6258,85,,,0,100,,6253,85,,,0,521,,6259,85,,,0,75,,6262,85,,,0,75,,6252,85,,,0,35,,6256,85,,,0,72,,6257,85,,,0,100,,6263,85,,,0,100,,6264,85,,,0
6700,'4ff90fe8-7b85-4537-858e-36c817b2ba06',950,,6269,85,,,0,200,,6268,85,,,0,200,,6265,85,,,0,200,,6266,85,,,0,200,,6267,85,,,0
6700,'53316f13-7e2a-415d-a780-d65e8f9fc920',650,,6275,85,,,0,100,,6279,85,,,0,100,,6277,85,,,0,100,,6274,85,,,0,100,,6272,85,,,0,500,,6270,85,,,0,100,,6278,85,,,0,100,,6276,85,,,0,100,,6271,85,,,0,100,,6273,85,,,0
6700,'9712db0e-9c6e-4aef-9821-7ba79476301c',651,,6294,85,,,0,70,,6284,85,,,0,35,,6280,85,,,0,75,,6291,85,,,0,72,,6281,85,,,0,30,,6292,85,,,0,100,,6288,85,,,0,521,,6286,85,,,0,75,,6293,85,,,0,75,,6287,85,,,0,35,,6283,85,,,0,72,,6290,85,,,0,100,,6285,85,,,0,100,,6282,85,,,0
6700,'aa100e8f-694c-4b5d-8041-b019347d5019',651,,6307,85,,,0,70,,6299,85,,,0,35,,6296,85,,,0,75,,6303,85,,,0,72,,6308,85,,,0,30,,6306,85,,,0,100,,6302,85,,,0,521,,6297,85,,,0,75,,6295,85,,,0,75,,6309,85,,,0,35,,6305,85,,,0,72,,6298,85,,,0,100,,6301,85,,,0,100,,6304,85,,,0
6700,'e6a8ef7e-0cfa-4bac-b2c4-68d071108359',651,,6323,85,,,0,70,,6317,85,,,0,35,,6315,85,,,0,75,,6316,85,,,0,72,,6324,85,,,0,30,,6311,85,,,0,100,,6314,85,,,0,521,,6310,85,,,0,75,,6322,85,,,0,75,,6318,85,,,0,35,,6321,85,,,0,72,,6312,85,,,0,100,,6313,85,,,0,100,,6319,85,,,0
