8100,'3b7f0ccc-4b86-44f9-804c-3016d4439aa6',2134,,10018,29,,,0,88,,10018,225,,,0
8100,'545fdaed-298a-4873-ae9e-185363247123',1122,,10024,259,,,0,100,,10022,259,,,0,200,,10023,259,,,0,100,,10020,259,,,0,100,,10021,259,,,0,100,,10025,259,,,0,91,,10019,243,,,0
8100,'72a07536-7ac5-462d-91fd-4adacd8d70a1',2134,,10026,29,,,0,88,,10026,225,,,0
8100,'b5be936f-506a-42fd-8fe9-aa394bb7d40c',2134,,10027,29,,,0,88,,10027,225,,,0
8100,'c0258e04-8c49-4a98-8bc9-d3680145007e',2134,,10028,29,,,0,88,,10028,225,,,0
8100,'db4ab86b-f5f5-4d9a-8c75-2988ac0b1af4',722,,10038,259,,,0,100,,10041,259,,,0,100,,10031,259,,,0,200,,10033,259,,,0,100,,10029,259,,,0,100,,10034,259,,,0,200,,10037,259,,,0,100,,10032,259,,,0,100,,10039,259,,,0,100,,10035,259,,,0,100,,10042,259,,,0,100,,10040,259,,,0,100,,10036,259,,,0,12,,10030,29,,,0,88,,10030,225,,,0
8100,'fbc81037-9cf3-4a4d-b4aa-43897a8ca294',2134,,10043,29,,,0,88,,10043,225,,,0
8200,'545fdaed-298a-4873-ae9e-185363247123',1247,,10044,122,,,0,0,,10044,129,,,0,75,,10044,337,,,0
8200,'db4ab86b-f5f5-4d9a-8c75-2988ac0b1af4',947,,10046,122,,,0,0,,10046,129,,,0,75,,10046,337,,,0,325,,10045,122,,,0,0,,10045,129,,,0,75,,10045,337,,,0
8500,'3b7f0ccc-4b86-44f9-804c-3016d4439aa6',713,,10049,46,,,0,2,,10049,50,,,0,98,,10048,46,,,0,2,,10048,50,,,0,98,,10056,46,,,0,2,,10056,50,,,0,98,,10053,46,,,0,2,,10053,50,,,0,98,,10055,46,,,0,2,,10055,50,,,0,98,,10062,46,,,0,2,,10062,50,,,0,98,,10054,46,,,0,2,,10054,50,,,0,98,,10051,46,,,0,2,,10051,50,,,0,98,,10050,46,,,0,2,,10050,50,,,0,98,,10052,46,,,0,2,,10052,50,,,0,98,,10059,46,,,0,2,,10059,50,,,0,98,,10060,46,,,0,2,,10060,50,,,0,98,,10061,46,,,0,2,,10061,50,,,0,98,,10058,46,,,0,2,,10058,50,,,0,98,,10057,46,,,0,2,,10057,50,,,0
8500,'72a07536-7ac5-462d-91fd-4adacd8d70a1',713,,10073,46,,,0,2,,10073,50,,,0,98,,10063,46,,,0,2,,10063,50,,,0,98,,10066,46,,,0,2,,10066,50,,,0,98,,10072,46,,,0,2,,10072,50,,,0,98,,10077,46,,,0,2,,10077,50,,,0,98,,10071,46,,,0,2,,10071,50,,,0,98,,10070,46,,,0,2,,10070,50,,,0,98,,10064,46,,,0,2,,10064,50,,,0,98,,10068,46,,,0,2,,10068,50,,,0,98,,10069,46,,,0,2,,10069,50,,,0,98,,10078,46,,,0,2,,10078,50,,,0,98,,10075,46,,,0,2,,10075,50,,,0,98,,10074,46,,,0,2,,10074,50,,,0,98,,10067,46,,,0,2,,10067,50,,,0,98,,10065,46,,,0,2,,10065,50,,,0
8500,'b5be936f-506a-42fd-8fe9-aa394bb7d40c',713,,10080,46,,,0,2,,10080,50,,,0,98,,10094,46,,,0,2,,10094,50,,,0,98,,10093,46,,,0,2,,10093,50,,,0,98,,10091,46,,,0,2,,10091,50,,,0,98,,10079,46,,,0,2,,10079,50,,,0,98,,10085,46,,,0,2,,10085,50,,,0,98,,10083,46,,,0,2,,10083,50,,,0,98,,10089,46,,,0,2,,10089,50,,,0,98,,10088,46,,,0,2,,10088,50,,,0,98,,10082,46,,,0,2,,10082,50,,,0,98,,10081,46,,,0,2,,10081,50,,,0,98,,10092,46,,,0,2,,10092,50,,,0,98,,10087,46,,,0,2,,10087,50,,,0,98,,10084,46,,,0,2,,10084,50,,,0,98,,10086,46,,,0,2,,10086,50,,,0
8500,'c0258e04-8c49-4a98-8bc9-d3680145007e',713,,10107,46,,,0,2,,10107,50,,,0,98,,10110,46,,,0,2,,10110,50,,,0,98,,10101,46,,,0,2,,10101,50,,,0,98,,10108,46,,,0,2,,10108,50,,,0,98,,10095,46,,,0,2,,10095,50,,,0,98,,10098,46,,,0,2,,10098,50,,,0,98,,10104,46,,,0,2,,10104,50,,,0,98,,10106,46,,,0,2,,10106,50,,,0,98,,10102,46,,,0,2,,10102,50,,,0,98,,10105,46,,,0,2,,10105,50,,,0,98,,10100,46,,,0,2,,10100,50,,,0,98,,10103,46,,,0,2,,10103,50,,,0,98,,10096,46,,,0,2,,10096,50,,,0,98,,10109,46,,,0,2,,10109,50,,,0,98,,10097,46,,,0,2,,10097,50,,,0
8500,'fbc81037-9cf3-4a4d-b4aa-43897a8ca294',713,,10119,46,,,0,2,,10119,50,,,0,98,,10124,46,,,0,2,,10124,50,,,0,98,,10111,46,,,0,2,,10111,50,,,0,98,,10123,46,,,0,2,,10123,50,,,0,98,,10112,46,,,0,2,,10112,50,,,0,98,,10115,46,,,0,2,,10115,50,,,0,98,,10117,46,,,0,2,,10117,50,,,0,98,,10125,46,,,0,2,,10125,50,,,0,98,,10118,46,,,0,2,,10118,50,,,0,98,,10114,46,,,0,2,,10114,50,,,0,98,,10121,46,,,0,2,,10121,50,,,0,98,,10116,46,,,0,2,,10116,50,,,0,98,,10122,46,,,0,2,,10122,50,,,0,98,,10126,46,,,0,2,,10126,50,,,0,98,,10120,46,,,0,2,,10120,50,,,0
