1600,'3cbacc5c-479f-4e46-92a9-193ce5972e98',649,,14440,31,,,0,70,,14424,31,,,0,35,,14446,31,,,0,75,,14426,31,,,0,30,,14425,31,,,0,70,,14445,31,,,0,30,,14435,31,,,0,70,,14449,31,,,0,30,,14432,31,,,0,70,,14428,31,,,0,30,,14436,31,,,0,80,,14430,31,,,0,75,,14431,31,,,0,35,,14439,31,,,0,75,,14423,31,,,0,35,,14437,31,,,0,75,,14434,31,,,0,75,,14441,31,,,0,40,,14438,31,,,0,80,,14444,31,,,0,80,,14447,31,,,0,30,,14433,31,,,0,70,,14442,31,,,0,30,,14429,31,,,0,70,,14448,31,,,0,30,,14427,31,,,0,70,,14443,38,,,0
1600,'5d8e1f33-b15a-4d6c-bc08-744b1977a096',649,,14474,31,,,0,70,,14461,31,,,0,35,,14453,31,,,0,75,,14470,31,,,0,30,,14456,31,,,0,70,,14450,31,,,0,30,,14475,31,,,0,70,,14471,31,,,0,30,,14462,31,,,0,70,,14454,31,,,0,30,,14468,31,,,0,80,,14458,31,,,0,75,,14466,31,,,0,35,,14457,31,,,0,75,,14467,31,,,0,35,,14463,31,,,0,75,,14451,31,,,0,75,,14476,31,,,0,40,,14473,31,,,0,80,,14465,31,,,0,80,,14459,31,,,0,30,,14469,31,,,0,70,,14472,31,,,0,30,,14464,31,,,0,70,,14455,31,,,0,30,,14452,31,,,0,70,,14460,38,,,0
1600,'603637be-3b89-4de4-a225-ae420419f9d6',1024,,14479,31,,,0,35,,14485,31,,,0,75,,14481,31,,,0,75,,14486,31,,,0,35,,14483,31,,,0,75,,14480,31,,,0,35,,14477,31,,,0,75,,14488,31,,,0,75,,14478,31,,,0,35,,14482,31,,,0,75,,14484,31,,,0,35,,14489,31,,,0,75,,14487,38,,,0
1600,'7c54d383-1c64-4a24-b06c-a04764f3562f',649,,14515,31,,,0,70,,14491,31,,,0,35,,14514,31,,,0,75,,14508,31,,,0,30,,14499,31,,,0,70,,14505,31,,,0,30,,14504,31,,,0,70,,14516,31,,,0,30,,14500,31,,,0,70,,14501,31,,,0,30,,14497,31,,,0,80,,14502,31,,,0,75,,14496,31,,,0,35,,14495,31,,,0,75,,14490,31,,,0,35,,14498,31,,,0,75,,14513,31,,,0,75,,14507,31,,,0,40,,14511,31,,,0,80,,14509,31,,,0,80,,14510,31,,,0,30,,14494,31,,,0,70,,14492,31,,,0,30,,14512,31,,,0,70,,14493,31,,,0,30,,14503,31,,,0,70,,14506,38,,,0
1600,'8406d080-6e75-4486-a00b-1c9c8d02b55f',649,,14543,31,,,0,70,,14535,31,,,0,35,,14517,31,,,0,75,,14523,31,,,0,30,,14528,31,,,0,70,,14532,31,,,0,30,,14540,31,,,0,70,,14542,31,,,0,30,,14538,31,,,0,70,,14534,31,,,0,30,,14522,31,,,0,80,,14537,31,,,0,75,,14519,31,,,0,35,,14527,31,,,0,75,,14536,31,,,0,35,,14541,31,,,0,75,,14539,31,,,0,75,,14531,31,,,0,40,,14521,31,,,0,80,,14526,31,,,0,80,,14529,31,,,0,30,,14518,31,,,0,70,,14525,31,,,0,30,,14530,31,,,0,70,,14533,31,,,0,30,,14520,31,,,0,70,,14524,38,,,0
1600,'d66d6429-e89f-4376-937c-b6bd14f92a3b',649,,14557,31,,,0,70,,14550,31,,,0,35,,14559,31,,,0,75,,14561,31,,,0,30,,14546,31,,,0,70,,14548,31,,,0,30,,14547,31,,,0,70,,14545,31,,,0,30,,14544,31,,,0,70,,14558,31,,,0,30,,14567,31,,,0,80,,14551,31,,,0,75,,14552,31,,,0,35,,14553,31,,,0,75,,14549,31,,,0,35,,14565,31,,,0,75,,14569,31,,,0,75,,14554,31,,,0,40,,14568,31,,,0,80,,14556,31,,,0,80,,14562,31,,,0,30,,14560,31,,,0,70,,14566,31,,,0,30,,14570,31,,,0,70,,14555,31,,,0,30,,14563,31,,,0,70,,14564,38,,,0
1600,'d696856f-d252-4a8b-bd9f-2960bd70f042',1134,,14572,31,,,0,75,,14574,31,,,0,35,,14581,31,,,0,75,,14575,31,,,0,35,,14579,31,,,0,75,,14582,31,,,0,75,,14580,31,,,0,35,,14583,31,,,0,75,,14573,31,,,0,35,,14576,31,,,0,75,,14571,31,,,0,35,,14577,31,,,0,75,,14578,38,,,0
6600,'3cbacc5c-479f-4e46-92a9-193ce5972e98',625,,16993,33,,,0,110,,16985,33,,,0,170,,16982,33,,,0,110,,16984,33,,,0,110,,16987,33,,,0,110,,16990,31,0,8,0,115,,16983,33,,,0,150,,16986,33,,,0,110,,16988,33,,,0,110,,16991,33,,,0,110,,16989,31,0,8,0,115,,16992,33,,,0
6600,'5d8e1f33-b15a-4d6c-bc08-744b1977a096',625,,17001,33,,,0,110,,16997,33,,,0,170,,17003,33,,,0,110,,17004,33,,,0,110,,17002,33,,,0,110,,16994,31,0,8,0,115,,16999,33,,,0,150,,17000,33,,,0,110,,17005,33,,,0,110,,16996,33,,,0,110,,16998,31,0,8,0,115,,16995,33,,,0
6600,'603637be-3b89-4de4-a225-ae420419f9d6',1034,,17009,33,,,0,200,,17006,33,,,0,200,,17008,33,,,0,200,,17007,33,,,0
6600,'7c54d383-1c64-4a24-b06c-a04764f3562f',625,,17017,33,,,0,110,,17021,33,,,0,170,,17018,33,,,0,110,,17020,33,,,0,110,,17013,33,,,0,110,,17012,31,0,8,0,115,,17011,33,,,0,150,,17015,33,,,0,110,,17010,33,,,0,110,,17016,33,,,0,110,,17014,31,0,8,0,115,,17019,33,,,0
6600,'8406d080-6e75-4486-a00b-1c9c8d02b55f',625,,17030,33,,,0,110,,17032,33,,,0,170,,17026,33,,,0,110,,17023,33,,,0,110,,17028,33,,,0,110,,17027,31,0,8,0,115,,17029,33,,,0,150,,17022,33,,,0,110,,17025,33,,,0,110,,17024,33,,,0,110,,17031,31,0,8,0,115,,17033,33,,,0
6600,'d66d6429-e89f-4376-937c-b6bd14f92a3b',625,,17037,33,,,0,110,,17041,33,,,0,170,,17038,33,,,0,110,,17040,33,,,0,110,,17034,33,,,0,110,,17036,31,0,8,0,115,,17045,33,,,0,150,,17044,33,,,0,110,,17035,33,,,0,110,,17043,33,,,0,110,,17039,31,0,8,0,115,,17042,33,,,0
6600,'d696856f-d252-4a8b-bd9f-2960bd70f042',634,,17050,33,,,0,100,,17049,33,,,0,800,,17048,33,,,0,100,,17046,33,,,0,100,,17047,33,,,0
