6400,'20e11cfa-d6a6-46ec-932e-c3530533c309',649,,5774,106,,,0,75,,5779,106,,,0,19,,5782,106,,,0,58,,5786,106,,,0,18,,5763,106,,,0,18,,5759,106,,,0,18,,5758,106,,,0,58,,5761,106,,,0,18,,5753,106,,,0,18,,5762,106,,,0,58,,5755,106,,,0,18,,5769,106,,,0,75,,5760,106,,,0,35,,5785,106,,,0,75,,5764,106,,,0,35,,5775,106,,,0,75,,5771,106,,,0,35,,5776,106,,,0,75,,5780,106,,,0,75,,5749,106,,,0,18,,5783,106,,,0,18,,5772,106,,,0,18,,5768,106,,,0,58,,5754,106,,,0,18,,5773,106,,,0,18,,5766,106,,,0,58,,5751,106,,,0,18,,5767,106,,,0,18,,5765,106,,,0,58,,5757,106,,,0,35,,5756,106,,,0,75,,5778,106,,,0,35,,5784,106,,,0,75,,5777,106,,,0,31,,5752,106,,,0,70,,5781,106,,,0,30,,5770,106,,,0,69,,5750,106,,,0
6400,'29539182-f080-4698-b528-b5cea7c0f7e4',649,,5802,106,,,0,75,,5820,106,,,0,19,,5823,106,,,0,58,,5794,106,,,0,18,,5814,106,,,0,18,,5811,106,,,0,18,,5800,106,,,0,58,,5813,106,,,0,18,,5812,106,,,0,18,,5796,106,,,0,58,,5797,106,,,0,18,,5787,106,,,0,75,,5798,106,,,0,35,,5801,106,,,0,75,,5795,106,,,0,35,,5818,106,,,0,75,,5819,106,,,0,35,,5824,106,,,0,75,,5792,106,,,0,75,,5791,106,,,0,18,,5807,106,,,0,18,,5790,106,,,0,18,,5815,106,,,0,58,,5817,106,,,0,18,,5805,106,,,0,18,,5793,106,,,0,58,,5804,106,,,0,18,,5809,106,,,0,18,,5789,106,,,0,58,,5806,106,,,0,35,,5803,106,,,0,75,,5788,106,,,0,35,,5816,106,,,0,75,,5821,106,,,0,31,,5808,106,,,0,70,,5810,106,,,0,30,,5822,106,,,0,69,,5799,106,,,0
6400,'4ff90fe8-7b85-4537-858e-36c817b2ba06',959,,5833,106,,,0,75,,5838,106,,,0,75,,5828,106,,,0,35,,5825,106,,,0,75,,5831,106,,,0,35,,5826,106,,,0,75,,5839,106,,,0,75,,5836,106,,,0,35,,5829,106,,,0,75,,5835,106,,,0,35,,5834,106,,,0,75,,5837,106,,,0,35,,5840,106,,,0,75,,5830,106,,,0,75,,5832,106,,,0
6400,'53316f13-7e2a-415d-a780-d65e8f9fc920',649,,5864,106,,,0,75,,5847,106,,,0,78,,5844,106,,,0,40,,5858,106,,,0,80,,5857,106,,,0,37,,5848,106,,,0,75,,5867,106,,,0,75,,5850,106,,,0,35,,5846,106,,,0,75,,5863,106,,,0,35,,5865,106,,,0,75,,5845,106,,,0,75,,5842,106,,,0,35,,5862,106,,,0,75,,5856,106,,,0,35,,5841,106,,,0,78,,5843,106,,,0,80,,5859,106,,,0,40,,5866,106,,,0,80,,5851,106,,,0,77,,5861,106,,,0,35,,5852,106,,,0,75,,5854,106,,,0,35,,5860,106,,,0,75,,5849,106,,,0,35,,5853,106,,,0,71,,5855,106,,,0
6400,'9712db0e-9c6e-4aef-9821-7ba79476301c',649,,5883,106,,,0,75,,5868,106,,,0,19,,5892,106,,,0,58,,5895,106,,,0,18,,5878,106,,,0,18,,5888,106,,,0,18,,5898,106,,,0,58,,5882,106,,,0,18,,5893,106,,,0,18,,5903,106,,,0,58,,5904,106,,,0,18,,5886,106,,,0,75,,5870,106,,,0,35,,5873,106,,,0,75,,5877,106,,,0,35,,5880,106,,,0,75,,5889,106,,,0,35,,5881,106,,,0,75,,5894,106,,,0,75,,5897,106,,,0,18,,5887,106,,,0,18,,5899,106,,,0,18,,5890,106,,,0,58,,5879,106,,,0,18,,5902,106,,,0,18,,5869,106,,,0,58,,5905,106,,,0,18,,5874,106,,,0,18,,5884,106,,,0,58,,5900,106,,,0,35,,5901,106,,,0,75,,5876,106,,,0,35,,5871,106,,,0,75,,5896,106,,,0,31,,5891,106,,,0,70,,5885,106,,,0,30,,5875,106,,,0,69,,5872,106,,,0
6400,'aa100e8f-694c-4b5d-8041-b019347d5019',649,,5929,106,,,0,75,,5911,106,,,0,19,,5931,106,,,0,58,,5926,106,,,0,18,,5921,106,,,0,18,,5937,106,,,0,18,,5923,106,,,0,58,,5920,106,,,0,18,,5913,106,,,0,18,,5918,106,,,0,58,,5916,106,,,0,18,,5932,106,,,0,75,,5915,106,,,0,35,,5910,106,,,0,75,,5940,106,,,0,35,,5927,106,,,0,75,,5922,106,,,0,35,,5908,106,,,0,75,,5928,106,,,0,75,,5925,106,,,0,18,,5914,106,,,0,18,,5935,106,,,0,18,,5924,106,,,0,58,,5906,106,,,0,18,,5934,106,,,0,18,,5938,106,,,0,58,,5936,106,,,0,18,,5912,106,,,0,18,,5941,106,,,0,58,,5909,106,,,0,35,,5939,106,,,0,75,,5933,106,,,0,35,,5919,106,,,0,75,,5942,106,,,0,31,,5943,106,,,0,70,,5917,106,,,0,30,,5930,106,,,0,69,,5907,106,,,0
6400,'e6a8ef7e-0cfa-4bac-b2c4-68d071108359',649,,5980,106,,,0,75,,5960,106,,,0,19,,5976,106,,,0,58,,5951,106,,,0,18,,5962,106,,,0,18,,5954,106,,,0,18,,5944,106,,,0,58,,5961,106,,,0,18,,5965,106,,,0,18,,5971,106,,,0,58,,5969,106,,,0,18,,5946,106,,,0,75,,5950,106,,,0,35,,5968,106,,,0,75,,5972,106,,,0,35,,5957,106,,,0,75,,5974,106,,,0,35,,5978,106,,,0,75,,5970,106,,,0,75,,5958,106,,,0,18,,5945,106,,,0,18,,5948,106,,,0,18,,5973,106,,,0,58,,5955,106,,,0,18,,5981,106,,,0,18,,5975,106,,,0,58,,5952,106,,,0,18,,5947,106,,,0,18,,5977,106,,,0,58,,5967,106,,,0,35,,5966,106,,,0,75,,5953,106,,,0,35,,5963,106,,,0,75,,5959,106,,,0,31,,5956,106,,,0,70,,5979,106,,,0,30,,5949,106,,,0,69,,5964,106,,,0
6600,'20e11cfa-d6a6-46ec-932e-c3530533c309',723,,6166,243,,,0,110,,6169,243,,,0,170,,6177,243,,,0,109,,6174,243,,,0,111,,6175,243,,,0,114,,6172,301,0,8,0,111,,6168,243,,,0,110,,6173,243,,,0,150,,6170,243,,,0,110,,6176,243,,,0,114,,6167,301,0,8,0,103,,6171,243,,,0
6600,'29539182-f080-4698-b528-b5cea7c0f7e4',723,,6182,243,,,0,110,,6179,243,,,0,170,,6181,243,,,0,109,,6183,243,,,0,111,,6185,243,,,0,114,,6180,301,0,8,0,111,,6189,243,,,0,110,,6184,243,,,0,150,,6188,243,,,0,110,,6186,243,,,0,114,,6187,301,0,8,0,103,,6178,243,,,0
6600,'4ff90fe8-7b85-4537-858e-36c817b2ba06',1123,,6192,243,,,0,200,,6190,243,,,0,200,,6191,243,,,0,200,,6193,243,,,0
6600,'53316f13-7e2a-415d-a780-d65e8f9fc920',723,,6197,243,,,0,100,,6196,243,,,0,800,,6194,243,,,0,100,,6195,243,,,0,100,,6198,243,,,0
6600,'9712db0e-9c6e-4aef-9821-7ba79476301c',723,,6200,243,,,0,110,,6204,243,,,0,170,,6206,243,,,0,109,,6209,243,,,0,111,,6201,243,,,0,114,,6203,301,0,8,0,111,,6205,243,,,0,110,,6199,243,,,0,150,,6208,243,,,0,110,,6210,243,,,0,114,,6202,301,0,8,0,103,,6207,243,,,0
6600,'aa100e8f-694c-4b5d-8041-b019347d5019',723,,6216,243,,,0,110,,6220,243,,,0,170,,6221,243,,,0,109,,6213,243,,,0,111,,6215,243,,,0,114,,6212,301,0,8,0,111,,6211,243,,,0,110,,6214,243,,,0,150,,6219,243,,,0,110,,6217,243,,,0,114,,6218,301,0,8,0,103,,6222,243,,,0
6600,'e6a8ef7e-0cfa-4bac-b2c4-68d071108359',723,,6232,243,,,0,110,,6226,243,,,0,170,,6224,243,,,0,109,,6234,243,,,0,111,,6233,243,,,0,114,,6228,301,0,8,0,111,,6231,243,,,0,110,,6225,243,,,0,150,,6229,243,,,0,110,,6223,243,,,0,114,,6230,301,0,8,0,103,,6227,243,,,0
