6100,'20e11cfa-d6a6-46ec-932e-c3530533c309',604,,5173,139,,,0,35,,5140,139,,,0,75,,5144,139,,,0,16,,5145,139,,,0,22,,5150,139,,,0,61,,5161,139,,,0,20,,5151,139,,,0,20,,5171,139,,,0,60,,5158,139,,,0,19,,5137,139,,,0,22,,5152,139,,,0,80,,5154,139,,,0,80,,5166,139,,,0,40,,5168,139,,,0,80,,5139,139,,,0,80,,5163,139,,,0,20,,5177,139,,,0,25,,5141,139,,,0,60,,5176,139,,,0,24,,5162,139,,,0,60,,5153,139,,,0,25,,5148,139,,,0,20,,5142,139,,,0,65,,5165,139,,,0,20,,5159,139,,,0,25,,5147,139,,,0,60,,5155,139,,,0,25,,5167,139,,,0,60,,5156,139,,,0,21,,5143,139,,,0,20,,5178,139,,,0,60,,5157,139,,,0,20,,5174,139,,,0,16,,5170,139,,,0,60,,5138,139,,,0,15,,5160,139,,,0,35,,5146,139,,,0,76,,5175,139,,,0,74,,5172,139,,,0,35,,5164,139,,,0,75,,5169,139,,,0,31,,5149,139,,,0
6100,'29539182-f080-4698-b528-b5cea7c0f7e4',604,,5210,139,,,0,35,,5192,139,,,0,75,,5206,139,,,0,16,,5191,139,,,0,22,,5201,139,,,0,61,,5181,139,,,0,20,,5182,139,,,0,20,,5202,139,,,0,60,,5187,139,,,0,19,,5217,139,,,0,22,,5211,139,,,0,80,,5179,139,,,0,80,,5199,139,,,0,40,,5188,139,,,0,80,,5200,139,,,0,80,,5204,139,,,0,20,,5213,139,,,0,25,,5184,139,,,0,60,,5189,139,,,0,24,,5186,139,,,0,60,,5198,139,,,0,25,,5185,139,,,0,20,,5219,139,,,0,65,,5218,139,,,0,20,,5209,139,,,0,25,,5207,139,,,0,60,,5203,139,,,0,25,,5220,139,,,0,60,,5196,139,,,0,21,,5197,139,,,0,20,,5180,139,,,0,60,,5215,139,,,0,20,,5212,139,,,0,16,,5208,139,,,0,60,,5194,139,,,0,15,,5214,139,,,0,35,,5195,139,,,0,76,,5193,139,,,0,74,,5205,139,,,0,35,,5190,139,,,0,75,,5216,139,,,0,31,,5183,139,,,0
6100,'4ff90fe8-7b85-4537-858e-36c817b2ba06',1003,,5230,139,,,0,41,,5226,139,,,0,80,,5224,139,,,0,80,,5229,139,,,0,40,,5223,139,,,0,80,,5221,139,,,0,80,,5231,139,,,0,40,,5222,139,,,0,80,,5225,139,,,0,80,,5232,139,,,0,40,,5233,139,,,0,80,,5228,139,,,0,76,,5227,144,,,0
6100,'53316f13-7e2a-415d-a780-d65e8f9fc920',640,,5247,139,,,0,94,,5238,139,,,0,80,,5235,139,,,0,40,,5251,139,,,0,80,,5250,139,,,0,80,,5243,139,,,0,40,,5242,139,,,0,84,,5254,139,,,0,85,,5245,139,,,0,85,,5249,139,,,0,45,,5244,139,,,0,85,,5253,139,,,0,85,,5240,139,,,0,85,,5248,139,,,0,45,,5256,139,,,0,85,,5255,139,,,0,85,,5252,139,,,0,77,,5236,139,,,0,35,,5234,139,,,0,75,,5246,139,,,0,35,,5241,139,,,0,75,,5237,139,,,0,35,,5257,139,,,0,71,,5239,144,,,0
6100,'9712db0e-9c6e-4aef-9821-7ba79476301c',604,,5295,139,,,0,35,,5274,139,,,0,75,,5287,139,,,0,16,,5264,139,,,0,22,,5266,139,,,0,61,,5268,139,,,0,20,,5293,139,,,0,20,,5299,139,,,0,60,,5279,139,,,0,19,,5260,139,,,0,22,,5291,139,,,0,80,,5282,139,,,0,80,,5267,139,,,0,40,,5280,139,,,0,80,,5269,139,,,0,80,,5276,139,,,0,20,,5265,139,,,0,25,,5292,139,,,0,60,,5298,139,,,0,24,,5289,139,,,0,60,,5263,139,,,0,25,,5277,139,,,0,20,,5273,139,,,0,65,,5281,139,,,0,20,,5285,139,,,0,25,,5259,139,,,0,60,,5278,139,,,0,25,,5271,139,,,0,60,,5284,139,,,0,21,,5272,139,,,0,20,,5288,139,,,0,60,,5290,139,,,0,20,,5296,139,,,0,16,,5283,139,,,0,60,,5286,139,,,0,15,,5270,139,,,0,35,,5275,139,,,0,76,,5258,139,,,0,74,,5297,139,,,0,35,,5262,139,,,0,75,,5294,139,,,0,31,,5261,139,,,0
6100,'aa100e8f-694c-4b5d-8041-b019347d5019',604,,5335,139,,,0,35,,5306,139,,,0,75,,5326,139,,,0,16,,5337,139,,,0,22,,5315,139,,,0,61,,5300,139,,,0,20,,5307,139,,,0,20,,5303,139,,,0,60,,5332,139,,,0,19,,5321,139,,,0,22,,5320,139,,,0,80,,5339,139,,,0,80,,5302,139,,,0,40,,5341,139,,,0,80,,5329,139,,,0,80,,5311,139,,,0,20,,5319,139,,,0,25,,5333,139,,,0,60,,5325,139,,,0,24,,5324,139,,,0,60,,5340,139,,,0,25,,5310,139,,,0,20,,5317,139,,,0,65,,5304,139,,,0,20,,5328,139,,,0,25,,5331,139,,,0,60,,5308,139,,,0,25,,5314,139,,,0,60,,5336,139,,,0,21,,5301,139,,,0,20,,5313,139,,,0,60,,5327,139,,,0,20,,5316,139,,,0,16,,5312,139,,,0,60,,5318,139,,,0,15,,5330,139,,,0,35,,5334,139,,,0,76,,5322,139,,,0,74,,5338,139,,,0,35,,5323,139,,,0,75,,5309,139,,,0,31,,5305,139,,,0
6100,'e6a8ef7e-0cfa-4bac-b2c4-68d071108359',604,,5344,139,,,0,35,,5379,139,,,0,75,,5370,139,,,0,16,,5364,139,,,0,22,,5345,139,,,0,61,,5355,139,,,0,20,,5346,139,,,0,20,,5376,139,,,0,60,,5375,139,,,0,19,,5365,139,,,0,22,,5363,139,,,0,80,,5373,139,,,0,80,,5382,139,,,0,40,,5369,139,,,0,80,,5380,139,,,0,80,,5359,139,,,0,20,,5354,139,,,0,25,,5368,139,,,0,60,,5366,139,,,0,24,,5358,139,,,0,60,,5353,139,,,0,25,,5361,139,,,0,20,,5381,139,,,0,65,,5367,139,,,0,20,,5349,139,,,0,25,,5372,139,,,0,60,,5351,139,,,0,25,,5378,139,,,0,60,,5347,139,,,0,21,,5371,139,,,0,20,,5374,139,,,0,60,,5360,139,,,0,20,,5377,139,,,0,16,,5362,139,,,0,60,,5357,139,,,0,15,,5352,139,,,0,35,,5350,139,,,0,76,,5356,139,,,0,74,,5342,139,,,0,35,,5343,139,,,0,75,,5348,139,,,0,31,,5383,139,,,0
6300,'20e11cfa-d6a6-46ec-932e-c3530533c309',655,,5598,145,,,0,70,,5593,145,,,0,33,,5574,145,,,0,75,,5573,145,,,0,75,,5579,145,,,0,35,,5597,145,,,0,75,,5586,145,,,0,35,,5578,145,,,0,72,,5590,145,,,0,30,,5581,145,,,0,70,,5577,145,,,0,33,,5582,145,,,0,75,,5575,145,,,0,75,,5576,145,,,0,35,,5594,145,,,0,75,,5588,145,,,0,35,,5596,145,,,0,75,,5584,145,,,0,75,,5585,145,,,0,35,,5572,145,,,0,75,,5587,145,,,0,35,,5592,145,,,0,75,,5580,145,,,0,35,,5591,145,,,0,75,,5589,145,,,0,72,,5583,145,,,0,30,,5595,140,0,5,0
6300,'29539182-f080-4698-b528-b5cea7c0f7e4',655,,5614,145,,,0,70,,5618,145,,,0,33,,5603,145,,,0,75,,5601,145,,,0,75,,5625,145,,,0,35,,5602,145,,,0,75,,5611,145,,,0,35,,5615,145,,,0,72,,5623,145,,,0,30,,5599,145,,,0,70,,5613,145,,,0,33,,5622,145,,,0,75,,5605,145,,,0,75,,5620,145,,,0,35,,5621,145,,,0,75,,5607,145,,,0,35,,5624,145,,,0,75,,5619,145,,,0,75,,5609,145,,,0,35,,5608,145,,,0,75,,5610,145,,,0,35,,5600,145,,,0,75,,5606,145,,,0,35,,5604,145,,,0,75,,5617,145,,,0,72,,5612,145,,,0,30,,5616,140,0,5,0
6300,'4ff90fe8-7b85-4537-858e-36c817b2ba06',959,,5637,145,,,0,75,,5634,145,,,0,75,,5633,145,,,0,35,,5628,145,,,0,75,,5627,145,,,0,35,,5630,145,,,0,75,,5639,145,,,0,75,,5635,145,,,0,35,,5636,145,,,0,75,,5632,145,,,0,35,,5640,145,,,0,75,,5629,145,,,0,35,,5631,145,,,0,75,,5638,145,,,0,72,,5626,140,0,5,0
6300,'53316f13-7e2a-415d-a780-d65e8f9fc920',655,,5645,145,,,0,70,,5660,145,,,0,33,,5661,145,,,0,75,,5641,145,,,0,75,,5652,145,,,0,35,,5651,145,,,0,75,,5662,145,,,0,35,,5657,145,,,0,72,,5643,145,,,0,30,,5654,145,,,0,70,,5650,145,,,0,33,,5665,145,,,0,75,,5642,145,,,0,75,,5648,145,,,0,35,,5653,145,,,0,75,,5658,145,,,0,35,,5649,145,,,0,75,,5667,145,,,0,75,,5647,145,,,0,35,,5666,145,,,0,75,,5644,145,,,0,35,,5656,145,,,0,75,,5646,145,,,0,35,,5655,145,,,0,75,,5659,145,,,0,72,,5663,145,,,0,34,,5664,140,0,5,0
6300,'9712db0e-9c6e-4aef-9821-7ba79476301c',655,,5676,145,,,0,70,,5684,145,,,0,33,,5671,145,,,0,75,,5681,145,,,0,75,,5679,145,,,0,35,,5677,145,,,0,75,,5685,145,,,0,35,,5675,145,,,0,72,,5688,145,,,0,30,,5670,145,,,0,70,,5693,145,,,0,33,,5674,145,,,0,75,,5682,145,,,0,75,,5680,145,,,0,35,,5694,145,,,0,75,,5691,145,,,0,35,,5687,145,,,0,75,,5672,145,,,0,75,,5673,145,,,0,35,,5678,145,,,0,75,,5686,145,,,0,35,,5669,145,,,0,75,,5683,145,,,0,35,,5689,145,,,0,75,,5668,145,,,0,72,,5692,145,,,0,30,,5690,140,0,5,0
6300,'aa100e8f-694c-4b5d-8041-b019347d5019',655,,5701,145,,,0,70,,5705,145,,,0,33,,5710,145,,,0,75,,5716,145,,,0,75,,5696,145,,,0,35,,5702,145,,,0,75,,5695,145,,,0,35,,5703,145,,,0,72,,5706,145,,,0,30,,5713,145,,,0,70,,5714,145,,,0,33,,5699,145,,,0,75,,5709,145,,,0,75,,5718,145,,,0,35,,5698,145,,,0,75,,5711,145,,,0,35,,5704,145,,,0,75,,5708,145,,,0,75,,5700,145,,,0,35,,5721,145,,,0,75,,5720,145,,,0,35,,5697,145,,,0,75,,5707,145,,,0,35,,5715,145,,,0,75,,5719,145,,,0,72,,5712,145,,,0,30,,5717,140,0,5,0
6300,'e6a8ef7e-0cfa-4bac-b2c4-68d071108359',655,,5740,145,,,0,70,,5728,145,,,0,33,,5731,145,,,0,75,,5739,145,,,0,75,,5732,145,,,0,35,,5745,145,,,0,75,,5725,145,,,0,35,,5738,145,,,0,72,,5742,145,,,0,30,,5743,145,,,0,70,,5741,145,,,0,33,,5746,145,,,0,75,,5723,145,,,0,75,,5730,145,,,0,35,,5724,145,,,0,75,,5727,145,,,0,35,,5747,145,,,0,75,,5744,145,,,0,75,,5737,145,,,0,35,,5729,145,,,0,75,,5735,145,,,0,35,,5734,145,,,0,75,,5726,145,,,0,35,,5733,145,,,0,75,,5748,145,,,0,72,,5736,145,,,0,30,,5722,140,0,5,0
