8100,'3cbacc5c-479f-4e46-92a9-193ce5972e98',2157,,17230,177,,,0
8100,'5d8e1f33-b15a-4d6c-bc08-744b1977a096',2157,,17231,177,,,0
8100,'603637be-3b89-4de4-a225-ae420419f9d6',1106,,17232,209,,,0,100,,17234,209,,,0,200,,17236,209,,,0,100,,17235,209,,,0,100,,17238,209,,,0,100,,17233,209,,,0,99,,17237,192,,,0
8100,'7c54d383-1c64-4a24-b06c-a04764f3562f',2157,,17239,177,,,0
8100,'8406d080-6e75-4486-a00b-1c9c8d02b55f',2157,,17240,177,,,0
8100,'d66d6429-e89f-4376-937c-b6bd14f92a3b',2157,,17241,177,,,0
8100,'d696856f-d252-4a8b-bd9f-2960bd70f042',706,,17254,209,,,0,100,,17242,209,,,0,100,,17250,209,,,0,200,,17243,209,,,0,100,,17253,209,,,0,100,,17255,209,,,0,200,,17252,209,,,0,100,,17244,209,,,0,100,,17245,209,,,0,100,,17251,209,,,0,100,,17246,209,,,0,100,,17249,209,,,0,100,,17248,209,,,0,51,,17247,177,,,0
8500,'3cbacc5c-479f-4e46-92a9-193ce5972e98',659,,17271,120,,,0,100,,17260,227,,,0,100,,17262,227,,,0,100,,17269,227,,,0,100,,17272,227,,,0,100,,17267,227,,,0,100,,17265,227,,,0,100,,17264,227,,,0,100,,17274,227,,,0,100,,17259,227,,,0,100,,17263,227,,,0,100,,17268,227,,,0,100,,17266,227,,,0,100,,17270,227,,,0,100,,17273,227,,,0,100,,17261,227,,,0
8500,'5d8e1f33-b15a-4d6c-bc08-744b1977a096',659,,17290,120,,,0,100,,17275,227,,,0,100,,17288,227,,,0,100,,17279,227,,,0,100,,17276,227,,,0,100,,17285,227,,,0,100,,17284,227,,,0,100,,17277,227,,,0,100,,17287,227,,,0,100,,17289,227,,,0,100,,17280,227,,,0,100,,17286,227,,,0,100,,17282,227,,,0,100,,17278,227,,,0,100,,17281,227,,,0,100,,17283,227,,,0
8500,'7c54d383-1c64-4a24-b06c-a04764f3562f',659,,17292,120,,,0,100,,17291,227,,,0,100,,17306,227,,,0,100,,17299,227,,,0,100,,17302,227,,,0,100,,17305,227,,,0,100,,17303,227,,,0,100,,17297,227,,,0,100,,17300,227,,,0,100,,17301,227,,,0,100,,17294,227,,,0,100,,17295,227,,,0,100,,17296,227,,,0,100,,17304,227,,,0,100,,17298,227,,,0,100,,17293,227,,,0
8500,'8406d080-6e75-4486-a00b-1c9c8d02b55f',659,,17318,120,,,0,100,,17321,227,,,0,100,,17322,227,,,0,100,,17319,227,,,0,100,,17309,227,,,0,100,,17308,227,,,0,100,,17312,227,,,0,100,,17307,227,,,0,100,,17314,227,,,0,100,,17310,227,,,0,100,,17315,227,,,0,100,,17311,227,,,0,100,,17317,227,,,0,100,,17316,227,,,0,100,,17313,227,,,0,100,,17320,227,,,0
8500,'d66d6429-e89f-4376-937c-b6bd14f92a3b',659,,17335,120,,,0,100,,17324,227,,,0,100,,17331,227,,,0,100,,17328,227,,,0,100,,17329,227,,,0,100,,17333,227,,,0,100,,17332,227,,,0,100,,17325,227,,,0,100,,17327,227,,,0,100,,17337,227,,,0,100,,17336,227,,,0,100,,17330,227,,,0,100,,17323,227,,,0,100,,17334,227,,,0,100,,17338,227,,,0,100,,17326,227,,,0
