8100,'294e58fc-bc13-4a33-bb1d-a337996c2e9c',2148,,13624,145,,,0
8100,'8ab1f009-ab59-4a8c-9771-20e344a37dba',655,,13634,168,,,0,100,,13625,168,,,0,100,,13631,168,,,0,200,,13632,168,,,0,100,,13633,168,,,0,100,,13626,168,,,0,200,,13627,168,,,0,100,,13638,168,,,0,100,,13630,168,,,0,100,,13629,168,,,0,100,,13635,168,,,0,100,,13637,168,,,0,100,,13628,168,,,0,93,,13636,145,,,0
8100,'8e972226-8e68-4b6a-9fd3-2e7f449277f5',2148,,13639,145,,,0
8100,'9493548d-afad-4b26-be65-c3aa23941f37',2148,,13640,145,,,0
8100,'9577949b-c1b9-4893-a4cc-d601db41a1fc',2148,,13641,145,,,0
8100,'991a1488-6339-4798-a1ff-4cc199131854',2148,,13642,145,,,0
8100,'bec99aa0-a127-4e27-ae17-e4c7db42f9ba',1055,,13643,168,,,0,100,,13644,168,,,0,200,,13648,168,,,0,100,,13647,168,,,0,100,,13646,168,,,0,100,,13649,168,,,0,100,,13645,160,,,0
8500,'294e58fc-bc13-4a33-bb1d-a337996c2e9c',651,,13662,89,,,0,100,,13653,196,,,0,100,,13668,196,,,0,100,,13666,196,,,0,100,,13654,196,,,0,100,,13655,196,,,0,100,,13657,196,,,0,100,,13659,196,,,0,100,,13667,196,,,0,100,,13661,196,,,0,100,,13664,196,,,0,100,,13663,196,,,0,100,,13658,196,,,0,100,,13656,196,,,0,100,,13660,196,,,0,100,,13665,196,,,0
8500,'8e972226-8e68-4b6a-9fd3-2e7f449277f5',651,,13681,89,,,0,100,,13675,196,,,0,100,,13680,196,,,0,100,,13683,196,,,0,100,,13671,196,,,0,100,,13670,196,,,0,100,,13673,196,,,0,100,,13679,196,,,0,100,,13677,196,,,0,100,,13669,196,,,0,100,,13672,196,,,0,100,,13684,196,,,0,100,,13674,196,,,0,100,,13676,196,,,0,100,,13682,196,,,0,100,,13678,196,,,0
8500,'9493548d-afad-4b26-be65-c3aa23941f37',651,,13697,89,,,0,100,,13691,196,,,0,100,,13688,196,,,0,100,,13695,196,,,0,100,,13686,196,,,0,100,,13689,196,,,0,100,,13694,196,,,0,100,,13690,196,,,0,100,,13693,196,,,0,100,,13692,196,,,0,100,,13700,196,,,0,100,,13685,196,,,0,100,,13696,196,,,0,100,,13699,196,,,0,100,,13687,196,,,0,100,,13698,196,,,0
8500,'9577949b-c1b9-4893-a4cc-d601db41a1fc',651,,13714,89,,,0,100,,13705,196,,,0,100,,13715,196,,,0,100,,13709,196,,,0,100,,13711,196,,,0,100,,13712,196,,,0,100,,13713,196,,,0,100,,13716,196,,,0,100,,13703,196,,,0,100,,13706,196,,,0,100,,13704,196,,,0,100,,13702,196,,,0,100,,13710,196,,,0,100,,13707,196,,,0,100,,13701,196,,,0,100,,13708,196,,,0
8500,'991a1488-6339-4798-a1ff-4cc199131854',651,,13731,89,,,0,100,,13718,196,,,0,100,,13717,196,,,0,100,,13722,196,,,0,100,,13723,196,,,0,100,,13728,196,,,0,100,,13725,196,,,0,100,,13724,196,,,0,100,,13726,196,,,0,100,,13727,196,,,0,100,,13720,196,,,0,100,,13732,196,,,0,100,,13730,196,,,0,100,,13719,196,,,0,100,,13721,196,,,0,100,,13729,196,,,0
