8100,'294e58fc-bc13-4a33-bb1d-a337996c2e9c',2149,,13624,152,,,0
8100,'8ab1f009-ab59-4a8c-9771-20e344a37dba',657,,13634,176,,,0,100,,13625,176,,,0,100,,13631,176,,,0,200,,13632,176,,,0,100,,13633,176,,,0,100,,13626,176,,,0,200,,13627,176,,,0,100,,13638,176,,,0,100,,13630,176,,,0,100,,13629,176,,,0,100,,13635,176,,,0,100,,13637,176,,,0,100,,13628,176,,,0,92,,13636,152,,,0
8100,'8e972226-8e68-4b6a-9fd3-2e7f449277f5',2149,,13639,152,,,0
8100,'9493548d-afad-4b26-be65-c3aa23941f37',2149,,13640,152,,,0
8100,'9577949b-c1b9-4893-a4cc-d601db41a1fc',2149,,13641,152,,,0
8100,'991a1488-6339-4798-a1ff-4cc199131854',2149,,13642,152,,,0
8100,'bec99aa0-a127-4e27-ae17-e4c7db42f9ba',1057,,13643,176,,,0,100,,13644,176,,,0,200,,13648,176,,,0,100,,13647,176,,,0,100,,13646,176,,,0,100,,13649,176,,,0,100,,13645,167,,,0
8500,'294e58fc-bc13-4a33-bb1d-a337996c2e9c',652,,13662,96,,,0,100,,13653,203,,,0,100,,13668,203,,,0,100,,13666,203,,,0,100,,13654,203,,,0,100,,13655,203,,,0,100,,13657,203,,,0,100,,13659,203,,,0,100,,13667,203,,,0,100,,13661,203,,,0,100,,13664,203,,,0,100,,13663,203,,,0,100,,13658,203,,,0,100,,13656,203,,,0,100,,13660,203,,,0,100,,13665,203,,,0
8500,'8e972226-8e68-4b6a-9fd3-2e7f449277f5',652,,13681,96,,,0,100,,13675,203,,,0,100,,13680,203,,,0,100,,13683,203,,,0,100,,13671,203,,,0,100,,13670,203,,,0,100,,13673,203,,,0,100,,13679,203,,,0,100,,13677,203,,,0,100,,13669,203,,,0,100,,13672,203,,,0,100,,13684,203,,,0,100,,13674,203,,,0,100,,13676,203,,,0,100,,13682,203,,,0,100,,13678,203,,,0
8500,'9493548d-afad-4b26-be65-c3aa23941f37',652,,13697,96,,,0,100,,13691,203,,,0,100,,13688,203,,,0,100,,13695,203,,,0,100,,13686,203,,,0,100,,13689,203,,,0,100,,13694,203,,,0,100,,13690,203,,,0,100,,13693,203,,,0,100,,13692,203,,,0,100,,13700,203,,,0,100,,13685,203,,,0,100,,13696,203,,,0,100,,13699,203,,,0,100,,13687,203,,,0,100,,13698,203,,,0
8500,'9577949b-c1b9-4893-a4cc-d601db41a1fc',652,,13714,96,,,0,100,,13705,203,,,0,100,,13715,203,,,0,100,,13709,203,,,0,100,,13711,203,,,0,100,,13712,203,,,0,100,,13713,203,,,0,100,,13716,203,,,0,100,,13703,203,,,0,100,,13706,203,,,0,100,,13704,203,,,0,100,,13702,203,,,0,100,,13710,203,,,0,100,,13707,203,,,0,100,,13701,203,,,0,100,,13708,203,,,0
8500,'991a1488-6339-4798-a1ff-4cc199131854',652,,13731,96,,,0,100,,13718,203,,,0,100,,13717,203,,,0,100,,13722,203,,,0,100,,13723,203,,,0,100,,13728,203,,,0,100,,13725,203,,,0,100,,13724,203,,,0,100,,13726,203,,,0,100,,13727,203,,,0,100,,13720,203,,,0,100,,13732,203,,,0,100,,13730,203,,,0,100,,13719,203,,,0,100,,13721,203,,,0,100,,13729,203,,,0
