8100,'20e11cfa-d6a6-46ec-932e-c3530533c309',2147,,6414,140,,,0
8100,'29539182-f080-4698-b528-b5cea7c0f7e4',2147,,6415,140,,,0
8100,'4ff90fe8-7b85-4537-858e-36c817b2ba06',1054,,6418,161,,,0,100,,6420,161,,,0,200,,6416,161,,,0,100,,6421,161,,,0,100,,6422,161,,,0,100,,6419,161,,,0,100,,6417,155,,,0
8100,'53316f13-7e2a-415d-a780-d65e8f9fc920',654,,6431,161,,,0,100,,6425,161,,,0,100,,6435,161,,,0,200,,6433,161,,,0,100,,6434,161,,,0,100,,6423,161,,,0,200,,6428,161,,,0,100,,6430,161,,,0,100,,6436,161,,,0,100,,6429,161,,,0,100,,6427,161,,,0,100,,6432,161,,,0,100,,6426,161,,,0,93,,6424,140,,,0
8100,'9712db0e-9c6e-4aef-9821-7ba79476301c',2147,,6437,140,,,0
8100,'aa100e8f-694c-4b5d-8041-b019347d5019',2147,,6438,140,,,0
8100,'e6a8ef7e-0cfa-4bac-b2c4-68d071108359',2147,,6439,140,,,0
8500,'20e11cfa-d6a6-46ec-932e-c3530533c309',650,,6446,84,,,0,100,,6443,191,,,0,100,,6455,191,,,0,100,,6457,191,,,0,100,,6458,191,,,0,100,,6444,191,,,0,100,,6453,191,,,0,100,,6456,191,,,0,100,,6454,191,,,0,100,,6451,191,,,0,100,,6447,191,,,0,100,,6449,191,,,0,100,,6452,191,,,0,100,,6448,191,,,0,100,,6445,191,,,0,100,,6450,191,,,0
8500,'29539182-f080-4698-b528-b5cea7c0f7e4',650,,6464,84,,,0,100,,6470,191,,,0,100,,6474,191,,,0,100,,6466,191,,,0,100,,6473,191,,,0,100,,6472,191,,,0,100,,6467,191,,,0,100,,6471,191,,,0,100,,6460,191,,,0,100,,6459,191,,,0,100,,6468,191,,,0,100,,6461,191,,,0,100,,6462,191,,,0,100,,6469,191,,,0,100,,6465,191,,,0,100,,6463,191,,,0
8500,'9712db0e-9c6e-4aef-9821-7ba79476301c',650,,6479,84,,,0,100,,6489,191,,,0,100,,6484,191,,,0,100,,6485,191,,,0,100,,6482,191,,,0,100,,6490,191,,,0,100,,6488,191,,,0,100,,6486,191,,,0,100,,6475,191,,,0,100,,6480,191,,,0,100,,6476,191,,,0,100,,6487,191,,,0,100,,6483,191,,,0,100,,6477,191,,,0,100,,6478,191,,,0,100,,6481,191,,,0
8500,'aa100e8f-694c-4b5d-8041-b019347d5019',650,,6496,84,,,0,100,,6503,191,,,0,100,,6504,191,,,0,100,,6492,191,,,0,100,,6491,191,,,0,100,,6498,191,,,0,100,,6497,191,,,0,100,,6494,191,,,0,100,,6493,191,,,0,100,,6502,191,,,0,100,,6505,191,,,0,100,,6506,191,,,0,100,,6500,191,,,0,100,,6499,191,,,0,100,,6501,191,,,0,100,,6495,191,,,0
8500,'e6a8ef7e-0cfa-4bac-b2c4-68d071108359',650,,6513,84,,,0,100,,6522,191,,,0,100,,6517,191,,,0,100,,6514,191,,,0,100,,6518,191,,,0,100,,6519,191,,,0,100,,6512,191,,,0,100,,6511,191,,,0,100,,6516,191,,,0,100,,6508,191,,,0,100,,6510,191,,,0,100,,6520,191,,,0,100,,6509,191,,,0,100,,6507,191,,,0,100,,6521,191,,,0,100,,6515,191,,,0
