8100,'20e11cfa-d6a6-46ec-932e-c3530533c309',2143,,6414,91,,,0
8100,'29539182-f080-4698-b528-b5cea7c0f7e4',2143,,6415,91,,,0
8100,'4ff90fe8-7b85-4537-858e-36c817b2ba06',1037,,6418,41,,,0,100,,6420,41,,,0,200,,6416,41,,,0,100,,6421,41,,,0,100,,6422,41,,,0,100,,6419,41,,,0,100,,6417,40,,,0
8100,'53316f13-7e2a-415d-a780-d65e8f9fc920',637,,6431,41,,,0,100,,6425,41,,,0,100,,6435,41,,,0,200,,6433,41,,,0,100,,6434,41,,,0,100,,6423,41,,,0,200,,6428,41,,,0,100,,6430,41,,,0,100,,6436,41,,,0,100,,6429,41,,,0,100,,6427,41,,,0,100,,6432,41,,,0,100,,6426,41,,,0,106,,6424,91,,,0
8100,'9712db0e-9c6e-4aef-9821-7ba79476301c',2143,,6437,91,,,0
8100,'aa100e8f-694c-4b5d-8041-b019347d5019',2143,,6438,91,,,0
8100,'e6a8ef7e-0cfa-4bac-b2c4-68d071108359',2143,,6439,91,,,0
8200,'4ff90fe8-7b85-4537-858e-36c817b2ba06',1237,,6440,42,,,0,68,,6440,278,,,0
8200,'53316f13-7e2a-415d-a780-d65e8f9fc920',937,,6441,42,,,0,68,,6441,278,,,0,332,,6442,42,,,0,68,,6442,278,,,0
8600,'20e11cfa-d6a6-46ec-932e-c3530533c309',552,,6530,37,,,0,75,,6541,37,,,0,75,,6537,37,,,0,35,,6543,37,,,0,80,,6536,37,,,0,40,,6528,37,,,0,80,,6540,37,,,0,75,,6534,37,,,0,35,,6523,37,,,0,75,,6527,37,,,0,35,,6544,37,,,0,75,,6526,37,,,0,75,,6539,37,,,0,35,,6547,37,,,0,75,,6533,37,,,0,35,,6529,37,,,0,75,,6525,37,,,0,75,,6531,37,,,0,35,,6542,37,,,0,80,,6548,37,,,0,40,,6545,37,,,0,80,,6546,37,,,0,75,,6524,37,,,0,35,,6535,37,,,0,75,,6532,37,,,0,35,,6538,37,,,0
8600,'29539182-f080-4698-b528-b5cea7c0f7e4',552,,6565,37,,,0,75,,6568,37,,,0,75,,6560,37,,,0,35,,6562,37,,,0,80,,6571,37,,,0,40,,6559,37,,,0,80,,6574,37,,,0,75,,6573,37,,,0,35,,6563,37,,,0,75,,6561,37,,,0,35,,6553,37,,,0,75,,6549,37,,,0,75,,6566,37,,,0,35,,6555,37,,,0,75,,6551,37,,,0,35,,6554,37,,,0,75,,6564,37,,,0,75,,6556,37,,,0,35,,6558,37,,,0,80,,6552,37,,,0,40,,6557,37,,,0,80,,6567,37,,,0,75,,6569,37,,,0,35,,6572,37,,,0,75,,6570,37,,,0,35,,6550,37,,,0
8600,'9712db0e-9c6e-4aef-9821-7ba79476301c',552,,6577,37,,,0,75,,6597,37,,,0,75,,6585,37,,,0,35,,6596,37,,,0,80,,6587,37,,,0,40,,6580,37,,,0,80,,6575,37,,,0,75,,6594,37,,,0,35,,6588,37,,,0,75,,6586,37,,,0,35,,6582,37,,,0,75,,6598,37,,,0,75,,6581,37,,,0,35,,6592,37,,,0,75,,6599,37,,,0,35,,6578,37,,,0,75,,6579,37,,,0,75,,6589,37,,,0,35,,6590,37,,,0,80,,6576,37,,,0,40,,6593,37,,,0,80,,6595,37,,,0,75,,6583,37,,,0,35,,6584,37,,,0,75,,6591,37,,,0,35,,6600,37,,,0
8600,'aa100e8f-694c-4b5d-8041-b019347d5019',552,,6609,37,,,0,75,,6604,37,,,0,75,,6607,37,,,0,35,,6614,37,,,0,80,,6624,37,,,0,40,,6613,37,,,0,80,,6612,37,,,0,75,,6617,37,,,0,35,,6603,37,,,0,75,,6626,37,,,0,35,,6616,37,,,0,75,,6602,37,,,0,75,,6618,37,,,0,35,,6601,37,,,0,75,,6615,37,,,0,35,,6608,37,,,0,75,,6619,37,,,0,75,,6625,37,,,0,35,,6622,37,,,0,80,,6611,37,,,0,40,,6610,37,,,0,80,,6621,37,,,0,75,,6620,37,,,0,35,,6623,37,,,0,75,,6605,37,,,0,35,,6606,37,,,0
8600,'e6a8ef7e-0cfa-4bac-b2c4-68d071108359',552,,6641,37,,,0,75,,6649,37,,,0,75,,6627,37,,,0,35,,6637,37,,,0,80,,6642,37,,,0,40,,6634,37,,,0,80,,6646,37,,,0,75,,6648,37,,,0,35,,6628,37,,,0,75,,6636,37,,,0,35,,6652,37,,,0,75,,6644,37,,,0,75,,6632,37,,,0,35,,6638,37,,,0,75,,6650,37,,,0,35,,6631,37,,,0,75,,6640,37,,,0,75,,6645,37,,,0,35,,6629,37,,,0,80,,6651,37,,,0,40,,6643,37,,,0,80,,6633,37,,,0,75,,6647,37,,,0,35,,6639,37,,,0,75,,6630,37,,,0,35,,6635,37,,,0
