8100,'20e11cfa-d6a6-46ec-932e-c3530533c309',2209,,6414,194,,,0
8100,'29539182-f080-4698-b528-b5cea7c0f7e4',2209,,6415,194,,,0
8100,'4ff90fe8-7b85-4537-858e-36c817b2ba06',1112,,6418,230,,,0,100,,6420,230,,,0,200,,6416,230,,,0,100,,6421,230,,,0,100,,6422,230,,,0,100,,6419,230,,,0,96,,6417,210,,,0
8100,'53316f13-7e2a-415d-a780-d65e8f9fc920',712,,6431,230,,,0,100,,6425,230,,,0,100,,6435,230,,,0,200,,6433,230,,,0,100,,6434,230,,,0,100,,6423,230,,,0,200,,6428,230,,,0,100,,6430,230,,,0,100,,6436,230,,,0,100,,6429,230,,,0,100,,6427,230,,,0,100,,6432,230,,,0,100,,6426,230,,,0,97,,6424,194,,,0
8100,'9712db0e-9c6e-4aef-9821-7ba79476301c',2209,,6437,194,,,0
8100,'aa100e8f-694c-4b5d-8041-b019347d5019',2209,,6438,194,,,0
8100,'e6a8ef7e-0cfa-4bac-b2c4-68d071108359',2209,,6439,194,,,0
8500,'20e11cfa-d6a6-46ec-932e-c3530533c309',705,,6446,138,,,0,100,,6443,245,,,0,100,,6455,245,,,0,100,,6457,245,,,0,100,,6458,245,,,0,100,,6444,245,,,0,100,,6453,245,,,0,100,,6456,245,,,0,100,,6454,245,,,0,100,,6451,245,,,0,100,,6447,245,,,0,100,,6449,245,,,0,100,,6452,245,,,0,100,,6448,245,,,0,100,,6445,245,,,0,100,,6450,245,,,0
8500,'29539182-f080-4698-b528-b5cea7c0f7e4',705,,6464,138,,,0,100,,6470,245,,,0,100,,6474,245,,,0,100,,6466,245,,,0,100,,6473,245,,,0,100,,6472,245,,,0,100,,6467,245,,,0,100,,6471,245,,,0,100,,6460,245,,,0,100,,6459,245,,,0,100,,6468,245,,,0,100,,6461,245,,,0,100,,6462,245,,,0,100,,6469,245,,,0,100,,6465,245,,,0,100,,6463,245,,,0
8500,'9712db0e-9c6e-4aef-9821-7ba79476301c',705,,6479,138,,,0,100,,6489,245,,,0,100,,6484,245,,,0,100,,6485,245,,,0,100,,6482,245,,,0,100,,6490,245,,,0,100,,6488,245,,,0,100,,6486,245,,,0,100,,6475,245,,,0,100,,6480,245,,,0,100,,6476,245,,,0,100,,6487,245,,,0,100,,6483,245,,,0,100,,6477,245,,,0,100,,6478,245,,,0,100,,6481,245,,,0
8500,'aa100e8f-694c-4b5d-8041-b019347d5019',705,,6496,138,,,0,100,,6503,245,,,0,100,,6504,245,,,0,100,,6492,245,,,0,100,,6491,245,,,0,100,,6498,245,,,0,100,,6497,245,,,0,100,,6494,245,,,0,100,,6493,245,,,0,100,,6502,245,,,0,100,,6505,245,,,0,100,,6506,245,,,0,100,,6500,245,,,0,100,,6499,245,,,0,100,,6501,245,,,0,100,,6495,245,,,0
8500,'e6a8ef7e-0cfa-4bac-b2c4-68d071108359',705,,6513,138,,,0,100,,6522,245,,,0,100,,6517,245,,,0,100,,6514,245,,,0,100,,6518,245,,,0,100,,6519,245,,,0,100,,6512,245,,,0,100,,6511,245,,,0,100,,6516,245,,,0,100,,6508,245,,,0,100,,6510,245,,,0,100,,6520,245,,,0,100,,6509,245,,,0,100,,6507,245,,,0,100,,6521,245,,,0,100,,6515,245,,,0
