8100,'20e11cfa-d6a6-46ec-932e-c3530533c309',2139,,6414,59,,,0
8100,'29539182-f080-4698-b528-b5cea7c0f7e4',2139,,6415,59,,,0
8100,'4ff90fe8-7b85-4537-858e-36c817b2ba06',1819,,6417,280,,,0
8100,'53316f13-7e2a-415d-a780-d65e8f9fc920',2139,,6424,59,,,0
8100,'9712db0e-9c6e-4aef-9821-7ba79476301c',2139,,6437,59,,,0
8100,'aa100e8f-694c-4b5d-8041-b019347d5019',2139,,6438,59,,,0
8100,'e6a8ef7e-0cfa-4bac-b2c4-68d071108359',2139,,6439,59,,,0
8200,'4ff90fe8-7b85-4537-858e-36c817b2ba06',1253,,6440,209,,,0
8200,'53316f13-7e2a-415d-a780-d65e8f9fc920',953,,6441,209,,,0,400,,6442,209,,,0
8500,'20e11cfa-d6a6-46ec-932e-c3530533c309',724,,6443,101,,,0,100,,6455,101,,,0,100,,6457,101,,,0,100,,6458,101,,,0,100,,6444,101,,,0,100,,6453,101,,,0,100,,6456,101,,,0,100,,6454,101,,,0,100,,6451,101,,,0,100,,6447,101,,,0,100,,6449,101,,,0,100,,6452,101,,,0,100,,6448,101,,,0,100,,6445,101,,,0,100,,6450,101,,,0
8500,'29539182-f080-4698-b528-b5cea7c0f7e4',724,,6470,101,,,0,100,,6474,101,,,0,100,,6466,101,,,0,100,,6473,101,,,0,100,,6472,101,,,0,100,,6467,101,,,0,100,,6471,101,,,0,100,,6460,101,,,0,100,,6459,101,,,0,100,,6468,101,,,0,100,,6461,101,,,0,100,,6462,101,,,0,100,,6469,101,,,0,100,,6465,101,,,0,100,,6463,101,,,0
8500,'9712db0e-9c6e-4aef-9821-7ba79476301c',724,,6489,101,,,0,100,,6484,101,,,0,100,,6485,101,,,0,100,,6482,101,,,0,100,,6490,101,,,0,100,,6488,101,,,0,100,,6486,101,,,0,100,,6475,101,,,0,100,,6480,101,,,0,100,,6476,101,,,0,100,,6487,101,,,0,100,,6483,101,,,0,100,,6477,101,,,0,100,,6478,101,,,0,100,,6481,101,,,0
8500,'aa100e8f-694c-4b5d-8041-b019347d5019',724,,6503,101,,,0,100,,6504,101,,,0,100,,6492,101,,,0,100,,6491,101,,,0,100,,6498,101,,,0,100,,6497,101,,,0,100,,6494,101,,,0,100,,6493,101,,,0,100,,6502,101,,,0,100,,6505,101,,,0,100,,6506,101,,,0,100,,6500,101,,,0,100,,6499,101,,,0,100,,6501,101,,,0,100,,6495,101,,,0
8500,'e6a8ef7e-0cfa-4bac-b2c4-68d071108359',724,,6522,101,,,0,100,,6517,101,,,0,100,,6514,101,,,0,100,,6518,101,,,0,100,,6519,101,,,0,100,,6512,101,,,0,100,,6511,101,,,0,100,,6516,101,,,0,100,,6508,101,,,0,100,,6510,101,,,0,100,,6520,101,,,0,100,,6509,101,,,0,100,,6507,101,,,0,100,,6521,101,,,0,100,,6515,101,,,0
