8100,'3b7f0ccc-4b86-44f9-804c-3016d4439aa6',2140,,10018,67,,,0
8100,'545fdaed-298a-4873-ae9e-185363247123',1821,,10019,287,,,0
8100,'72a07536-7ac5-462d-91fd-4adacd8d70a1',2140,,10026,67,,,0
8100,'b5be936f-506a-42fd-8fe9-aa394bb7d40c',2140,,10027,67,,,0
8100,'c0258e04-8c49-4a98-8bc9-d3680145007e',2140,,10028,67,,,0
8100,'db4ab86b-f5f5-4d9a-8c75-2988ac0b1af4',2140,,10030,67,,,0
8100,'fbc81037-9cf3-4a4d-b4aa-43897a8ca294',2140,,10043,67,,,0
8200,'545fdaed-298a-4873-ae9e-185363247123',1255,,10044,221,,,0
8200,'db4ab86b-f5f5-4d9a-8c75-2988ac0b1af4',955,,10046,221,,,0,400,,10045,221,,,0
8500,'3b7f0ccc-4b86-44f9-804c-3016d4439aa6',627,,10047,4,,,0,100,,10049,111,,,0,100,,10048,111,,,0,100,,10056,111,,,0,100,,10053,111,,,0,100,,10055,111,,,0,100,,10062,111,,,0,100,,10054,111,,,0,100,,10051,111,,,0,100,,10050,111,,,0,100,,10052,111,,,0,100,,10059,111,,,0,100,,10060,111,,,0,100,,10061,111,,,0,100,,10058,111,,,0,100,,10057,111,,,0
8500,'72a07536-7ac5-462d-91fd-4adacd8d70a1',627,,10076,4,,,0,100,,10073,111,,,0,100,,10063,111,,,0,100,,10066,111,,,0,100,,10072,111,,,0,100,,10077,111,,,0,100,,10071,111,,,0,100,,10070,111,,,0,100,,10064,111,,,0,100,,10068,111,,,0,100,,10069,111,,,0,100,,10078,111,,,0,100,,10075,111,,,0,100,,10074,111,,,0,100,,10067,111,,,0,100,,10065,111,,,0
8500,'b5be936f-506a-42fd-8fe9-aa394bb7d40c',627,,10090,4,,,0,100,,10080,111,,,0,100,,10094,111,,,0,100,,10093,111,,,0,100,,10091,111,,,0,100,,10079,111,,,0,100,,10085,111,,,0,100,,10083,111,,,0,100,,10089,111,,,0,100,,10088,111,,,0,100,,10082,111,,,0,100,,10081,111,,,0,100,,10092,111,,,0,100,,10087,111,,,0,100,,10084,111,,,0,100,,10086,111,,,0
8500,'c0258e04-8c49-4a98-8bc9-d3680145007e',627,,10099,4,,,0,100,,10107,111,,,0,100,,10110,111,,,0,100,,10101,111,,,0,100,,10108,111,,,0,100,,10095,111,,,0,100,,10098,111,,,0,100,,10104,111,,,0,100,,10106,111,,,0,100,,10102,111,,,0,100,,10105,111,,,0,100,,10100,111,,,0,100,,10103,111,,,0,100,,10096,111,,,0,100,,10109,111,,,0,100,,10097,111,,,0
8500,'fbc81037-9cf3-4a4d-b4aa-43897a8ca294',627,,10113,4,,,0,100,,10119,111,,,0,100,,10124,111,,,0,100,,10111,111,,,0,100,,10123,111,,,0,100,,10112,111,,,0,100,,10115,111,,,0,100,,10117,111,,,0,100,,10125,111,,,0,100,,10118,111,,,0,100,,10114,111,,,0,100,,10121,111,,,0,100,,10116,111,,,0,100,,10122,111,,,0,100,,10126,111,,,0,100,,10120,111,,,0
