6400,'3cbacc5c-479f-4e46-92a9-193ce5972e98',648,,16590,105,,,0,75,,16581,105,,,0,19,,16587,105,,,0,58,,16572,105,,,0,18,,16566,105,,,0,18,,16577,105,,,0,18,,16569,105,,,0,58,,16576,105,,,0,18,,16570,105,,,0,18,,16601,105,,,0,58,,16579,105,,,0,18,,16599,105,,,0,35,,16583,105,,,0,75,,16600,105,,,0,75,,16597,105,,,0,35,,16574,105,,,0,75,,16571,105,,,0,35,,16586,105,,,0,75,,16582,105,,,0,75,,16578,105,,,0,18,,16596,105,,,0,18,,16595,105,,,0,18,,16573,105,,,0,58,,16588,105,,,0,18,,16593,105,,,0,18,,16568,105,,,0,58,,16589,105,,,0,18,,16580,105,,,0,18,,16565,105,,,0,58,,16591,105,,,0,35,,16584,105,,,0,75,,16598,105,,,0,35,,16592,105,,,0,75,,16602,105,,,0,31,,16585,105,,,0,70,,16575,105,,,0,30,,16567,105,,,0,70,,16594,105,,,0
6400,'5d8e1f33-b15a-4d6c-bc08-744b1977a096',648,,16634,105,,,0,75,,16604,105,,,0,19,,16623,105,,,0,58,,16609,105,,,0,18,,16624,105,,,0,18,,16640,105,,,0,18,,16636,105,,,0,58,,16633,105,,,0,18,,16615,105,,,0,18,,16611,105,,,0,58,,16639,105,,,0,18,,16606,105,,,0,35,,16618,105,,,0,75,,16635,105,,,0,75,,16627,105,,,0,35,,16614,105,,,0,75,,16603,105,,,0,35,,16632,105,,,0,75,,16605,105,,,0,75,,16631,105,,,0,18,,16622,105,,,0,18,,16607,105,,,0,18,,16626,105,,,0,58,,16621,105,,,0,18,,16625,105,,,0,18,,16612,105,,,0,58,,16629,105,,,0,18,,16630,105,,,0,18,,16619,105,,,0,58,,16628,105,,,0,35,,16616,105,,,0,75,,16610,105,,,0,35,,16613,105,,,0,75,,16637,105,,,0,31,,16608,105,,,0,70,,16617,105,,,0,30,,16620,105,,,0,70,,16638,105,,,0
6400,'603637be-3b89-4de4-a225-ae420419f9d6',958,,16652,105,,,0,75,,16647,105,,,0,75,,16654,105,,,0,35,,16644,105,,,0,75,,16642,105,,,0,35,,16653,105,,,0,75,,16650,105,,,0,75,,16656,105,,,0,35,,16646,105,,,0,75,,16648,105,,,0,35,,16649,105,,,0,75,,16645,105,,,0,35,,16643,105,,,0,75,,16641,105,,,0,75,,16655,105,,,0
6400,'7c54d383-1c64-4a24-b06c-a04764f3562f',648,,16662,105,,,0,75,,16666,105,,,0,19,,16658,105,,,0,58,,16660,105,,,0,18,,16684,105,,,0,18,,16670,105,,,0,18,,16669,105,,,0,58,,16659,105,,,0,18,,16673,105,,,0,18,,16663,105,,,0,58,,16694,105,,,0,18,,16687,105,,,0,35,,16676,105,,,0,75,,16671,105,,,0,75,,16667,105,,,0,35,,16683,105,,,0,75,,16685,105,,,0,35,,16664,105,,,0,75,,16672,105,,,0,75,,16674,105,,,0,18,,16675,105,,,0,18,,16690,105,,,0,18,,16668,105,,,0,58,,16680,105,,,0,18,,16691,105,,,0,18,,16661,105,,,0,58,,16679,105,,,0,18,,16692,105,,,0,18,,16686,105,,,0,58,,16688,105,,,0,35,,16665,105,,,0,75,,16657,105,,,0,35,,16678,105,,,0,75,,16693,105,,,0,31,,16677,105,,,0,70,,16689,105,,,0,30,,16682,105,,,0,70,,16681,105,,,0
6400,'8406d080-6e75-4486-a00b-1c9c8d02b55f',648,,16725,105,,,0,75,,16699,105,,,0,19,,16722,105,,,0,58,,16696,105,,,0,18,,16728,105,,,0,18,,16695,105,,,0,18,,16710,105,,,0,58,,16701,105,,,0,18,,16698,105,,,0,18,,16711,105,,,0,58,,16705,105,,,0,18,,16697,105,,,0,35,,16732,105,,,0,75,,16708,105,,,0,75,,16717,105,,,0,35,,16709,105,,,0,75,,16718,105,,,0,35,,16702,105,,,0,75,,16704,105,,,0,75,,16719,105,,,0,18,,16720,105,,,0,18,,16726,105,,,0,18,,16727,105,,,0,58,,16716,105,,,0,18,,16729,105,,,0,18,,16730,105,,,0,58,,16706,105,,,0,18,,16724,105,,,0,18,,16714,105,,,0,58,,16700,105,,,0,35,,16712,105,,,0,75,,16715,105,,,0,35,,16723,105,,,0,75,,16713,105,,,0,31,,16703,105,,,0,70,,16707,105,,,0,30,,16721,105,,,0,70,,16731,105,,,0
6400,'d66d6429-e89f-4376-937c-b6bd14f92a3b',648,,16747,105,,,0,75,,16766,105,,,0,19,,16760,105,,,0,58,,16752,105,,,0,18,,16758,105,,,0,18,,16764,105,,,0,18,,16753,105,,,0,58,,16759,105,,,0,18,,16744,105,,,0,18,,16756,105,,,0,58,,16754,105,,,0,18,,16735,105,,,0,35,,16739,105,,,0,75,,16750,105,,,0,75,,16742,105,,,0,35,,16748,105,,,0,75,,16745,105,,,0,35,,16737,105,,,0,75,,16751,105,,,0,75,,16746,105,,,0,18,,16738,105,,,0,18,,16768,105,,,0,18,,16743,105,,,0,58,,16763,105,,,0,18,,16740,105,,,0,18,,16734,105,,,0,58,,16761,105,,,0,18,,16749,105,,,0,18,,16733,105,,,0,58,,16755,105,,,0,35,,16741,105,,,0,75,,16767,105,,,0,35,,16770,105,,,0,75,,16762,105,,,0,31,,16769,105,,,0,70,,16765,105,,,0,30,,16736,105,,,0,70,,16757,105,,,0
6400,'d696856f-d252-4a8b-bd9f-2960bd70f042',648,,16778,105,,,0,75,,16779,105,,,0,79,,16787,105,,,0,40,,16772,105,,,0,80,,16789,105,,,0,36,,16791,105,,,0,75,,16774,105,,,0,75,,16796,105,,,0,35,,16781,105,,,0,75,,16793,105,,,0,35,,16797,105,,,0,75,,16785,105,,,0,75,,16776,105,,,0,35,,16786,105,,,0,75,,16782,105,,,0,35,,16780,105,,,0,79,,16775,105,,,0,80,,16790,105,,,0,40,,16784,105,,,0,80,,16777,105,,,0,76,,16788,105,,,0,35,,16792,105,,,0,75,,16783,105,,,0,35,,16795,105,,,0,75,,16794,105,,,0,35,,16771,105,,,0,72,,16773,105,,,0
6600,'3cbacc5c-479f-4e46-92a9-193ce5972e98',722,,16993,242,,,0,110,,16985,242,,,0,170,,16982,242,,,0,110,,16984,242,,,0,110,,16987,242,,,0,115,,16990,300,0,8,0,110,,16983,242,,,0,110,,16986,242,,,0,150,,16988,242,,,0,110,,16991,242,,,0,115,,16989,300,0,8,0,102,,16992,242,,,0
6600,'5d8e1f33-b15a-4d6c-bc08-744b1977a096',722,,17001,242,,,0,110,,16997,242,,,0,170,,17003,242,,,0,110,,17004,242,,,0,110,,17002,242,,,0,115,,16994,300,0,8,0,110,,16999,242,,,0,110,,17000,242,,,0,150,,17005,242,,,0,110,,16996,242,,,0,115,,16998,300,0,8,0,102,,16995,242,,,0
6600,'603637be-3b89-4de4-a225-ae420419f9d6',1122,,17009,242,,,0,200,,17006,242,,,0,200,,17008,242,,,0,200,,17007,242,,,0
6600,'7c54d383-1c64-4a24-b06c-a04764f3562f',722,,17017,242,,,0,110,,17021,242,,,0,170,,17018,242,,,0,110,,17020,242,,,0,110,,17013,242,,,0,115,,17012,300,0,8,0,110,,17011,242,,,0,110,,17015,242,,,0,150,,17010,242,,,0,110,,17016,242,,,0,115,,17014,300,0,8,0,102,,17019,242,,,0
6600,'8406d080-6e75-4486-a00b-1c9c8d02b55f',722,,17030,242,,,0,110,,17032,242,,,0,170,,17026,242,,,0,110,,17023,242,,,0,110,,17028,242,,,0,115,,17027,300,0,8,0,110,,17029,242,,,0,110,,17022,242,,,0,150,,17025,242,,,0,110,,17024,242,,,0,115,,17031,300,0,8,0,102,,17033,242,,,0
6600,'d66d6429-e89f-4376-937c-b6bd14f92a3b',722,,17037,242,,,0,110,,17041,242,,,0,170,,17038,242,,,0,110,,17040,242,,,0,110,,17034,242,,,0,115,,17036,300,0,8,0,110,,17045,242,,,0,110,,17044,242,,,0,150,,17035,242,,,0,110,,17043,242,,,0,115,,17039,300,0,8,0,102,,17042,242,,,0
6600,'d696856f-d252-4a8b-bd9f-2960bd70f042',722,,17050,242,,,0,100,,17049,242,,,0,800,,17048,242,,,0,100,,17046,242,,,0,100,,17047,242,,,0
