8100,'294e58fc-bc13-4a33-bb1d-a337996c2e9c',2201,,13624,180,,,0
8100,'8ab1f009-ab59-4a8c-9771-20e344a37dba',708,,13634,213,,,0,100,,13625,213,,,0,100,,13631,213,,,0,200,,13632,213,,,0,100,,13633,213,,,0,100,,13626,213,,,0,200,,13627,213,,,0,100,,13638,213,,,0,100,,13630,213,,,0,100,,13629,213,,,0,100,,13635,213,,,0,100,,13637,213,,,0,100,,13628,213,,,0,93,,13636,180,,,0
8100,'8e972226-8e68-4b6a-9fd3-2e7f449277f5',2201,,13639,180,,,0
8100,'9493548d-afad-4b26-be65-c3aa23941f37',2201,,13640,180,,,0
8100,'9577949b-c1b9-4893-a4cc-d601db41a1fc',2201,,13641,180,,,0
8100,'991a1488-6339-4798-a1ff-4cc199131854',2201,,13642,180,,,0
8100,'bec99aa0-a127-4e27-ae17-e4c7db42f9ba',1108,,13643,213,,,0,100,,13644,213,,,0,200,,13648,213,,,0,100,,13647,213,,,0,100,,13646,213,,,0,100,,13649,213,,,0,98,,13645,195,,,0
8500,'294e58fc-bc13-4a33-bb1d-a337996c2e9c',701,,13662,123,,,0,100,,13653,230,,,0,100,,13668,230,,,0,100,,13666,230,,,0,100,,13654,230,,,0,100,,13655,230,,,0,100,,13657,230,,,0,100,,13659,230,,,0,100,,13667,230,,,0,100,,13661,230,,,0,100,,13664,230,,,0,100,,13663,230,,,0,100,,13658,230,,,0,100,,13656,230,,,0,100,,13660,230,,,0,100,,13665,230,,,0
8500,'8e972226-8e68-4b6a-9fd3-2e7f449277f5',701,,13681,123,,,0,100,,13675,230,,,0,100,,13680,230,,,0,100,,13683,230,,,0,100,,13671,230,,,0,100,,13670,230,,,0,100,,13673,230,,,0,100,,13679,230,,,0,100,,13677,230,,,0,100,,13669,230,,,0,100,,13672,230,,,0,100,,13684,230,,,0,100,,13674,230,,,0,100,,13676,230,,,0,100,,13682,230,,,0,100,,13678,230,,,0
8500,'9493548d-afad-4b26-be65-c3aa23941f37',701,,13697,123,,,0,100,,13691,230,,,0,100,,13688,230,,,0,100,,13695,230,,,0,100,,13686,230,,,0,100,,13689,230,,,0,100,,13694,230,,,0,100,,13690,230,,,0,100,,13693,230,,,0,100,,13692,230,,,0,100,,13700,230,,,0,100,,13685,230,,,0,100,,13696,230,,,0,100,,13699,230,,,0,100,,13687,230,,,0,100,,13698,230,,,0
8500,'9577949b-c1b9-4893-a4cc-d601db41a1fc',701,,13714,123,,,0,100,,13705,230,,,0,100,,13715,230,,,0,100,,13709,230,,,0,100,,13711,230,,,0,100,,13712,230,,,0,100,,13713,230,,,0,100,,13716,230,,,0,100,,13703,230,,,0,100,,13706,230,,,0,100,,13704,230,,,0,100,,13702,230,,,0,100,,13710,230,,,0,100,,13707,230,,,0,100,,13701,230,,,0,100,,13708,230,,,0
8500,'991a1488-6339-4798-a1ff-4cc199131854',701,,13731,123,,,0,100,,13718,230,,,0,100,,13717,230,,,0,100,,13722,230,,,0,100,,13723,230,,,0,100,,13728,230,,,0,100,,13725,230,,,0,100,,13724,230,,,0,100,,13726,230,,,0,100,,13727,230,,,0,100,,13720,230,,,0,100,,13732,230,,,0,100,,13730,230,,,0,100,,13719,230,,,0,100,,13721,230,,,0,100,,13729,230,,,0
