8100,'294e58fc-bc13-4a33-bb1d-a337996c2e9c',2140,,13624,64,,,0
8100,'8ab1f009-ab59-4a8c-9771-20e344a37dba',2140,,13636,64,,,0
8100,'8e972226-8e68-4b6a-9fd3-2e7f449277f5',2140,,13639,64,,,0
8100,'9493548d-afad-4b26-be65-c3aa23941f37',2140,,13640,64,,,0
8100,'9577949b-c1b9-4893-a4cc-d601db41a1fc',2140,,13641,64,,,0
8100,'991a1488-6339-4798-a1ff-4cc199131854',2140,,13642,64,,,0
8100,'bec99aa0-a127-4e27-ae17-e4c7db42f9ba',1820,,13645,284,,,0
8200,'8ab1f009-ab59-4a8c-9771-20e344a37dba',954,,13650,218,,,0,400,,13651,218,,,0
8200,'bec99aa0-a127-4e27-ae17-e4c7db42f9ba',1254,,13652,218,,,0
8500,'294e58fc-bc13-4a33-bb1d-a337996c2e9c',625,,13662,0,,,0,100,,13653,107,,,0,100,,13668,107,,,0,100,,13666,107,,,0,100,,13654,107,,,0,100,,13655,107,,,0,100,,13657,107,,,0,100,,13659,107,,,0,100,,13667,107,,,0,100,,13661,107,,,0,100,,13664,107,,,0,100,,13663,107,,,0,100,,13658,107,,,0,100,,13656,107,,,0,100,,13660,107,,,0,100,,13665,107,,,0
8500,'8e972226-8e68-4b6a-9fd3-2e7f449277f5',625,,13681,0,,,0,100,,13675,107,,,0,100,,13680,107,,,0,100,,13683,107,,,0,100,,13671,107,,,0,100,,13670,107,,,0,100,,13673,107,,,0,100,,13679,107,,,0,100,,13677,107,,,0,100,,13669,107,,,0,100,,13672,107,,,0,100,,13684,107,,,0,100,,13674,107,,,0,100,,13676,107,,,0,100,,13682,107,,,0,100,,13678,107,,,0
8500,'9493548d-afad-4b26-be65-c3aa23941f37',625,,13697,0,,,0,100,,13691,107,,,0,100,,13688,107,,,0,100,,13695,107,,,0,100,,13686,107,,,0,100,,13689,107,,,0,100,,13694,107,,,0,100,,13690,107,,,0,100,,13693,107,,,0,100,,13692,107,,,0,100,,13700,107,,,0,100,,13685,107,,,0,100,,13696,107,,,0,100,,13699,107,,,0,100,,13687,107,,,0,100,,13698,107,,,0
8500,'9577949b-c1b9-4893-a4cc-d601db41a1fc',625,,13714,0,,,0,100,,13705,107,,,0,100,,13715,107,,,0,100,,13709,107,,,0,100,,13711,107,,,0,100,,13712,107,,,0,100,,13713,107,,,0,100,,13716,107,,,0,100,,13703,107,,,0,100,,13706,107,,,0,100,,13704,107,,,0,100,,13702,107,,,0,100,,13710,107,,,0,100,,13707,107,,,0,100,,13701,107,,,0,100,,13708,107,,,0
8500,'991a1488-6339-4798-a1ff-4cc199131854',625,,13731,0,,,0,100,,13718,107,,,0,100,,13717,107,,,0,100,,13722,107,,,0,100,,13723,107,,,0,100,,13728,107,,,0,100,,13725,107,,,0,100,,13724,107,,,0,100,,13726,107,,,0,100,,13727,107,,,0,100,,13720,107,,,0,100,,13732,107,,,0,100,,13730,107,,,0,100,,13719,107,,,0,100,,13721,107,,,0,100,,13729,107,,,0
