6100,'294e58fc-bc13-4a33-bb1d-a337996c2e9c',558,,12385,123,,,0,75,,12351,123,,,0,75,,12362,123,,,0,16,,12358,123,,,0,21,,12378,123,,,0,62,,12352,123,,,0,20,,12374,123,,,0,20,,12388,123,,,0,60,,12370,123,,,0,18,,12376,123,,,0,22,,12387,123,,,0,80,,12366,123,,,0,80,,12371,123,,,0,40,,12350,123,,,0,80,,12381,123,,,0,80,,12364,123,,,0,20,,12380,123,,,0,25,,12360,123,,,0,60,,12372,123,,,0,23,,12384,123,,,0,20,,12363,123,,,0,65,,12377,123,,,0,21,,12348,123,,,0,65,,12379,123,,,0,20,,12356,123,,,0,25,,12382,123,,,0,60,,12347,123,,,0,24,,12368,123,,,0,20,,12357,123,,,0,63,,12369,123,,,0,20,,12355,123,,,0,20,,12353,123,,,0,60,,12375,123,,,0,16,,12373,123,,,0,20,,12354,123,,,0,55,,12359,123,,,0,35,,12365,123,,,0,78,,12386,123,,,0,32,,12367,123,,,0,75,,12349,123,,,0,75,,12361,123,,,0,31,,12383,123,,,0
6100,'8ab1f009-ab59-4a8c-9771-20e344a37dba',634,,12393,123,,,0,92,,12389,123,,,0,80,,12394,123,,,0,40,,12391,123,,,0,80,,12400,123,,,0,80,,12401,123,,,0,40,,12408,123,,,0,83,,12404,123,,,0,85,,12405,123,,,0,45,,12409,123,,,0,85,,12403,123,,,0,85,,12395,123,,,0,85,,12406,123,,,0,45,,12410,123,,,0,85,,12392,123,,,0,85,,12399,123,,,0,85,,12396,123,,,0,40,,12390,123,,,0,75,,12412,123,,,0,75,,12402,123,,,0,35,,12407,123,,,0,75,,12411,123,,,0,35,,12398,123,,,0,72,,12397,126,,,0
6100,'8e972226-8e68-4b6a-9fd3-2e7f449277f5',558,,12425,123,,,0,75,,12417,123,,,0,75,,12447,123,,,0,16,,12432,123,,,0,21,,12419,123,,,0,62,,12444,123,,,0,20,,12453,123,,,0,20,,12424,123,,,0,60,,12441,123,,,0,18,,12454,123,,,0,22,,12438,123,,,0,80,,12442,123,,,0,80,,12445,123,,,0,40,,12418,123,,,0,80,,12449,123,,,0,80,,12446,123,,,0,20,,12416,123,,,0,25,,12450,123,,,0,60,,12422,123,,,0,23,,12426,123,,,0,20,,12415,123,,,0,65,,12421,123,,,0,21,,12429,123,,,0,65,,12423,123,,,0,20,,12443,123,,,0,25,,12428,123,,,0,60,,12434,123,,,0,24,,12431,123,,,0,20,,12437,123,,,0,63,,12413,123,,,0,20,,12435,123,,,0,20,,12448,123,,,0,60,,12430,123,,,0,16,,12420,123,,,0,20,,12451,123,,,0,55,,12452,123,,,0,35,,12414,123,,,0,78,,12436,123,,,0,32,,12433,123,,,0,75,,12440,123,,,0,75,,12439,123,,,0,31,,12427,123,,,0
6100,'9493548d-afad-4b26-be65-c3aa23941f37',558,,12485,123,,,0,75,,12459,123,,,0,75,,12479,123,,,0,16,,12493,123,,,0,21,,12469,123,,,0,62,,12457,123,,,0,20,,12456,123,,,0,20,,12496,123,,,0,60,,12481,123,,,0,18,,12486,123,,,0,22,,12472,123,,,0,80,,12474,123,,,0,80,,12478,123,,,0,40,,12465,123,,,0,80,,12491,123,,,0,80,,12467,123,,,0,20,,12461,123,,,0,25,,12492,123,,,0,60,,12475,123,,,0,23,,12490,123,,,0,20,,12483,123,,,0,65,,12477,123,,,0,21,,12466,123,,,0,65,,12484,123,,,0,20,,12464,123,,,0,25,,12471,123,,,0,60,,12463,123,,,0,24,,12468,123,,,0,20,,12489,123,,,0,63,,12488,123,,,0,20,,12462,123,,,0,20,,12480,123,,,0,60,,12487,123,,,0,16,,12460,123,,,0,20,,12470,123,,,0,55,,12482,123,,,0,35,,12494,123,,,0,78,,12495,123,,,0,32,,12476,123,,,0,75,,12473,123,,,0,75,,12455,123,,,0,31,,12458,123,,,0
6100,'9577949b-c1b9-4893-a4cc-d601db41a1fc',558,,12510,123,,,0,75,,12498,123,,,0,75,,12528,123,,,0,16,,12507,123,,,0,21,,12533,123,,,0,62,,12501,123,,,0,20,,12530,123,,,0,20,,12514,123,,,0,60,,12509,123,,,0,18,,12534,123,,,0,22,,12520,123,,,0,80,,12537,123,,,0,80,,12522,123,,,0,40,,12500,123,,,0,80,,12525,123,,,0,80,,12502,123,,,0,20,,12521,123,,,0,25,,12499,123,,,0,60,,12524,123,,,0,23,,12504,123,,,0,20,,12527,123,,,0,65,,12529,123,,,0,21,,12503,123,,,0,65,,12515,123,,,0,20,,12506,123,,,0,25,,12512,123,,,0,60,,12513,123,,,0,24,,12518,123,,,0,20,,12523,123,,,0,63,,12538,123,,,0,20,,12508,123,,,0,20,,12516,123,,,0,60,,12526,123,,,0,16,,12519,123,,,0,20,,12532,123,,,0,55,,12535,123,,,0,35,,12505,123,,,0,78,,12511,123,,,0,32,,12536,123,,,0,75,,12531,123,,,0,75,,12497,123,,,0,31,,12517,123,,,0
6100,'991a1488-6339-4798-a1ff-4cc199131854',558,,12575,123,,,0,75,,12550,123,,,0,75,,12569,123,,,0,16,,12577,123,,,0,21,,12568,123,,,0,62,,12555,123,,,0,20,,12556,123,,,0,20,,12558,123,,,0,60,,12553,123,,,0,18,,12567,123,,,0,22,,12570,123,,,0,80,,12562,123,,,0,80,,12573,123,,,0,40,,12549,123,,,0,80,,12579,123,,,0,80,,12572,123,,,0,20,,12543,123,,,0,25,,12540,123,,,0,60,,12544,123,,,0,23,,12560,123,,,0,20,,12551,123,,,0,65,,12545,123,,,0,21,,12557,123,,,0,65,,12563,123,,,0,20,,12564,123,,,0,25,,12539,123,,,0,60,,12574,123,,,0,24,,12565,123,,,0,20,,12546,123,,,0,63,,12580,123,,,0,20,,12561,123,,,0,20,,12552,123,,,0,60,,12548,123,,,0,16,,12542,123,,,0,20,,12541,123,,,0,55,,12578,123,,,0,35,,12571,123,,,0,78,,12566,123,,,0,32,,12554,123,,,0,75,,12547,123,,,0,75,,12559,123,,,0,31,,12576,123,,,0
6100,'bec99aa0-a127-4e27-ae17-e4c7db42f9ba',955,,12581,123,,,0,81,,12588,123,,,0,80,,12587,123,,,0,40,,12590,123,,,0,80,,12582,123,,,0,80,,12586,123,,,0,40,,12591,123,,,0,80,,12585,123,,,0,80,,12589,123,,,0,40,,12584,123,,,0,80,,12583,123,,,0,80,,12593,123,,,0,38,,12592,126,,,0
6600,'294e58fc-bc13-4a33-bb1d-a337996c2e9c',716,,13382,222,,,0,110,,13377,222,,,0,130,,13384,222,,,0,149,,13381,222,,,0,111,,13379,222,,,0,115,,13378,277,0,8,0,110,,13376,222,,,0,110,,13386,222,,,0,150,,13387,222,,,0,110,,13385,222,,,0,115,,13383,277,0,8,0,104,,13380,222,,,0
6600,'8ab1f009-ab59-4a8c-9771-20e344a37dba',716,,13388,222,,,0,100,,13391,222,,,0,800,,13392,222,,,0,100,,13389,222,,,0,100,,13390,222,,,0
6600,'8e972226-8e68-4b6a-9fd3-2e7f449277f5',716,,13394,222,,,0,110,,13395,222,,,0,130,,13393,222,,,0,149,,13398,222,,,0,111,,13396,222,,,0,115,,13402,277,0,8,0,110,,13400,222,,,0,110,,13401,222,,,0,150,,13399,222,,,0,110,,13403,222,,,0,115,,13404,277,0,8,0,104,,13397,222,,,0
6600,'9493548d-afad-4b26-be65-c3aa23941f37',716,,13413,222,,,0,110,,13407,222,,,0,130,,13415,222,,,0,149,,13406,222,,,0,111,,13412,222,,,0,115,,13405,277,0,8,0,110,,13411,222,,,0,110,,13409,222,,,0,150,,13416,222,,,0,110,,13410,222,,,0,115,,13414,277,0,8,0,104,,13408,222,,,0
6600,'9577949b-c1b9-4893-a4cc-d601db41a1fc',716,,13417,222,,,0,110,,13427,222,,,0,130,,13424,222,,,0,149,,13425,222,,,0,111,,13426,222,,,0,115,,13421,277,0,8,0,110,,13419,222,,,0,110,,13422,222,,,0,150,,13428,222,,,0,110,,13418,222,,,0,115,,13423,277,0,8,0,104,,13420,222,,,0
6600,'991a1488-6339-4798-a1ff-4cc199131854',716,,13429,222,,,0,110,,13439,222,,,0,130,,13431,222,,,0,149,,13438,222,,,0,111,,13437,222,,,0,115,,13436,277,0,8,0,110,,13430,222,,,0,110,,13435,222,,,0,150,,13434,222,,,0,110,,13433,222,,,0,115,,13432,277,0,8,0,104,,13440,222,,,0
6600,'bec99aa0-a127-4e27-ae17-e4c7db42f9ba',1116,,13442,222,,,0,200,,13444,222,,,0,200,,13441,222,,,0,200,,13443,222,,,0
