8100,'3cbacc5c-479f-4e46-92a9-193ce5972e98',2154,,17230,172,,,0
8100,'5d8e1f33-b15a-4d6c-bc08-744b1977a096',2154,,17231,172,,,0
8100,'603637be-3b89-4de4-a225-ae420419f9d6',1104,,17232,204,,,0,100,,17234,204,,,0,200,,17236,204,,,0,100,,17235,204,,,0,100,,17238,204,,,0,100,,17233,204,,,0,100,,17237,187,,,0
8100,'7c54d383-1c64-4a24-b06c-a04764f3562f',2154,,17239,172,,,0
8100,'8406d080-6e75-4486-a00b-1c9c8d02b55f',2154,,17240,172,,,0
8100,'d66d6429-e89f-4376-937c-b6bd14f92a3b',2154,,17241,172,,,0
8100,'d696856f-d252-4a8b-bd9f-2960bd70f042',704,,17254,204,,,0,100,,17242,204,,,0,100,,17250,204,,,0,200,,17243,204,,,0,100,,17253,204,,,0,100,,17255,204,,,0,200,,17252,204,,,0,100,,17244,204,,,0,100,,17245,204,,,0,100,,17251,204,,,0,100,,17246,204,,,0,100,,17249,204,,,0,100,,17248,204,,,0,50,,17247,172,,,0
8500,'3cbacc5c-479f-4e46-92a9-193ce5972e98',657,,17271,115,,,0,100,,17260,222,,,0,100,,17262,222,,,0,100,,17269,222,,,0,100,,17272,222,,,0,100,,17267,222,,,0,100,,17265,222,,,0,100,,17264,222,,,0,100,,17274,222,,,0,100,,17259,222,,,0,100,,17263,222,,,0,100,,17268,222,,,0,100,,17266,222,,,0,100,,17270,222,,,0,100,,17273,222,,,0,100,,17261,222,,,0
8500,'5d8e1f33-b15a-4d6c-bc08-744b1977a096',657,,17290,115,,,0,100,,17275,222,,,0,100,,17288,222,,,0,100,,17279,222,,,0,100,,17276,222,,,0,100,,17285,222,,,0,100,,17284,222,,,0,100,,17277,222,,,0,100,,17287,222,,,0,100,,17289,222,,,0,100,,17280,222,,,0,100,,17286,222,,,0,100,,17282,222,,,0,100,,17278,222,,,0,100,,17281,222,,,0,100,,17283,222,,,0
8500,'7c54d383-1c64-4a24-b06c-a04764f3562f',657,,17292,115,,,0,100,,17291,222,,,0,100,,17306,222,,,0,100,,17299,222,,,0,100,,17302,222,,,0,100,,17305,222,,,0,100,,17303,222,,,0,100,,17297,222,,,0,100,,17300,222,,,0,100,,17301,222,,,0,100,,17294,222,,,0,100,,17295,222,,,0,100,,17296,222,,,0,100,,17304,222,,,0,100,,17298,222,,,0,100,,17293,222,,,0
8500,'8406d080-6e75-4486-a00b-1c9c8d02b55f',657,,17318,115,,,0,100,,17321,222,,,0,100,,17322,222,,,0,100,,17319,222,,,0,100,,17309,222,,,0,100,,17308,222,,,0,100,,17312,222,,,0,100,,17307,222,,,0,100,,17314,222,,,0,100,,17310,222,,,0,100,,17315,222,,,0,100,,17311,222,,,0,100,,17317,222,,,0,100,,17316,222,,,0,100,,17313,222,,,0,100,,17320,222,,,0
8500,'d66d6429-e89f-4376-937c-b6bd14f92a3b',657,,17335,115,,,0,100,,17324,222,,,0,100,,17331,222,,,0,100,,17328,222,,,0,100,,17329,222,,,0,100,,17333,222,,,0,100,,17332,222,,,0,100,,17325,222,,,0,100,,17327,222,,,0,100,,17337,222,,,0,100,,17336,222,,,0,100,,17330,222,,,0,100,,17323,222,,,0,100,,17334,222,,,0,100,,17338,222,,,0,100,,17326,222,,,0
