6000,'294e58fc-bc13-4a33-bb1d-a337996c2e9c',627,,12181,15,,,0,75,,12194,15,,,0,35,,12184,15,,,0,80,,12191,15,,,0,40,,12186,15,,,0,80,,12197,15,,,0,80,,12201,15,,,0,40,,12196,15,,,0,80,,12180,15,,,0,80,,12185,15,,,0,40,,12190,15,,,0,80,,12182,15,,,0,80,,12179,15,,,0,40,,12177,15,,,0,80,,12193,15,,,0,80,,12200,15,,,0,40,,12199,15,,,0,80,,12189,15,,,0,80,,12178,15,,,0,40,,12192,15,,,0,75,,12176,15,,,0,75,,12188,15,,,0,35,,12195,15,,,0,75,,12187,15,,,0,35,,12198,15,,,0
6000,'8ab1f009-ab59-4a8c-9771-20e344a37dba',627,,12215,15,,,0,75,,12224,15,,,0,35,,12208,15,,,0,80,,12206,15,,,0,40,,12204,15,,,0,80,,12216,15,,,0,80,,12205,15,,,0,40,,12225,15,,,0,80,,12210,15,,,0,80,,12207,15,,,0,40,,12214,15,,,0,80,,12226,15,,,0,80,,12209,15,,,0,40,,12218,15,,,0,80,,12202,15,,,0,80,,12221,15,,,0,40,,12212,15,,,0,80,,12213,15,,,0,80,,12211,15,,,0,40,,12219,15,,,0,75,,12220,15,,,0,75,,12217,15,,,0,35,,12203,15,,,0,75,,12223,15,,,0,35,,12222,15,,,0
6000,'8e972226-8e68-4b6a-9fd3-2e7f449277f5',627,,12233,15,,,0,75,,12246,15,,,0,35,,12236,15,,,0,80,,12252,15,,,0,40,,12242,15,,,0,80,,12231,15,,,0,80,,12250,15,,,0,40,,12253,15,,,0,80,,12247,15,,,0,80,,12232,15,,,0,40,,12229,15,,,0,80,,12237,15,,,0,80,,12244,15,,,0,40,,12230,15,,,0,80,,12228,15,,,0,80,,12245,15,,,0,40,,12248,15,,,0,80,,12235,15,,,0,80,,12241,15,,,0,40,,12240,15,,,0,75,,12238,15,,,0,75,,12251,15,,,0,35,,12249,15,,,0,75,,12239,15,,,0,35,,12243,15,,,0
6000,'9493548d-afad-4b26-be65-c3aa23941f37',627,,12276,15,,,0,75,,12275,15,,,0,35,,12268,15,,,0,80,,12254,15,,,0,40,,12256,15,,,0,80,,12270,15,,,0,80,,12261,15,,,0,40,,12279,15,,,0,80,,12265,15,,,0,80,,12264,15,,,0,40,,12257,15,,,0,80,,12259,15,,,0,80,,12255,15,,,0,40,,12272,15,,,0,80,,12274,15,,,0,80,,12262,15,,,0,40,,12277,15,,,0,80,,12269,15,,,0,80,,12258,15,,,0,40,,12263,15,,,0,75,,12267,15,,,0,75,,12260,15,,,0,35,,12278,15,,,0,75,,12273,15,,,0,35,,12266,15,,,0
6000,'9577949b-c1b9-4893-a4cc-d601db41a1fc',627,,12297,15,,,0,75,,12286,15,,,0,35,,12283,15,,,0,80,,12281,15,,,0,40,,12298,15,,,0,80,,12287,15,,,0,80,,12294,15,,,0,40,,12304,15,,,0,80,,12302,15,,,0,80,,12300,15,,,0,40,,12305,15,,,0,80,,12288,15,,,0,80,,12295,15,,,0,40,,12284,15,,,0,80,,12299,15,,,0,80,,12292,15,,,0,40,,12296,15,,,0,80,,12280,15,,,0,80,,12282,15,,,0,40,,12291,15,,,0,75,,12293,15,,,0,75,,12301,15,,,0,35,,12303,15,,,0,75,,12289,15,,,0,35,,12285,15,,,0
6000,'991a1488-6339-4798-a1ff-4cc199131854',627,,12311,15,,,0,75,,12322,15,,,0,35,,12328,15,,,0,80,,12316,15,,,0,40,,12321,15,,,0,80,,12325,15,,,0,80,,12330,15,,,0,40,,12318,15,,,0,80,,12312,15,,,0,80,,12326,15,,,0,40,,12313,15,,,0,80,,12323,15,,,0,80,,12308,15,,,0,40,,12320,15,,,0,80,,12329,15,,,0,80,,12315,15,,,0,40,,12317,15,,,0,80,,12309,15,,,0,80,,12331,15,,,0,40,,12310,15,,,0,75,,12314,15,,,0,75,,12324,15,,,0,35,,12306,15,,,0,75,,12319,15,,,0,35,,12307,15,,,0
6000,'bec99aa0-a127-4e27-ae17-e4c7db42f9ba',922,,12335,15,,,0,35,,12338,15,,,0,75,,12333,15,,,0,75,,12346,15,,,0,35,,12343,15,,,0,75,,12337,15,,,0,35,,12340,15,,,0,75,,12341,15,,,0,75,,12339,15,,,0,35,,12332,15,,,0,75,,12336,15,,,0,35,,12342,15,,,0,75,,12344,15,,,0,35,,12345,15,,,0,75,,12334,15,,,0
6800,'294e58fc-bc13-4a33-bb1d-a337996c2e9c',632,,13547,23,,,0,70,,13548,23,,,0,30,,13543,23,,,0,70,,13542,23,,,0,30,,13546,22,,,0,112,,13549,22,,,0,100,,13537,22,,,0,488,,13540,23,,,0,70,,13544,23,,,0,30,,13545,23,,,0,70,,13539,23,,,0,30,,13536,22,,,0,90,,13538,22,,,0,100,,13541,22,,,0,100,,13535,22,,,0
6800,'8ab1f009-ab59-4a8c-9771-20e344a37dba',702,,13554,22,,,0,100,,13555,22,,,0,100,,13556,22,,,0,100,,13553,22,,,0,600,,13557,22,,,0,100,,13550,22,,,0,100,,13552,22,,,0,100,,13551,23,,,0,100,,13558,22,,,0
6800,'8e972226-8e68-4b6a-9fd3-2e7f449277f5',632,,13571,23,,,0,70,,13573,23,,,0,30,,13572,23,,,0,70,,13559,23,,,0,30,,13560,22,,,0,112,,13561,22,,,0,100,,13562,22,,,0,488,,13566,23,,,0,70,,13570,23,,,0,30,,13564,23,,,0,70,,13565,23,,,0,30,,13568,22,,,0,90,,13567,22,,,0,100,,13569,22,,,0,100,,13563,22,,,0
6800,'9493548d-afad-4b26-be65-c3aa23941f37',632,,13579,23,,,0,70,,13576,23,,,0,30,,13581,23,,,0,70,,13583,23,,,0,30,,13586,22,,,0,112,,13574,22,,,0,100,,13585,22,,,0,488,,13587,23,,,0,70,,13578,23,,,0,30,,13588,23,,,0,70,,13582,23,,,0,30,,13584,22,,,0,90,,13575,22,,,0,100,,13580,22,,,0,100,,13577,22,,,0
6800,'9577949b-c1b9-4893-a4cc-d601db41a1fc',632,,13590,23,,,0,70,,13594,23,,,0,30,,13599,23,,,0,70,,13592,23,,,0,30,,13598,22,,,0,112,,13593,22,,,0,100,,13601,22,,,0,488,,13596,23,,,0,70,,13595,23,,,0,30,,13602,23,,,0,70,,13600,23,,,0,30,,13603,22,,,0,90,,13591,22,,,0,100,,13597,22,,,0,100,,13589,22,,,0
6800,'991a1488-6339-4798-a1ff-4cc199131854',632,,13615,23,,,0,70,,13604,23,,,0,30,,13607,23,,,0,70,,13614,23,,,0,30,,13606,22,,,0,112,,13609,22,,,0,100,,13613,22,,,0,488,,13618,23,,,0,70,,13605,23,,,0,30,,13610,23,,,0,70,,13608,23,,,0,30,,13611,22,,,0,90,,13617,22,,,0,100,,13612,22,,,0,100,,13616,22,,,0
6800,'bec99aa0-a127-4e27-ae17-e4c7db42f9ba',1002,,13619,22,,,0,200,,13620,22,,,0,200,,13622,22,,,0,200,,13623,22,,,0,200,,13621,22,,,0
