8100,'3b7f0ccc-4b86-44f9-804c-3016d4439aa6',2138,,10018,54,,,0
8100,'545fdaed-298a-4873-ae9e-185363247123',1818,,10019,276,,,0
8100,'72a07536-7ac5-462d-91fd-4adacd8d70a1',2138,,10026,54,,,0
8100,'b5be936f-506a-42fd-8fe9-aa394bb7d40c',2138,,10027,54,,,0
8100,'c0258e04-8c49-4a98-8bc9-d3680145007e',2138,,10028,54,,,0
8100,'db4ab86b-f5f5-4d9a-8c75-2988ac0b1af4',2138,,10030,54,,,0
8100,'fbc81037-9cf3-4a4d-b4aa-43897a8ca294',2138,,10043,54,,,0
8200,'545fdaed-298a-4873-ae9e-185363247123',1251,,10044,198,,,0
8200,'db4ab86b-f5f5-4d9a-8c75-2988ac0b1af4',951,,10046,198,,,0,400,,10045,198,,,0
8500,'3b7f0ccc-4b86-44f9-804c-3016d4439aa6',722,,10049,97,,,0,100,,10048,97,,,0,100,,10056,97,,,0,100,,10053,97,,,0,100,,10055,97,,,0,100,,10062,97,,,0,100,,10054,97,,,0,100,,10051,97,,,0,100,,10050,97,,,0,100,,10052,97,,,0,100,,10059,97,,,0,100,,10060,97,,,0,100,,10061,97,,,0,100,,10058,97,,,0,100,,10057,97,,,0
8500,'72a07536-7ac5-462d-91fd-4adacd8d70a1',722,,10073,97,,,0,100,,10063,97,,,0,100,,10066,97,,,0,100,,10072,97,,,0,100,,10077,97,,,0,100,,10071,97,,,0,100,,10070,97,,,0,100,,10064,97,,,0,100,,10068,97,,,0,100,,10069,97,,,0,100,,10078,97,,,0,100,,10075,97,,,0,100,,10074,97,,,0,100,,10067,97,,,0,100,,10065,97,,,0
8500,'b5be936f-506a-42fd-8fe9-aa394bb7d40c',722,,10080,97,,,0,100,,10094,97,,,0,100,,10093,97,,,0,100,,10091,97,,,0,100,,10079,97,,,0,100,,10085,97,,,0,100,,10083,97,,,0,100,,10089,97,,,0,100,,10088,97,,,0,100,,10082,97,,,0,100,,10081,97,,,0,100,,10092,97,,,0,100,,10087,97,,,0,100,,10084,97,,,0,100,,10086,97,,,0
8500,'c0258e04-8c49-4a98-8bc9-d3680145007e',722,,10107,97,,,0,100,,10110,97,,,0,100,,10101,97,,,0,100,,10108,97,,,0,100,,10095,97,,,0,100,,10098,97,,,0,100,,10104,97,,,0,100,,10106,97,,,0,100,,10102,97,,,0,100,,10105,97,,,0,100,,10100,97,,,0,100,,10103,97,,,0,100,,10096,97,,,0,100,,10109,97,,,0,100,,10097,97,,,0
8500,'fbc81037-9cf3-4a4d-b4aa-43897a8ca294',722,,10119,97,,,0,100,,10124,97,,,0,100,,10111,97,,,0,100,,10123,97,,,0,100,,10112,97,,,0,100,,10115,97,,,0,100,,10117,97,,,0,100,,10125,97,,,0,100,,10118,97,,,0,100,,10114,97,,,0,100,,10121,97,,,0,100,,10116,97,,,0,100,,10122,97,,,0,100,,10126,97,,,0,100,,10120,97,,,0
