8100,'3cbacc5c-479f-4e46-92a9-193ce5972e98',2147,,17230,134,,,0
8100,'5d8e1f33-b15a-4d6c-bc08-744b1977a096',2147,,17231,134,,,0
8100,'603637be-3b89-4de4-a225-ae420419f9d6',1053,,17232,154,,,0,100,,17234,154,,,0,200,,17236,154,,,0,100,,17235,154,,,0,100,,17238,154,,,0,100,,17233,154,,,0,100,,17237,149,,,0
8100,'7c54d383-1c64-4a24-b06c-a04764f3562f',2147,,17239,134,,,0
8100,'8406d080-6e75-4486-a00b-1c9c8d02b55f',2147,,17240,134,,,0
8100,'d66d6429-e89f-4376-937c-b6bd14f92a3b',2147,,17241,134,,,0
8100,'d696856f-d252-4a8b-bd9f-2960bd70f042',653,,17254,154,,,0,100,,17242,154,,,0,100,,17250,154,,,0,200,,17243,154,,,0,100,,17253,154,,,0,100,,17255,154,,,0,200,,17252,154,,,0,100,,17244,154,,,0,100,,17245,154,,,0,100,,17251,154,,,0,100,,17246,154,,,0,100,,17249,154,,,0,100,,17248,154,,,0,94,,17247,134,,,0
8500,'3cbacc5c-479f-4e46-92a9-193ce5972e98',650,,17271,78,,,0,100,,17260,185,,,0,100,,17262,185,,,0,100,,17269,185,,,0,100,,17272,185,,,0,100,,17267,185,,,0,100,,17265,185,,,0,100,,17264,185,,,0,100,,17274,185,,,0,100,,17259,185,,,0,100,,17263,185,,,0,100,,17268,185,,,0,100,,17266,185,,,0,100,,17270,185,,,0,100,,17273,185,,,0,100,,17261,185,,,0
8500,'5d8e1f33-b15a-4d6c-bc08-744b1977a096',650,,17290,78,,,0,100,,17275,185,,,0,100,,17288,185,,,0,100,,17279,185,,,0,100,,17276,185,,,0,100,,17285,185,,,0,100,,17284,185,,,0,100,,17277,185,,,0,100,,17287,185,,,0,100,,17289,185,,,0,100,,17280,185,,,0,100,,17286,185,,,0,100,,17282,185,,,0,100,,17278,185,,,0,100,,17281,185,,,0,100,,17283,185,,,0
8500,'7c54d383-1c64-4a24-b06c-a04764f3562f',650,,17292,78,,,0,100,,17291,185,,,0,100,,17306,185,,,0,100,,17299,185,,,0,100,,17302,185,,,0,100,,17305,185,,,0,100,,17303,185,,,0,100,,17297,185,,,0,100,,17300,185,,,0,100,,17301,185,,,0,100,,17294,185,,,0,100,,17295,185,,,0,100,,17296,185,,,0,100,,17304,185,,,0,100,,17298,185,,,0,100,,17293,185,,,0
8500,'8406d080-6e75-4486-a00b-1c9c8d02b55f',650,,17318,78,,,0,100,,17321,185,,,0,100,,17322,185,,,0,100,,17319,185,,,0,100,,17309,185,,,0,100,,17308,185,,,0,100,,17312,185,,,0,100,,17307,185,,,0,100,,17314,185,,,0,100,,17310,185,,,0,100,,17315,185,,,0,100,,17311,185,,,0,100,,17317,185,,,0,100,,17316,185,,,0,100,,17313,185,,,0,100,,17320,185,,,0
8500,'d66d6429-e89f-4376-937c-b6bd14f92a3b',650,,17335,78,,,0,100,,17324,185,,,0,100,,17331,185,,,0,100,,17328,185,,,0,100,,17329,185,,,0,100,,17333,185,,,0,100,,17332,185,,,0,100,,17325,185,,,0,100,,17327,185,,,0,100,,17337,185,,,0,100,,17336,185,,,0,100,,17330,185,,,0,100,,17323,185,,,0,100,,17334,185,,,0,100,,17338,185,,,0,100,,17326,185,,,0
