6000,'20e11cfa-d6a6-46ec-932e-c3530533c309',637,,4977,63,,,0,75,,4984,63,,,0,35,,4968,63,,,0,80,,4967,63,,,0,80,,4970,63,,,0,40,,4985,63,,,0,80,,4991,63,,,0,80,,4983,63,,,0,40,,4978,63,,,0,80,,4989,63,,,0,80,,4986,63,,,0,40,,4990,63,,,0,80,,4971,63,,,0,80,,4976,63,,,0,40,,4972,63,,,0,80,,4987,63,,,0,80,,4980,63,,,0,40,,4969,63,,,0,80,,4973,63,,,0,80,,4982,63,,,0,35,,4981,63,,,0,75,,4974,63,,,0,35,,4988,63,,,0,75,,4966,63,,,0,75,,4975,63,,,0
6000,'29539182-f080-4698-b528-b5cea7c0f7e4',637,,5015,63,,,0,75,,4994,63,,,0,35,,5000,63,,,0,80,,5007,63,,,0,80,,5006,63,,,0,40,,5002,63,,,0,80,,5013,63,,,0,80,,5016,63,,,0,40,,4992,63,,,0,80,,5017,63,,,0,80,,4998,63,,,0,40,,5003,63,,,0,80,,5011,63,,,0,80,,5010,63,,,0,40,,5001,63,,,0,80,,5009,63,,,0,80,,4995,63,,,0,40,,5005,63,,,0,80,,5004,63,,,0,80,,4993,63,,,0,35,,4997,63,,,0,75,,4996,63,,,0,35,,5008,63,,,0,75,,5014,63,,,0,75,,5012,63,,,0
6000,'4ff90fe8-7b85-4537-858e-36c817b2ba06',932,,5028,63,,,0,75,,5027,63,,,0,35,,5021,63,,,0,75,,5019,63,,,0,35,,5022,63,,,0,75,,5025,63,,,0,75,,5029,63,,,0,35,,5024,63,,,0,75,,5032,63,,,0,35,,5026,63,,,0,75,,5020,63,,,0,35,,5031,63,,,0,75,,5023,63,,,0,75,,5030,63,,,0,35,,5018,63,,,0
6000,'53316f13-7e2a-415d-a780-d65e8f9fc920',637,,5043,63,,,0,75,,5041,63,,,0,35,,5050,63,,,0,80,,5034,63,,,0,80,,5037,63,,,0,40,,5056,63,,,0,80,,5042,63,,,0,80,,5053,63,,,0,40,,5036,63,,,0,80,,5047,63,,,0,80,,5035,63,,,0,40,,5033,63,,,0,80,,5058,63,,,0,80,,5057,63,,,0,40,,5051,63,,,0,80,,5039,63,,,0,80,,5048,63,,,0,40,,5046,63,,,0,80,,5055,63,,,0,80,,5049,63,,,0,35,,5045,63,,,0,75,,5052,63,,,0,35,,5038,63,,,0,75,,5054,63,,,0,75,,5044,63,,,0
6000,'9712db0e-9c6e-4aef-9821-7ba79476301c',637,,5084,63,,,0,75,,5072,63,,,0,35,,5069,63,,,0,80,,5071,63,,,0,80,,5074,63,,,0,40,,5067,63,,,0,80,,5080,63,,,0,80,,5059,63,,,0,40,,5064,63,,,0,80,,5078,63,,,0,80,,5068,63,,,0,40,,5081,63,,,0,80,,5061,63,,,0,80,,5079,63,,,0,40,,5083,63,,,0,80,,5060,63,,,0,80,,5066,63,,,0,40,,5062,63,,,0,80,,5077,63,,,0,80,,5075,63,,,0,35,,5076,63,,,0,75,,5063,63,,,0,35,,5082,63,,,0,75,,5073,63,,,0,75,,5070,63,,,0
6000,'aa100e8f-694c-4b5d-8041-b019347d5019',637,,5095,63,,,0,75,,5097,63,,,0,35,,5092,63,,,0,80,,5087,63,,,0,80,,5093,63,,,0,40,,5094,63,,,0,80,,5088,63,,,0,80,,5086,63,,,0,40,,5107,63,,,0,80,,5106,63,,,0,80,,5108,63,,,0,40,,5089,63,,,0,80,,5104,63,,,0,80,,5103,63,,,0,40,,5100,63,,,0,80,,5110,63,,,0,80,,5102,63,,,0,40,,5090,63,,,0,80,,5098,63,,,0,80,,5091,63,,,0,35,,5099,63,,,0,75,,5105,63,,,0,35,,5096,63,,,0,75,,5101,63,,,0,75,,5109,63,,,0
6000,'e6a8ef7e-0cfa-4bac-b2c4-68d071108359',637,,5117,63,,,0,75,,5116,63,,,0,35,,5133,63,,,0,80,,5135,63,,,0,80,,5131,63,,,0,40,,5118,63,,,0,80,,5112,63,,,0,80,,5130,63,,,0,40,,5123,63,,,0,80,,5136,63,,,0,80,,5119,63,,,0,40,,5122,63,,,0,80,,5126,63,,,0,80,,5128,63,,,0,40,,5127,63,,,0,80,,5121,63,,,0,80,,5114,63,,,0,40,,5115,63,,,0,80,,5132,63,,,0,80,,5113,63,,,0,35,,5125,63,,,0,75,,5124,63,,,0,35,,5111,63,,,0,75,,5120,63,,,0,75,,5129,63,,,0
6700,'20e11cfa-d6a6-46ec-932e-c3530533c309',654,,6243,88,,,0,70,,6239,88,,,0,35,,6242,88,,,0,75,,6237,88,,,0,72,,6241,88,,,0,30,,6245,88,,,0,100,,6236,88,,,0,521,,6248,88,,,0,75,,6235,88,,,0,75,,6240,88,,,0,35,,6247,88,,,0,72,,6244,88,,,0,100,,6249,88,,,0,100,,6246,88,,,0
6700,'29539182-f080-4698-b528-b5cea7c0f7e4',654,,6255,88,,,0,70,,6250,88,,,0,35,,6261,88,,,0,75,,6260,88,,,0,72,,6254,88,,,0,30,,6258,88,,,0,100,,6253,88,,,0,521,,6259,88,,,0,75,,6262,88,,,0,75,,6252,88,,,0,35,,6256,88,,,0,72,,6257,88,,,0,100,,6263,88,,,0,100,,6264,88,,,0
6700,'4ff90fe8-7b85-4537-858e-36c817b2ba06',953,,6269,88,,,0,200,,6268,88,,,0,200,,6265,88,,,0,200,,6266,88,,,0,200,,6267,88,,,0
6700,'53316f13-7e2a-415d-a780-d65e8f9fc920',653,,6275,88,,,0,100,,6279,88,,,0,100,,6277,88,,,0,100,,6274,88,,,0,100,,6272,88,,,0,500,,6270,88,,,0,100,,6278,88,,,0,100,,6276,88,,,0,100,,6271,88,,,0,100,,6273,88,,,0
6700,'9712db0e-9c6e-4aef-9821-7ba79476301c',654,,6294,88,,,0,70,,6284,88,,,0,35,,6280,88,,,0,75,,6291,88,,,0,72,,6281,88,,,0,30,,6292,88,,,0,100,,6288,88,,,0,521,,6286,88,,,0,75,,6293,88,,,0,75,,6287,88,,,0,35,,6283,88,,,0,72,,6290,88,,,0,100,,6285,88,,,0,100,,6282,88,,,0
6700,'aa100e8f-694c-4b5d-8041-b019347d5019',654,,6307,88,,,0,70,,6299,88,,,0,35,,6296,88,,,0,75,,6303,88,,,0,72,,6308,88,,,0,30,,6306,88,,,0,100,,6302,88,,,0,521,,6297,88,,,0,75,,6295,88,,,0,75,,6309,88,,,0,35,,6305,88,,,0,72,,6298,88,,,0,100,,6301,88,,,0,100,,6304,88,,,0
6700,'e6a8ef7e-0cfa-4bac-b2c4-68d071108359',654,,6323,88,,,0,70,,6317,88,,,0,35,,6315,88,,,0,75,,6316,88,,,0,72,,6324,88,,,0,30,,6311,88,,,0,100,,6314,88,,,0,521,,6310,88,,,0,75,,6322,88,,,0,75,,6318,88,,,0,35,,6321,88,,,0,72,,6312,88,,,0,100,,6313,88,,,0,100,,6319,88,,,0
