8100,'3cbacc5c-479f-4e46-92a9-193ce5972e98',2152,,17230,167,,,0
8100,'5d8e1f33-b15a-4d6c-bc08-744b1977a096',2152,,17231,167,,,0
8100,'603637be-3b89-4de4-a225-ae420419f9d6',1101,,17232,195,,,0,100,,17234,195,,,0,200,,17236,195,,,0,100,,17235,195,,,0,100,,17238,195,,,0,100,,17233,195,,,0,100,,17237,182,,,0
8100,'7c54d383-1c64-4a24-b06c-a04764f3562f',2152,,17239,167,,,0
8100,'8406d080-6e75-4486-a00b-1c9c8d02b55f',2152,,17240,167,,,0
8100,'d66d6429-e89f-4376-937c-b6bd14f92a3b',2152,,17241,167,,,0
8100,'d696856f-d252-4a8b-bd9f-2960bd70f042',701,,17254,195,,,0,100,,17242,195,,,0,100,,17250,195,,,0,200,,17243,195,,,0,100,,17253,195,,,0,100,,17255,195,,,0,200,,17252,195,,,0,100,,17244,195,,,0,100,,17245,195,,,0,100,,17251,195,,,0,100,,17246,195,,,0,100,,17249,195,,,0,100,,17248,195,,,0,51,,17247,167,,,0
8500,'3cbacc5c-479f-4e46-92a9-193ce5972e98',655,,17271,110,,,0,100,,17260,217,,,0,100,,17262,217,,,0,100,,17269,217,,,0,100,,17272,217,,,0,100,,17267,217,,,0,100,,17265,217,,,0,100,,17264,217,,,0,100,,17274,217,,,0,100,,17259,217,,,0,100,,17263,217,,,0,100,,17268,217,,,0,100,,17266,217,,,0,100,,17270,217,,,0,100,,17273,217,,,0,100,,17261,217,,,0
8500,'5d8e1f33-b15a-4d6c-bc08-744b1977a096',655,,17290,110,,,0,100,,17275,217,,,0,100,,17288,217,,,0,100,,17279,217,,,0,100,,17276,217,,,0,100,,17285,217,,,0,100,,17284,217,,,0,100,,17277,217,,,0,100,,17287,217,,,0,100,,17289,217,,,0,100,,17280,217,,,0,100,,17286,217,,,0,100,,17282,217,,,0,100,,17278,217,,,0,100,,17281,217,,,0,100,,17283,217,,,0
8500,'7c54d383-1c64-4a24-b06c-a04764f3562f',655,,17292,110,,,0,100,,17291,217,,,0,100,,17306,217,,,0,100,,17299,217,,,0,100,,17302,217,,,0,100,,17305,217,,,0,100,,17303,217,,,0,100,,17297,217,,,0,100,,17300,217,,,0,100,,17301,217,,,0,100,,17294,217,,,0,100,,17295,217,,,0,100,,17296,217,,,0,100,,17304,217,,,0,100,,17298,217,,,0,100,,17293,217,,,0
8500,'8406d080-6e75-4486-a00b-1c9c8d02b55f',655,,17318,110,,,0,100,,17321,217,,,0,100,,17322,217,,,0,100,,17319,217,,,0,100,,17309,217,,,0,100,,17308,217,,,0,100,,17312,217,,,0,100,,17307,217,,,0,100,,17314,217,,,0,100,,17310,217,,,0,100,,17315,217,,,0,100,,17311,217,,,0,100,,17317,217,,,0,100,,17316,217,,,0,100,,17313,217,,,0,100,,17320,217,,,0
8500,'d66d6429-e89f-4376-937c-b6bd14f92a3b',655,,17335,110,,,0,100,,17324,217,,,0,100,,17331,217,,,0,100,,17328,217,,,0,100,,17329,217,,,0,100,,17333,217,,,0,100,,17332,217,,,0,100,,17325,217,,,0,100,,17327,217,,,0,100,,17337,217,,,0,100,,17336,217,,,0,100,,17330,217,,,0,100,,17323,217,,,0,100,,17334,217,,,0,100,,17338,217,,,0,100,,17326,217,,,0
8600,'3cbacc5c-479f-4e46-92a9-193ce5972e98',559,,17344,62,,,0,75,,17350,62,,,0,75,,17351,62,,,0,37,,17339,62,,,0,80,,17362,62,,,0,80,,17352,62,,,0,38,,17363,62,,,0,75,,17359,62,,,0,35,,17340,62,,,0,75,,17360,62,,,0,75,,17342,62,,,0,35,,17354,62,,,0,75,,17357,62,,,0,35,,17348,62,,,0,75,,17346,62,,,0,35,,17353,62,,,0,75,,17361,62,,,0,75,,17356,62,,,0,37,,17343,62,,,0,80,,17347,62,,,0,78,,17345,62,,,0,40,,17341,62,,,0,75,,17349,62,,,0,35,,17358,62,,,0,75,,17355,62,,,0,75,,17364,62,,,0
8600,'5d8e1f33-b15a-4d6c-bc08-744b1977a096',559,,17373,62,,,0,75,,17376,62,,,0,75,,17365,62,,,0,37,,17381,62,,,0,80,,17385,62,,,0,80,,17371,62,,,0,38,,17368,62,,,0,75,,17384,62,,,0,35,,17369,62,,,0,75,,17370,62,,,0,75,,17390,62,,,0,35,,17387,62,,,0,75,,17372,62,,,0,35,,17375,62,,,0,75,,17374,62,,,0,35,,17389,62,,,0,75,,17382,62,,,0,75,,17383,62,,,0,37,,17388,62,,,0,80,,17377,62,,,0,78,,17367,62,,,0,40,,17378,62,,,0,75,,17379,62,,,0,35,,17366,62,,,0,75,,17380,62,,,0,75,,17386,62,,,0
8600,'7c54d383-1c64-4a24-b06c-a04764f3562f',559,,17411,62,,,0,75,,17404,62,,,0,75,,17399,62,,,0,37,,17401,62,,,0,80,,17397,62,,,0,80,,17414,62,,,0,38,,17406,62,,,0,75,,17412,62,,,0,35,,17405,62,,,0,75,,17392,62,,,0,75,,17415,62,,,0,35,,17413,62,,,0,75,,17407,62,,,0,35,,17395,62,,,0,75,,17393,62,,,0,35,,17394,62,,,0,75,,17408,62,,,0,75,,17416,62,,,0,37,,17410,62,,,0,80,,17402,62,,,0,78,,17396,62,,,0,40,,17403,62,,,0,75,,17409,62,,,0,35,,17400,62,,,0,75,,17391,62,,,0,75,,17398,62,,,0
8600,'8406d080-6e75-4486-a00b-1c9c8d02b55f',559,,17433,62,,,0,75,,17429,62,,,0,75,,17430,62,,,0,37,,17438,62,,,0,80,,17434,62,,,0,80,,17439,62,,,0,38,,17442,62,,,0,75,,17428,62,,,0,35,,17432,62,,,0,75,,17417,62,,,0,75,,17424,62,,,0,35,,17419,62,,,0,75,,17421,62,,,0,35,,17437,62,,,0,75,,17436,62,,,0,35,,17427,62,,,0,75,,17422,62,,,0,75,,17418,62,,,0,37,,17426,62,,,0,80,,17423,62,,,0,78,,17425,62,,,0,40,,17440,62,,,0,75,,17441,62,,,0,35,,17431,62,,,0,75,,17420,62,,,0,75,,17435,62,,,0
8600,'d66d6429-e89f-4376-937c-b6bd14f92a3b',559,,17467,62,,,0,75,,17447,62,,,0,75,,17464,62,,,0,37,,17465,62,,,0,80,,17466,62,,,0,80,,17443,62,,,0,38,,17448,62,,,0,75,,17445,62,,,0,35,,17461,62,,,0,75,,17455,62,,,0,75,,17449,62,,,0,35,,17458,62,,,0,75,,17457,62,,,0,35,,17463,62,,,0,75,,17451,62,,,0,35,,17452,62,,,0,75,,17462,62,,,0,75,,17453,62,,,0,37,,17444,62,,,0,80,,17468,62,,,0,78,,17456,62,,,0,40,,17454,62,,,0,75,,17460,62,,,0,35,,17446,62,,,0,75,,17450,62,,,0,75,,17459,62,,,0
