6400,'3b7f0ccc-4b86-44f9-804c-3016d4439aa6',651,,9384,107,,,0,75,,9368,107,,,0,18,,9388,107,,,0,58,,9385,107,,,0,18,,9372,107,,,0,18,,9371,107,,,0,18,,9367,107,,,0,58,,9363,107,,,0,18,,9364,107,,,0,18,,9356,107,,,0,58,,9369,107,,,0,18,,9370,107,,,0,75,,9354,107,,,0,35,,9380,107,,,0,75,,9360,107,,,0,35,,9374,107,,,0,75,,9355,107,,,0,35,,9358,107,,,0,75,,9362,107,,,0,75,,9376,107,,,0,18,,9387,107,,,0,18,,9381,107,,,0,58,,9383,107,,,0,18,,9377,107,,,0,18,,9378,107,,,0,18,,9361,107,,,0,58,,9379,107,,,0,18,,9373,107,,,0,18,,9357,107,,,0,58,,9375,107,,,0,35,,9389,107,,,0,75,,9359,107,,,0,35,,9390,107,,,0,75,,9353,107,,,0,31,,9366,107,,,0,70,,9365,107,,,0,30,,9386,107,,,0,70,,9382,107,,,0
6400,'545fdaed-298a-4873-ae9e-185363247123',1001,,9397,107,,,0,35,,9396,107,,,0,75,,9403,107,,,0,35,,9406,107,,,0,75,,9393,107,,,0,35,,9405,107,,,0,75,,9398,107,,,0,75,,9404,107,,,0,35,,9399,107,,,0,75,,9392,107,,,0,35,,9400,107,,,0,75,,9395,107,,,0,75,,9401,107,,,0,35,,9402,107,,,0,75,,9391,107,,,0
6400,'72a07536-7ac5-462d-91fd-4adacd8d70a1',651,,9409,107,,,0,75,,9436,107,,,0,18,,9430,107,,,0,58,,9434,107,,,0,18,,9417,107,,,0,18,,9420,107,,,0,18,,9442,107,,,0,58,,9419,107,,,0,18,,9412,107,,,0,18,,9443,107,,,0,58,,9424,107,,,0,18,,9428,107,,,0,75,,9416,107,,,0,35,,9431,107,,,0,75,,9438,107,,,0,35,,9418,107,,,0,75,,9410,107,,,0,35,,9427,107,,,0,75,,9444,107,,,0,75,,9423,107,,,0,18,,9441,107,,,0,18,,9407,107,,,0,58,,9422,107,,,0,18,,9421,107,,,0,18,,9411,107,,,0,18,,9439,107,,,0,58,,9437,107,,,0,18,,9426,107,,,0,18,,9413,107,,,0,58,,9440,107,,,0,35,,9429,107,,,0,75,,9433,107,,,0,35,,9408,107,,,0,75,,9425,107,,,0,31,,9435,107,,,0,70,,9414,107,,,0,30,,9432,107,,,0,70,,9415,107,,,0
6400,'b5be936f-506a-42fd-8fe9-aa394bb7d40c',651,,9471,107,,,0,75,,9459,107,,,0,18,,9469,107,,,0,58,,9456,107,,,0,18,,9454,107,,,0,18,,9449,107,,,0,18,,9462,107,,,0,58,,9477,107,,,0,18,,9447,107,,,0,18,,9455,107,,,0,58,,9445,107,,,0,18,,9451,107,,,0,75,,9461,107,,,0,35,,9458,107,,,0,75,,9464,107,,,0,35,,9450,107,,,0,75,,9453,107,,,0,35,,9448,107,,,0,75,,9474,107,,,0,75,,9480,107,,,0,18,,9467,107,,,0,18,,9470,107,,,0,58,,9482,107,,,0,18,,9463,107,,,0,18,,9468,107,,,0,18,,9465,107,,,0,58,,9479,107,,,0,18,,9476,107,,,0,18,,9452,107,,,0,58,,9460,107,,,0,35,,9473,107,,,0,75,,9457,107,,,0,35,,9466,107,,,0,75,,9481,107,,,0,31,,9475,107,,,0,70,,9478,107,,,0,30,,9446,107,,,0,70,,9472,107,,,0
6400,'c0258e04-8c49-4a98-8bc9-d3680145007e',651,,9510,107,,,0,75,,9520,107,,,0,18,,9502,107,,,0,58,,9515,107,,,0,18,,9500,107,,,0,18,,9505,107,,,0,18,,9497,107,,,0,58,,9487,107,,,0,18,,9489,107,,,0,18,,9499,107,,,0,58,,9518,107,,,0,18,,9509,107,,,0,75,,9492,107,,,0,35,,9494,107,,,0,75,,9488,107,,,0,35,,9483,107,,,0,75,,9485,107,,,0,35,,9495,107,,,0,75,,9503,107,,,0,75,,9516,107,,,0,18,,9514,107,,,0,18,,9498,107,,,0,58,,9511,107,,,0,18,,9508,107,,,0,18,,9513,107,,,0,18,,9484,107,,,0,58,,9519,107,,,0,18,,9504,107,,,0,18,,9493,107,,,0,58,,9507,107,,,0,35,,9512,107,,,0,75,,9490,107,,,0,35,,9506,107,,,0,75,,9496,107,,,0,31,,9501,107,,,0,70,,9486,107,,,0,30,,9491,107,,,0,70,,9517,107,,,0
6400,'db4ab86b-f5f5-4d9a-8c75-2988ac0b1af4',651,,9535,107,,,0,75,,9545,107,,,0,79,,9533,107,,,0,40,,9536,107,,,0,80,,9528,107,,,0,76,,9522,107,,,0,35,,9525,107,,,0,75,,9542,107,,,0,35,,9523,107,,,0,75,,9543,107,,,0,35,,9524,107,,,0,75,,9541,107,,,0,75,,9526,107,,,0,35,,9534,107,,,0,75,,9527,107,,,0,35,,9540,107,,,0,79,,9547,107,,,0,80,,9531,107,,,0,40,,9539,107,,,0,80,,9530,107,,,0,76,,9532,107,,,0,35,,9546,107,,,0,75,,9544,107,,,0,35,,9538,107,,,0,75,,9537,107,,,0,75,,9521,107,,,0,31,,9529,107,,,0
6400,'fbc81037-9cf3-4a4d-b4aa-43897a8ca294',651,,9559,107,,,0,75,,9550,107,,,0,18,,9567,107,,,0,58,,9579,107,,,0,18,,9558,107,,,0,18,,9570,107,,,0,18,,9569,107,,,0,58,,9554,107,,,0,18,,9551,107,,,0,18,,9573,107,,,0,58,,9572,107,,,0,18,,9552,107,,,0,75,,9556,107,,,0,35,,9557,107,,,0,75,,9548,107,,,0,35,,9576,107,,,0,75,,9584,107,,,0,35,,9566,107,,,0,75,,9568,107,,,0,75,,9574,107,,,0,18,,9582,107,,,0,18,,9560,107,,,0,58,,9553,107,,,0,18,,9581,107,,,0,18,,9571,107,,,0,18,,9563,107,,,0,58,,9577,107,,,0,18,,9555,107,,,0,18,,9583,107,,,0,58,,9580,107,,,0,35,,9549,107,,,0,75,,9564,107,,,0,35,,9562,107,,,0,75,,9575,107,,,0,31,,9561,107,,,0,70,,9578,107,,,0,30,,9585,107,,,0,70,,9565,107,,,0
6600,'3b7f0ccc-4b86-44f9-804c-3016d4439aa6',724,,9778,244,,,0,110,,9776,244,,,0,170,,9770,244,,,0,109,,9777,244,,,0,111,,9771,244,,,0,114,,9780,302,0,8,0,111,,9781,244,,,0,110,,9774,244,,,0,150,,9775,244,,,0,110,,9779,244,,,0,114,,9773,302,0,8,0,102,,9772,244,,,0
6600,'545fdaed-298a-4873-ae9e-185363247123',1124,,9785,244,,,0,200,,9782,244,,,0,200,,9784,244,,,0,200,,9783,244,,,0
6600,'72a07536-7ac5-462d-91fd-4adacd8d70a1',724,,9795,244,,,0,110,,9786,244,,,0,170,,9790,244,,,0,109,,9792,244,,,0,111,,9787,244,,,0,114,,9796,302,0,8,0,111,,9797,244,,,0,110,,9791,244,,,0,150,,9789,244,,,0,110,,9794,244,,,0,114,,9788,302,0,8,0,102,,9793,244,,,0
6600,'b5be936f-506a-42fd-8fe9-aa394bb7d40c',724,,9803,244,,,0,110,,9799,244,,,0,170,,9805,244,,,0,109,,9804,244,,,0,111,,9809,244,,,0,114,,9800,302,0,8,0,111,,9801,244,,,0,110,,9802,244,,,0,150,,9807,244,,,0,110,,9798,244,,,0,114,,9806,302,0,8,0,102,,9808,244,,,0
6600,'c0258e04-8c49-4a98-8bc9-d3680145007e',724,,9814,244,,,0,110,,9813,244,,,0,170,,9818,244,,,0,109,,9810,244,,,0,111,,9821,244,,,0,114,,9820,302,0,8,0,111,,9816,244,,,0,110,,9811,244,,,0,150,,9815,244,,,0,110,,9817,244,,,0,114,,9812,302,0,8,0,102,,9819,244,,,0
6600,'db4ab86b-f5f5-4d9a-8c75-2988ac0b1af4',724,,9822,244,,,0,100,,9825,244,,,0,800,,9826,244,,,0,100,,9824,244,,,0,100,,9823,244,,,0
6600,'fbc81037-9cf3-4a4d-b4aa-43897a8ca294',724,,9835,244,,,0,110,,9832,244,,,0,170,,9834,244,,,0,109,,9830,244,,,0,111,,9838,244,,,0,114,,9828,302,0,8,0,111,,9829,244,,,0,110,,9836,244,,,0,150,,9827,244,,,0,110,,9831,244,,,0,114,,9833,302,0,8,0,102,,9837,244,,,0
