6700,'3cbacc5c-479f-4e46-92a9-193ce5972e98',630,,17060,3,,,0,70,,17058,3,,,0,20,,17055,3,,,0,12,,17057,3,,,0,75,,17059,3,,,0,35,,17056,3,,,0,70,,17065,3,,,0,100,,17051,3,,,0,518,,17053,3,,,0,75,,17052,3,,,0,35,,17062,3,,,0,75,,17064,3,,,0,35,,17054,3,,,0,100,,17063,3,,,0,100,,17061,3,,,0
6700,'5d8e1f33-b15a-4d6c-bc08-744b1977a096',630,,17070,3,,,0,70,,17066,3,,,0,20,,17069,3,,,0,12,,17073,3,,,0,75,,17077,3,,,0,35,,17068,3,,,0,70,,17076,3,,,0,100,,17074,3,,,0,518,,17080,3,,,0,75,,17075,3,,,0,35,,17079,3,,,0,75,,17072,3,,,0,35,,17067,3,,,0,100,,17071,3,,,0,100,,17078,3,,,0
6700,'603637be-3b89-4de4-a225-ae420419f9d6',930,,17083,3,,,0,200,,17085,3,,,0,200,,17082,3,,,0,200,,17081,3,,,0,200,,17084,3,,,0
6700,'7c54d383-1c64-4a24-b06c-a04764f3562f',630,,17088,3,,,0,70,,17097,3,,,0,20,,17093,3,,,0,12,,17099,3,,,0,75,,17087,3,,,0,35,,17096,3,,,0,70,,17090,3,,,0,100,,17100,3,,,0,518,,17086,3,,,0,75,,17092,3,,,0,35,,17091,3,,,0,75,,17098,3,,,0,35,,17095,3,,,0,100,,17089,3,,,0,100,,17094,3,,,0
6700,'8406d080-6e75-4486-a00b-1c9c8d02b55f',630,,17113,3,,,0,70,,17101,3,,,0,20,,17109,3,,,0,12,,17102,3,,,0,75,,17104,3,,,0,35,,17106,3,,,0,70,,17112,3,,,0,100,,17115,3,,,0,518,,17111,3,,,0,75,,17103,3,,,0,35,,17114,3,,,0,75,,17105,3,,,0,35,,17110,3,,,0,100,,17107,3,,,0,100,,17108,3,,,0
6700,'d66d6429-e89f-4376-937c-b6bd14f92a3b',630,,17121,3,,,0,70,,17117,3,,,0,20,,17130,3,,,0,12,,17116,3,,,0,75,,17118,3,,,0,35,,17122,3,,,0,70,,17123,3,,,0,100,,17129,3,,,0,518,,17120,3,,,0,75,,17127,3,,,0,35,,17128,3,,,0,75,,17119,3,,,0,35,,17124,3,,,0,100,,17125,3,,,0,100,,17126,3,,,0
6700,'d696856f-d252-4a8b-bd9f-2960bd70f042',630,,17133,3,,,0,100,,17135,3,,,0,100,,17134,3,,,0,100,,17140,3,,,0,100,,17132,3,,,0,500,,17136,3,,,0,100,,17139,3,,,0,100,,17131,3,,,0,100,,17137,3,,,0,100,,17138,3,,,0
6800,'3cbacc5c-479f-4e46-92a9-193ce5972e98',630,,17153,3,,,0,70,,17152,3,,,0,30,,17151,3,,,0,70,,17142,3,,,0,30,,17148,3,,,0,112,,17147,3,,,0,100,,17146,3,,,0,488,,17143,3,,,0,70,,17154,3,,,0,30,,17144,3,,,0,70,,17141,3,,,0,30,,17145,3,,,0,90,,17149,3,,,0,100,,17150,3,,,0,100,,17155,3,,,0
6800,'5d8e1f33-b15a-4d6c-bc08-744b1977a096',630,,17165,3,,,0,70,,17159,3,,,0,30,,17170,3,,,0,70,,17160,3,,,0,30,,17163,3,,,0,112,,17157,3,,,0,100,,17161,3,,,0,488,,17156,3,,,0,70,,17168,3,,,0,30,,17167,3,,,0,70,,17162,3,,,0,30,,17166,3,,,0,90,,17169,3,,,0,100,,17164,3,,,0,100,,17158,3,,,0
6800,'603637be-3b89-4de4-a225-ae420419f9d6',1000,,17173,3,,,0,200,,17172,3,,,0,200,,17175,3,,,0,200,,17174,3,,,0,200,,17171,3,,,0
6800,'7c54d383-1c64-4a24-b06c-a04764f3562f',630,,17187,3,,,0,70,,17176,3,,,0,30,,17180,3,,,0,70,,17188,3,,,0,30,,17182,3,,,0,112,,17186,3,,,0,100,,17189,3,,,0,488,,17185,3,,,0,70,,17181,3,,,0,30,,17184,3,,,0,70,,17190,3,,,0,30,,17178,3,,,0,90,,17179,3,,,0,100,,17177,3,,,0,100,,17183,3,,,0
6800,'8406d080-6e75-4486-a00b-1c9c8d02b55f',630,,17198,3,,,0,70,,17193,3,,,0,30,,17195,3,,,0,70,,17197,3,,,0,30,,17204,3,,,0,112,,17199,3,,,0,100,,17192,3,,,0,488,,17201,3,,,0,70,,17205,3,,,0,30,,17196,3,,,0,70,,17191,3,,,0,30,,17203,3,,,0,90,,17194,3,,,0,100,,17202,3,,,0,100,,17200,3,,,0
6800,'d66d6429-e89f-4376-937c-b6bd14f92a3b',630,,17219,3,,,0,70,,17209,3,,,0,30,,17213,3,,,0,70,,17207,3,,,0,30,,17217,3,,,0,112,,17220,3,,,0,100,,17216,3,,,0,488,,17212,3,,,0,70,,17206,3,,,0,30,,17215,3,,,0,70,,17208,3,,,0,30,,17210,3,,,0,90,,17211,3,,,0,100,,17218,3,,,0,100,,17214,3,,,0
6800,'d696856f-d252-4a8b-bd9f-2960bd70f042',700,,17229,3,,,0,100,,17225,3,,,0,100,,17221,3,,,0,100,,17224,3,,,0,600,,17226,3,,,0,100,,17223,3,,,0,100,,17222,3,,,0,100,,17227,3,,,0,100,,17228,3,,,0
8100,'3cbacc5c-479f-4e46-92a9-193ce5972e98',2130,,17230,2,,,0
8100,'5d8e1f33-b15a-4d6c-bc08-744b1977a096',2130,,17231,2,,,0
8100,'603637be-3b89-4de4-a225-ae420419f9d6',1030,,17232,2,,,0,100,,17234,2,,,0,200,,17236,2,,,0,100,,17235,2,,,0,100,,17238,2,,,0,100,,17233,2,,,0,100,,17237,2,,,0
8100,'7c54d383-1c64-4a24-b06c-a04764f3562f',2130,,17239,2,,,0
8100,'8406d080-6e75-4486-a00b-1c9c8d02b55f',2130,,17240,2,,,0
8100,'d66d6429-e89f-4376-937c-b6bd14f92a3b',2130,,17241,2,,,0
8100,'d696856f-d252-4a8b-bd9f-2960bd70f042',630,,17254,2,,,0,100,,17242,2,,,0,100,,17250,2,,,0,200,,17243,2,,,0,100,,17253,2,,,0,100,,17255,2,,,0,200,,17252,2,,,0,100,,17244,2,,,0,100,,17245,2,,,0,100,,17251,2,,,0,100,,17246,2,,,0,100,,17249,2,,,0,100,,17248,2,,,0,100,,17247,2,,,0
8200,'603637be-3b89-4de4-a225-ae420419f9d6',1230,,17256,2,,,0
8200,'d696856f-d252-4a8b-bd9f-2960bd70f042',930,,17257,2,,,0,400,,17258,2,,,0
8600,'3cbacc5c-479f-4e46-92a9-193ce5972e98',545,,17344,3,,,0,75,,17350,3,,,0,35,,17351,3,,,0,75,,17339,3,,,0,80,,17362,3,,,0,40,,17352,3,,,0,80,,17363,3,,,0,75,,17359,3,,,0,35,,17340,3,,,0,75,,17360,3,,,0,35,,17342,3,,,0,75,,17354,3,,,0,75,,17357,3,,,0,35,,17348,3,,,0,75,,17346,3,,,0,35,,17353,3,,,0,75,,17361,3,,,0,35,,17356,3,,,0,75,,17343,3,,,0,80,,17347,3,,,0,40,,17345,3,,,0,80,,17341,3,,,0,75,,17349,3,,,0,35,,17358,3,,,0,75,,17355,3,,,0,35,,17364,3,,,0
8600,'5d8e1f33-b15a-4d6c-bc08-744b1977a096',545,,17373,3,,,0,75,,17376,3,,,0,35,,17365,3,,,0,75,,17381,3,,,0,80,,17385,3,,,0,40,,17371,3,,,0,80,,17368,3,,,0,75,,17384,3,,,0,35,,17369,3,,,0,75,,17370,3,,,0,35,,17390,3,,,0,75,,17387,3,,,0,75,,17372,3,,,0,35,,17375,3,,,0,75,,17374,3,,,0,35,,17389,3,,,0,75,,17382,3,,,0,35,,17383,3,,,0,75,,17388,3,,,0,80,,17377,3,,,0,40,,17367,3,,,0,80,,17378,3,,,0,75,,17379,3,,,0,35,,17366,3,,,0,75,,17380,3,,,0,35,,17386,3,,,0
8600,'7c54d383-1c64-4a24-b06c-a04764f3562f',545,,17411,3,,,0,75,,17404,3,,,0,35,,17399,3,,,0,75,,17401,3,,,0,80,,17397,3,,,0,40,,17414,3,,,0,80,,17406,3,,,0,75,,17412,3,,,0,35,,17405,3,,,0,75,,17392,3,,,0,35,,17415,3,,,0,75,,17413,3,,,0,75,,17407,3,,,0,35,,17395,3,,,0,75,,17393,3,,,0,35,,17394,3,,,0,75,,17408,3,,,0,35,,17416,3,,,0,75,,17410,3,,,0,80,,17402,3,,,0,40,,17396,3,,,0,80,,17403,3,,,0,75,,17409,3,,,0,35,,17400,3,,,0,75,,17391,3,,,0,35,,17398,3,,,0
8600,'8406d080-6e75-4486-a00b-1c9c8d02b55f',545,,17433,3,,,0,75,,17429,3,,,0,35,,17430,3,,,0,75,,17438,3,,,0,80,,17434,3,,,0,40,,17439,3,,,0,80,,17442,3,,,0,75,,17428,3,,,0,35,,17432,3,,,0,75,,17417,3,,,0,35,,17424,3,,,0,75,,17419,3,,,0,75,,17421,3,,,0,35,,17437,3,,,0,75,,17436,3,,,0,35,,17427,3,,,0,75,,17422,3,,,0,35,,17418,3,,,0,75,,17426,3,,,0,80,,17423,3,,,0,40,,17425,3,,,0,80,,17440,3,,,0,75,,17441,3,,,0,35,,17431,3,,,0,75,,17420,3,,,0,35,,17435,3,,,0
8600,'d66d6429-e89f-4376-937c-b6bd14f92a3b',545,,17467,3,,,0,75,,17447,3,,,0,35,,17464,3,,,0,75,,17465,3,,,0,80,,17466,3,,,0,40,,17443,3,,,0,80,,17448,3,,,0,75,,17445,3,,,0,35,,17461,3,,,0,75,,17455,3,,,0,35,,17449,3,,,0,75,,17458,3,,,0,75,,17457,3,,,0,35,,17463,3,,,0,75,,17451,3,,,0,35,,17452,3,,,0,75,,17462,3,,,0,35,,17453,3,,,0,75,,17444,3,,,0,80,,17468,3,,,0,40,,17456,3,,,0,80,,17454,3,,,0,75,,17460,3,,,0,35,,17446,3,,,0,75,,17450,3,,,0,35,,17459,3,,,0
