1600,'20e11cfa-d6a6-46ec-932e-c3530533c309',645,,3627,0,,,0,70,,3631,0,,,0,35,,3631,159,4,,0,75,,3613,0,,,0,30,,3613,159,4,,0,70,,3629,159,4,,0,30,,3618,159,4,,0,70,,3626,0,,,0,30,,3626,159,4,,0,70,,3614,159,4,,0,30,,3633,0,,,0,80,,3624,0,,,0,75,,3624,159,4,,0,35,,3617,159,4,,0,75,,3612,0,,,0,35,,3615,0,,,0,75,,3620,0,,,0,75,,3620,159,4,,0,40,,3621,0,,,0,80,,3621,159,4,,0,80,,3622,159,4,,0,30,,3632,0,,,0,70,,3632,159,4,,0,30,,3625,0,,,0,70,,3625,159,4,,0,30,,3616,159,4,,0,70,,3630,159,4,,0,30,,3611,170,4,,0
1600,'29539182-f080-4698-b528-b5cea7c0f7e4',645,,3637,0,,,0,70,,3637,159,4,,0,35,,3634,0,,,0,75,,3634,159,4,,0,30,,3644,159,4,,0,70,,3655,0,,,0,30,,3655,159,4,,0,70,,3643,0,,,0,30,,3643,159,4,,0,70,,3651,0,,,0,30,,3660,0,,,0,80,,3660,159,4,,0,75,,3642,0,,,0,35,,3658,0,,,0,75,,3648,0,,,0,35,,3648,159,4,,0,75,,3636,0,,,0,75,,3646,0,,,0,40,,3646,159,4,,0,80,,3657,159,4,,0,80,,3652,0,,,0,30,,3652,159,4,,0,70,,3640,159,4,,0,30,,3653,0,,,0,70,,3653,159,4,,0,30,,3639,159,4,,0,70,,3659,159,4,,0,30,,3649,170,4,,0
1600,'4ff90fe8-7b85-4537-858e-36c817b2ba06',1020,,3664,0,,,0,35,,3664,159,4,,0,75,,3672,159,4,,0,75,,3671,0,,,0,35,,3662,0,,,0,75,,3662,159,4,,0,35,,3669,159,4,,0,75,,3670,0,,,0,75,,3670,159,4,,0,35,,3663,0,,,0,75,,3661,0,,,0,35,,3668,0,,,0,75,,3668,159,4,,0,35,,3667,170,4,,0
1600,'53316f13-7e2a-415d-a780-d65e8f9fc920',1130,,3682,0,,,0,75,,3677,0,,,0,35,,3679,0,,,0,75,,3685,0,,,0,35,,3684,0,,,0,75,,3684,159,4,,0,75,,3680,159,4,,0,35,,3676,0,,,0,75,,3676,159,4,,0,35,,3674,0,,,0,75,,3674,159,4,,0,35,,3675,0,,,0,75,,3678,0,,,0,75,,3678,170,4,,0
1600,'9712db0e-9c6e-4aef-9821-7ba79476301c',645,,3699,0,,,0,70,,3699,159,4,,0,35,,3702,159,4,,0,75,,3708,0,,,0,30,,3708,159,4,,0,70,,3704,159,4,,0,30,,3696,159,4,,0,70,,3688,0,,,0,30,,3688,159,4,,0,70,,3705,0,,,0,30,,3705,159,4,,0,80,,3710,0,,,0,75,,3710,159,4,,0,35,,3687,159,4,,0,75,,3712,0,,,0,35,,3691,0,,,0,75,,3691,159,4,,0,75,,3711,159,4,,0,40,,3709,0,,,0,80,,3709,159,4,,0,80,,3695,0,,,0,30,,3690,0,,,0,70,,3697,0,,,0,30,,3697,159,4,,0,70,,3701,0,,,0,30,,3701,159,4,,0,70,,3707,159,4,,0,30,,3689,170,4,,0
1600,'aa100e8f-694c-4b5d-8041-b019347d5019',645,,3729,0,,,0,70,,3737,0,,,0,35,,3737,159,4,,0,75,,3733,0,,,0,30,,3733,159,4,,0,70,,3728,159,4,,0,30,,3727,159,4,,0,70,,3740,0,,,0,30,,3730,0,,,0,70,,3730,159,4,,0,30,,3726,159,4,,0,80,,3722,0,,,0,75,,3722,159,4,,0,35,,3739,159,4,,0,75,,3736,0,,,0,35,,3720,0,,,0,75,,3715,0,,,0,75,,3715,159,4,,0,40,,3738,0,,,0,80,,3738,159,4,,0,80,,3724,0,,,0,30,,3732,0,,,0,70,,3732,159,4,,0,30,,3735,159,4,,0,70,,3734,159,4,,0,30,,3723,159,4,,0,70,,3718,159,4,,0,30,,3717,170,4,,0
1600,'e6a8ef7e-0cfa-4bac-b2c4-68d071108359',645,,3749,0,,,0,70,,3749,159,4,,0,35,,3759,159,4,,0,75,,3750,0,,,0,30,,3743,0,,,0,70,,3743,159,4,,0,30,,3758,159,4,,0,70,,3741,0,,,0,30,,3761,0,,,0,70,,3767,0,,,0,30,,3751,0,,,0,80,,3751,159,4,,0,75,,3747,159,4,,0,35,,3755,159,4,,0,75,,3753,0,,,0,35,,3752,0,,,0,75,,3748,0,,,0,75,,3748,159,4,,0,40,,3745,0,,,0,80,,3745,159,4,,0,80,,3765,0,,,0,30,,3746,0,,,0,70,,3746,159,4,,0,30,,3754,159,4,,0,70,,3742,0,,,0,30,,3762,0,,,0,70,,3762,159,4,,0,30,,3744,170,4,,0
5000,'20e11cfa-d6a6-46ec-932e-c3530533c309',638,,3768,0,,,0,62,,3771,448,4,,0,2,,3798,0,,,0,22,,3795,448,4,,0,4,,3784,0,,,0,20,,3768,448,4,,0,6,,3797,0,,,0,63,,3798,448,4,,0,3,,3800,0,,,0,23,,3784,448,4,,0,3,,3786,0,,,0,63,,3797,448,4,,0,3,,3775,0,,,0,23,,3800,448,4,,0,3,,3778,0,,,0,20,,3786,448,4,,0,46,,3789,0,,,0,22,,3775,448,4,,0,4,,3803,0,,,0,20,,3778,448,4,,0,8,,3801,0,,,0,56,,3789,401,4,,0,31,,3791,0,,,0,70,,3801,448,4,,0,3,,3799,0,,,0,84,,3787,0,,,0,32,,3799,448,4,,0,2,,3776,0,,,0,68,,3769,0,,,0,15,,3787,448,4,,0,10,,3788,0,,,0,24,,3790,448,4,,0,5,,3792,0,,,0,62,,3769,448,4,,0,5,,3770,0,,,0,23,,3788,448,4,,0,4,,3782,0,,,0,65,,3792,448,4,,0,2,,3772,0,,,0,34,,3781,0,,,0,72,,3793,0,,,0,27,,3772,448,4,,0,74,,3802,0,,,0,24,,3793,448,4,,0,64,,3777,448,4,,0,26,,3774,0,,,0,64,,3783,448,4,,0,3,,3773,0,,,0,20,,3785,448,4,,0,3,,3794,0,,,0,90,,3779,0,,,0,23,,3780,0,,,0,90,,3796,0,,,0
5000,'29539182-f080-4698-b528-b5cea7c0f7e4',638,,3806,0,,,0,62,,3836,448,4,,0,2,,3808,0,,,0,22,,3835,448,4,,0,4,,3825,0,,,0,20,,3806,448,4,,0,6,,3831,0,,,0,63,,3808,448,4,,0,3,,3805,0,,,0,23,,3825,448,4,,0,3,,3822,0,,,0,63,,3831,448,4,,0,3,,3817,0,,,0,23,,3805,448,4,,0,3,,3824,0,,,0,20,,3822,448,4,,0,46,,3823,0,,,0,22,,3817,448,4,,0,4,,3807,0,,,0,20,,3824,448,4,,0,8,,3811,0,,,0,56,,3823,401,4,,0,31,,3812,0,,,0,70,,3811,448,4,,0,3,,3820,0,,,0,84,,3819,0,,,0,32,,3820,448,4,,0,2,,3832,0,,,0,68,,3815,0,,,0,15,,3819,448,4,,0,10,,3839,0,,,0,24,,3809,448,4,,0,5,,3814,0,,,0,62,,3815,448,4,,0,5,,3838,0,,,0,23,,3839,448,4,,0,4,,3816,0,,,0,65,,3814,448,4,,0,2,,3834,0,,,0,34,,3837,0,,,0,72,,3810,0,,,0,27,,3829,0,,,0,74,,3837,448,4,,0,24,,3810,448,4,,0,64,,3827,0,,,0,26,,3813,0,,,0,64,,3833,448,4,,0,3,,3830,0,,,0,20,,3827,448,4,,0,3,,3821,0,,,0,90,,3828,0,,,0,23,,3818,0,,,0,90,,3804,0,,,0
5000,'4ff90fe8-7b85-4537-858e-36c817b2ba06',1000,,3842,448,4,,0,35,,3849,448,4,,0,75,,3853,448,4,,0,35,,3846,0,,,0,75,,3840,0,,,0,35,,3846,448,4,,0,75,,3840,448,4,,0,75,,3856,448,4,,0,35,,3841,448,4,,0,75,,3854,0,,,0,35,,3851,0,,,0,75,,3854,448,4,,0,75,,3843,0,,,0,35,,3844,0,,,0,70,,3852,0,,,0,5,,3847,0,,,0
5000,'53316f13-7e2a-415d-a780-d65e8f9fc920',700,,3869,448,4,,0,5,,3876,0,,,0,35,,3872,448,4,,0,75,,3868,0,,,0,35,,3883,0,,,0,75,,3884,0,,,0,75,,3883,448,4,,0,35,,3867,0,,,0,75,,3864,0,,,0,35,,3867,448,4,,0,77,,3873,0,,,0,80,,3874,0,,,0,37,,3879,0,,,0,80,,3874,448,4,,0,37,,3877,448,4,,0,80,,3882,0,,,0,77,,3870,0,,,0,40,,3882,448,4,,0,77,,3859,0,,,0,78,,3865,0,,,0,37,,3859,448,4,,0,73,,3865,448,4,,0,2,,3863,0,,,0,35,,3871,0,,,0,75,,3858,0,,,0,75,,3880,0,,,0,35,,3881,0,,,0
5000,'9712db0e-9c6e-4aef-9821-7ba79476301c',638,,3890,0,,,0,62,,3897,448,4,,0,2,,3898,0,,,0,22,,3921,448,4,,0,4,,3918,0,,,0,20,,3890,448,4,,0,6,,3899,0,,,0,63,,3898,448,4,,0,3,,3894,0,,,0,23,,3918,448,4,,0,3,,3902,0,,,0,63,,3899,448,4,,0,3,,3887,0,,,0,23,,3894,448,4,,0,3,,3915,0,,,0,20,,3902,448,4,,0,46,,3906,0,,,0,22,,3887,448,4,,0,4,,3910,0,,,0,20,,3915,448,4,,0,8,,3908,0,,,0,56,,3906,401,4,,0,31,,3910,448,4,,0,70,,3908,448,4,,0,3,,3889,0,,,0,84,,3901,0,,,0,32,,3889,448,4,,0,2,,3891,0,,,0,68,,3900,0,,,0,15,,3901,448,4,,0,10,,3895,0,,,0,24,,3914,448,4,,0,5,,3911,0,,,0,62,,3900,448,4,,0,5,,3912,0,,,0,23,,3895,448,4,,0,4,,3916,0,,,0,65,,3911,448,4,,0,2,,3896,0,,,0,34,,3912,448,4,,0,72,,3916,448,4,,0,27,,3896,448,4,,0,74,,3920,0,,,0,24,,3907,0,,,0,64,,3905,0,,,0,26,,3888,0,,,0,64,,3907,448,4,,0,3,,3919,0,,,0,20,,3905,448,4,,0,3,,3886,0,,,0,90,,3904,0,,,0,23,,3892,0,,,0,90,,3913,0,,,0
5000,'aa100e8f-694c-4b5d-8041-b019347d5019',638,,3946,0,,,0,62,,3957,448,4,,0,2,,3922,0,,,0,22,,3942,448,4,,0,4,,3929,0,,,0,20,,3946,448,4,,0,6,,3935,0,,,0,63,,3922,448,4,,0,3,,3931,0,,,0,23,,3929,448,4,,0,3,,3940,0,,,0,63,,3935,448,4,,0,3,,3950,0,,,0,23,,3931,448,4,,0,3,,3955,0,,,0,20,,3940,448,4,,0,46,,3951,0,,,0,22,,3950,448,4,,0,4,,3927,0,,,0,20,,3955,448,4,,0,8,,3930,0,,,0,56,,3951,401,4,,0,31,,3927,448,4,,0,70,,3930,448,4,,0,3,,3949,0,,,0,84,,3939,0,,,0,32,,3949,448,4,,0,2,,3923,0,,,0,68,,3954,0,,,0,15,,3939,448,4,,0,10,,3924,0,,,0,24,,3948,448,4,,0,5,,3943,0,,,0,62,,3954,448,4,,0,5,,3953,0,,,0,23,,3924,448,4,,0,4,,3956,0,,,0,65,,3943,448,4,,0,2,,3952,0,,,0,34,,3932,0,,,0,72,,3926,0,,,0,27,,3952,448,4,,0,74,,3932,448,4,,0,24,,3933,0,,,0,64,,3945,0,,,0,26,,3925,0,,,0,64,,3933,448,4,,0,3,,3934,0,,,0,20,,3945,448,4,,0,3,,3928,0,,,0,90,,3934,448,4,,0,23,,3938,0,,,0,90,,3947,0,,,0
5000,'e6a8ef7e-0cfa-4bac-b2c4-68d071108359',638,,3973,0,,,0,62,,3982,448,4,,0,2,,3989,0,,,0,22,,3978,448,4,,0,4,,3968,0,,,0,20,,3973,448,4,,0,6,,3964,0,,,0,63,,3989,448,4,,0,3,,3958,0,,,0,23,,3968,448,4,,0,3,,3985,0,,,0,63,,3964,448,4,,0,3,,3961,0,,,0,23,,3958,448,4,,0,3,,3984,0,,,0,20,,3985,448,4,,0,46,,3965,0,,,0,22,,3961,448,4,,0,4,,3963,0,,,0,20,,3984,448,4,,0,8,,3992,0,,,0,56,,3965,401,4,,0,31,,3983,0,,,0,70,,3992,448,4,,0,3,,3967,0,,,0,84,,3975,0,,,0,32,,3967,448,4,,0,2,,3976,0,,,0,68,,3988,0,,,0,15,,3975,448,4,,0,10,,3959,0,,,0,24,,3960,448,4,,0,5,,3962,0,,,0,62,,3988,448,4,,0,5,,3993,0,,,0,23,,3959,448,4,,0,4,,3991,0,,,0,65,,3962,448,4,,0,2,,3974,0,,,0,34,,3979,0,,,0,72,,3991,448,4,,0,27,,3974,448,4,,0,74,,3979,448,4,,0,24,,3972,448,4,,0,64,,3987,0,,,0,26,,3986,0,,,0,64,,3966,448,4,,0,3,,3969,0,,,0,20,,3987,448,4,,0,3,,3977,0,,,0,90,,3969,448,4,,0,23,,3970,0,,,0,90,,3990,0,,,0
5103,'20e11cfa-d6a6-46ec-932e-c3530533c309',613,,4049,0,0,6 1 7,0,15,,4009,0,0,6 1 7,0,15,,4026,0,0,6 1 7,0,15,,4037,0,0,6 1 7,0,55,,4067,0,0,6 1 7,0,15,,4013,0,0,6 1 7,0,15,,4035,0,0,6 1 7,0,15,,4033,0,0,6 1 7,0,53,,4043,0,0,6 1 7,0,13,,4008,0,0,6 1 7,0,17,,4047,0,0,6 1 7,0,17,,4017,0,0,6 1 7,0,57,,4006,0,0,6 1 7,0,17,,4068,0,0,6 1 7,0,16,,4022,0,0,6 1 7,0,55,,4054,0,0,6 1 7,0,15,,4019,0,0,6 1 7,0,15,,4036,0,0,6 1 7,0,16,,4028,0,0,6 1 7,0,57,,3998,0,0,6 1 7,0,15,,4024,0,0,6 1 7,0,15,,4058,0,0,6 1 7,0,15,,4023,0,0,6 1 7,0,56,,4057,0,0,6 1 7,0,15,,4029,0,0,6 1 7,0,16,,4031,0,0,6 1 7,0,16,,3999,0,0,6 1 7,0,53,,4025,0,0,6 1 7,0,14,,4053,0,0,6 1 7,0,15,,4010,0,0,6 1 7,0,14,,3996,0,0,6 1 7,0,54,,3997,0,0,6 1 7,0,14,,4061,0,0,6 1 7,0,14,,4064,0,0,6 1 7,0,14,,4040,0,0,6 1 7,0,56,,4056,0,0,6 1 7,0,16,,4018,0,0,6 1 7,0,16,,4046,0,0,6 1 7,0,14,,4005,0,0,6 1 7,0,54,,4016,0,0,6 1 7,0,14,,4015,0,0,6 1 7,0,14,,4048,0,0,6 1 7,0,16,,4014,0,0,6 1 7,0,54,,4011,0,0,6 1 7,0,16,,4066,0,0,6 1 7,0,15,,4042,0,0,6 1 7,0,15,,4062,0,0,6 1 7,0,54,,4050,0,0,6 1 7,0,14,,4065,0,0,6 1 7,0,14,,4052,0,0,6 1 7,0,15,,4045,0,0,6 1 7,0,12,,4039,0,0,6 1 7,0,54,,4055,0,0,6 1 7,0,14,,4060,0,0,6 1 7,0,14,,4004,0,0,6 1 7,0,14,,4020,0,0,6 1 7,0,54,,4007,0,0,6 1 7,0,14,,4069,0,0,6 1 7,0,16,,4034,0,0,6 1 7,0,16,,4038,0,0,6 1 7,0,58,,4000,0,0,6 1 7,0,14,,4021,0,0,6 1 7,0,14,,4030,0,0,6 1 7,0,14,,3994,0,0,6 1 7,0,54,,4051,0,0,6 1 7,0,10,,4002,0,0,6 1 7,0,16,,4044,0,0,6 1 7,0,17,,3995,0,0,6 1 7,0,66,,4063,0,0,6 1 7,0
5103,'29539182-f080-4698-b528-b5cea7c0f7e4',613,,4101,0,0,6 1 7,0,15,,4119,0,0,6 1 7,0,15,,4103,0,0,6 1 7,0,15,,4072,0,0,6 1 7,0,55,,4106,0,0,6 1 7,0,15,,4098,0,0,6 1 7,0,15,,4078,0,0,6 1 7,0,15,,4132,0,0,6 1 7,0,53,,4073,0,0,6 1 7,0,13,,4105,0,0,6 1 7,0,17,,4084,0,0,6 1 7,0,17,,4140,0,0,6 1 7,0,57,,4139,0,0,6 1 7,0,17,,4121,0,0,6 1 7,0,16,,4100,0,0,6 1 7,0,55,,4116,0,0,6 1 7,0,15,,4141,0,0,6 1 7,0,15,,4135,0,0,6 1 7,0,16,,4080,0,0,6 1 7,0,57,,4134,0,0,6 1 7,0,15,,4102,0,0,6 1 7,0,15,,4104,0,0,6 1 7,0,15,,4126,0,0,6 1 7,0,56,,4118,0,0,6 1 7,0,15,,4129,0,0,6 1 7,0,16,,4086,0,0,6 1 7,0,16,,4094,0,0,6 1 7,0,53,,4125,0,0,6 1 7,0,14,,4107,0,0,6 1 7,0,15,,4137,0,0,6 1 7,0,14,,4081,0,0,6 1 7,0,54,,4111,0,0,6 1 7,0,14,,4076,0,0,6 1 7,0,14,,4144,0,0,6 1 7,0,14,,4110,0,0,6 1 7,0,56,,4114,0,0,6 1 7,0,16,,4088,0,0,6 1 7,0,16,,4113,0,0,6 1 7,0,14,,4128,0,0,6 1 7,0,54,,4131,0,0,6 1 7,0,14,,4090,0,0,6 1 7,0,14,,4079,0,0,6 1 7,0,16,,4130,0,0,6 1 7,0,54,,4133,0,0,6 1 7,0,16,,4145,0,0,6 1 7,0,15,,4117,0,0,6 1 7,0,15,,4122,0,0,6 1 7,0,54,,4077,0,0,6 1 7,0,14,,4108,0,0,6 1 7,0,14,,4136,0,0,6 1 7,0,15,,4120,0,0,6 1 7,0,12,,4097,0,0,6 1 7,0,54,,4074,0,0,6 1 7,0,14,,4138,0,0,6 1 7,0,14,,4142,0,0,6 1 7,0,14,,4092,0,0,6 1 7,0,54,,4143,0,0,6 1 7,0,14,,4096,0,0,6 1 7,0,16,,4089,0,0,6 1 7,0,16,,4083,0,0,6 1 7,0,58,,4099,0,0,6 1 7,0,14,,4124,0,0,6 1 7,0,14,,4075,0,0,6 1 7,0,14,,4123,0,0,6 1 7,0,54,,4087,0,0,6 1 7,0,10,,4127,0,0,6 1 7,0,16,,4085,0,0,6 1 7,0,17,,4095,0,0,6 1 7,0,66,,4091,0,0,6 1 7,0
5103,'4ff90fe8-7b85-4537-858e-36c817b2ba06',918,,4156,0,0,6 1 7,0,25,,4157,0,0,6 1 7,0,58,,4174,0,0,6 1 7,0,18,,4167,0,0,6 1 7,0,18,,4177,0,0,6 1 7,0,18,,4164,0,0,6 1 7,0,58,,4149,0,0,6 1 7,0,18,,4173,0,0,6 1 7,0,18,,4155,0,0,6 1 7,0,58,,4154,0,0,6 1 7,0,18,,4146,0,0,6 1 7,0,18,,4176,0,0,6 1 7,0,58,,4152,0,0,6 1 7,0,21,,4147,0,0,6 1 7,0,18,,4158,0,0,6 1 7,0,18,,4150,0,0,6 1 7,0,58,,4172,0,0,6 1 7,0,18,,4170,0,0,6 1 7,0,18,,4168,0,0,6 1 7,0,60,,4159,0,0,6 1 7,0,20,,4161,0,0,6 1 7,0,19,,4169,0,0,6 1 7,0,58,,4171,0,0,6 1 7,0,18,,4160,0,0,6 1 7,0,18,,4151,0,0,6 1 7,0,58,,4153,0,0,6 1 7,0,16,,4163,0,0,6 1 7,0,20,,4166,0,0,6 1 7,0,18,,4148,0,0,6 1 7,0,58,,4162,0,0,6 1 7,0
5103,'53316f13-7e2a-415d-a780-d65e8f9fc920',617,,4215,0,0,6 1 7,0,15,,4243,0,0,6 1 7,0,15,,4193,0,0,6 1 7,0,55,,4184,0,0,6 1 7,0,15,,4186,0,0,6 1 7,0,15,,4241,0,0,6 1 7,0,15,,4182,0,0,6 1 7,0,58,,4227,0,0,6 1 7,0,18,,4237,0,0,6 1 7,0,18,,4235,0,0,6 1 7,0,16,,4191,0,0,6 1 7,0,55,,4240,0,0,6 1 7,0,15,,4208,0,0,6 1 7,0,17,,4211,0,0,6 1 7,0,58,,4189,0,0,6 1 7,0,17,,4179,0,0,6 1 7,0,16,,4245,0,0,6 1 7,0,16,,4203,0,0,6 1 7,0,54,,4231,0,0,6 1 7,0,22,,4204,0,0,6 1 7,0,23,,4188,0,0,6 1 7,0,59,,4247,0,0,6 1 7,0,19,,4239,0,0,6 1 7,0,16,,4213,0,0,6 1 7,0,56,,4229,0,0,6 1 7,0,16,,4221,0,0,6 1 7,0,15,,4202,0,0,6 1 7,0,16,,4220,0,0,6 1 7,0,56,,4224,0,0,6 1 7,0,18,,4190,0,0,6 1 7,0,16,,4199,0,0,6 1 7,0,17,,4212,0,0,6 1 7,0,56,,4238,0,0,6 1 7,0,16,,4223,0,0,6 1 7,0,16,,4222,0,0,6 1 7,0,16,,4178,0,0,6 1 7,0,60,,4201,0,0,6 1 7,0,15,,4194,0,0,6 1 7,0,16,,4197,0,0,6 1 7,0,56,,4230,0,0,6 1 7,0,17,,4210,0,0,6 1 7,0,17,,4242,0,0,6 1 7,0,17,,4228,0,0,6 1 7,0,58,,4207,0,0,6 1 7,0,18,,4196,0,0,6 1 7,0,16,,4181,0,0,6 1 7,0,53,,4209,0,0,6 1 7,0,9,,4244,0,0,6 1 7,0,17,,4233,0,0,6 1 7,0,17,,4218,0,0,6 1 7,0,58,,4206,0,0,6 1 7,0,18,,4219,0,0,6 1 7,0,16,,4236,0,0,6 1 7,0,15,,4225,0,0,6 1 7,0,56,,4185,0,0,6 1 7,0,17,,4234,0,0,6 1 7,0,17,,4187,0,0,6 1 7,0,18,,4216,0,0,6 1 7,0,56,,4226,0,0,6 1 7,0,15,,4183,0,0,6 1 7,0,16,,4246,0,0,6 1 7,0,57,,4217,0,0,6 1 7,0
5103,'9712db0e-9c6e-4aef-9821-7ba79476301c',613,,4323,0,0,6 1 7,0,15,,4285,0,0,6 1 7,0,15,,4299,0,0,6 1 7,0,15,,4318,0,0,6 1 7,0,55,,4254,0,0,6 1 7,0,15,,4263,0,0,6 1 7,0,15,,4257,0,0,6 1 7,0,15,,4320,0,0,6 1 7,0,53,,4273,0,0,6 1 7,0,13,,4307,0,0,6 1 7,0,17,,4258,0,0,6 1 7,0,17,,4281,0,0,6 1 7,0,57,,4319,0,0,6 1 7,0,17,,4253,0,0,6 1 7,0,16,,4317,0,0,6 1 7,0,55,,4277,0,0,6 1 7,0,15,,4309,0,0,6 1 7,0,15,,4313,0,0,6 1 7,0,16,,4271,0,0,6 1 7,0,57,,4262,0,0,6 1 7,0,15,,4275,0,0,6 1 7,0,15,,4266,0,0,6 1 7,0,15,,4261,0,0,6 1 7,0,56,,4322,0,0,6 1 7,0,15,,4250,0,0,6 1 7,0,16,,4304,0,0,6 1 7,0,16,,4303,0,0,6 1 7,0,53,,4298,0,0,6 1 7,0,14,,4280,0,0,6 1 7,0,15,,4278,0,0,6 1 7,0,14,,4311,0,0,6 1 7,0,54,,4306,0,0,6 1 7,0,14,,4316,0,0,6 1 7,0,14,,4249,0,0,6 1 7,0,14,,4289,0,0,6 1 7,0,56,,4308,0,0,6 1 7,0,16,,4268,0,0,6 1 7,0,16,,4296,0,0,6 1 7,0,14,,4267,0,0,6 1 7,0,54,,4290,0,0,6 1 7,0,14,,4279,0,0,6 1 7,0,14,,4282,0,0,6 1 7,0,16,,4283,0,0,6 1 7,0,54,,4293,0,0,6 1 7,0,16,,4284,0,0,6 1 7,0,15,,4297,0,0,6 1 7,0,15,,4301,0,0,6 1 7,0,54,,4265,0,0,6 1 7,0,14,,4255,0,0,6 1 7,0,14,,4292,0,0,6 1 7,0,15,,4264,0,0,6 1 7,0,12,,4294,0,0,6 1 7,0,54,,4259,0,0,6 1 7,0,14,,4312,0,0,6 1 7,0,14,,4270,0,0,6 1 7,0,14,,4287,0,0,6 1 7,0,54,,4314,0,0,6 1 7,0,14,,4286,0,0,6 1 7,0,16,,4315,0,0,6 1 7,0,16,,4248,0,0,6 1 7,0,58,,4302,0,0,6 1 7,0,14,,4260,0,0,6 1 7,0,14,,4295,0,0,6 1 7,0,14,,4276,0,0,6 1 7,0,54,,4291,0,0,6 1 7,0,10,,4252,0,0,6 1 7,0,16,,4272,0,0,6 1 7,0,17,,4305,0,0,6 1 7,0,66,,4269,0,0,6 1 7,0
5103,'aa100e8f-694c-4b5d-8041-b019347d5019',613,,4353,0,0,6 1 7,0,15,,4338,0,0,6 1 7,0,15,,4330,0,0,6 1 7,0,15,,4372,0,0,6 1 7,0,55,,4385,0,0,6 1 7,0,15,,4352,0,0,6 1 7,0,15,,4371,0,0,6 1 7,0,15,,4344,0,0,6 1 7,0,53,,4391,0,0,6 1 7,0,13,,4368,0,0,6 1 7,0,17,,4398,0,0,6 1 7,0,17,,4350,0,0,6 1 7,0,57,,4390,0,0,6 1 7,0,17,,4389,0,0,6 1 7,0,16,,4394,0,0,6 1 7,0,55,,4363,0,0,6 1 7,0,15,,4375,0,0,6 1 7,0,15,,4355,0,0,6 1 7,0,16,,4333,0,0,6 1 7,0,57,,4339,0,0,6 1 7,0,15,,4383,0,0,6 1 7,0,15,,4373,0,0,6 1 7,0,15,,4374,0,0,6 1 7,0,56,,4377,0,0,6 1 7,0,15,,4364,0,0,6 1 7,0,16,,4340,0,0,6 1 7,0,16,,4337,0,0,6 1 7,0,53,,4349,0,0,6 1 7,0,14,,4379,0,0,6 1 7,0,15,,4325,0,0,6 1 7,0,14,,4331,0,0,6 1 7,0,54,,4335,0,0,6 1 7,0,14,,4392,0,0,6 1 7,0,14,,4332,0,0,6 1 7,0,14,,4342,0,0,6 1 7,0,56,,4393,0,0,6 1 7,0,16,,4327,0,0,6 1 7,0,16,,4324,0,0,6 1 7,0,14,,4399,0,0,6 1 7,0,54,,4386,0,0,6 1 7,0,14,,4358,0,0,6 1 7,0,14,,4387,0,0,6 1 7,0,16,,4334,0,0,6 1 7,0,54,,4382,0,0,6 1 7,0,16,,4395,0,0,6 1 7,0,15,,4357,0,0,6 1 7,0,15,,4343,0,0,6 1 7,0,54,,4388,0,0,6 1 7,0,14,,4359,0,0,6 1 7,0,14,,4361,0,0,6 1 7,0,15,,4366,0,0,6 1 7,0,12,,4369,0,0,6 1 7,0,54,,4356,0,0,6 1 7,0,14,,4328,0,0,6 1 7,0,14,,4360,0,0,6 1 7,0,14,,4329,0,0,6 1 7,0,54,,4397,0,0,6 1 7,0,14,,4354,0,0,6 1 7,0,16,,4384,0,0,6 1 7,0,16,,4341,0,0,6 1 7,0,58,,4336,0,0,6 1 7,0,14,,4362,0,0,6 1 7,0,14,,4367,0,0,6 1 7,0,14,,4348,0,0,6 1 7,0,54,,4365,0,0,6 1 7,0,10,,4376,0,0,6 1 7,0,16,,4351,0,0,6 1 7,0,17,,4396,0,0,6 1 7,0,66,,4345,0,0,6 1 7,0
5103,'e6a8ef7e-0cfa-4bac-b2c4-68d071108359',613,,4415,0,0,6 1 7,0,15,,4422,0,0,6 1 7,0,15,,4421,0,0,6 1 7,0,15,,4433,0,0,6 1 7,0,55,,4445,0,0,6 1 7,0,15,,4411,0,0,6 1 7,0,15,,4456,0,0,6 1 7,0,15,,4429,0,0,6 1 7,0,53,,4436,0,0,6 1 7,0,13,,4427,0,0,6 1 7,0,17,,4453,0,0,6 1 7,0,17,,4402,0,0,6 1 7,0,57,,4475,0,0,6 1 7,0,17,,4442,0,0,6 1 7,0,16,,4447,0,0,6 1 7,0,55,,4407,0,0,6 1 7,0,15,,4428,0,0,6 1 7,0,15,,4405,0,0,6 1 7,0,16,,4418,0,0,6 1 7,0,57,,4455,0,0,6 1 7,0,15,,4409,0,0,6 1 7,0,15,,4474,0,0,6 1 7,0,15,,4403,0,0,6 1 7,0,56,,4424,0,0,6 1 7,0,15,,4441,0,0,6 1 7,0,16,,4434,0,0,6 1 7,0,16,,4412,0,0,6 1 7,0,53,,4443,0,0,6 1 7,0,14,,4464,0,0,6 1 7,0,15,,4437,0,0,6 1 7,0,14,,4466,0,0,6 1 7,0,54,,4460,0,0,6 1 7,0,14,,4416,0,0,6 1 7,0,14,,4419,0,0,6 1 7,0,14,,4404,0,0,6 1 7,0,56,,4400,0,0,6 1 7,0,16,,4459,0,0,6 1 7,0,16,,4439,0,0,6 1 7,0,14,,4450,0,0,6 1 7,0,54,,4414,0,0,6 1 7,0,14,,4467,0,0,6 1 7,0,14,,4413,0,0,6 1 7,0,16,,4457,0,0,6 1 7,0,54,,4430,0,0,6 1 7,0,16,,4410,0,0,6 1 7,0,15,,4444,0,0,6 1 7,0,15,,4406,0,0,6 1 7,0,54,,4448,0,0,6 1 7,0,14,,4432,0,0,6 1 7,0,14,,4461,0,0,6 1 7,0,15,,4463,0,0,6 1 7,0,12,,4468,0,0,6 1 7,0,54,,4440,0,0,6 1 7,0,14,,4454,0,0,6 1 7,0,14,,4417,0,0,6 1 7,0,14,,4452,0,0,6 1 7,0,54,,4469,0,0,6 1 7,0,14,,4438,0,0,6 1 7,0,16,,4401,0,0,6 1 7,0,16,,4435,0,0,6 1 7,0,58,,4408,0,0,6 1 7,0,14,,4471,0,0,6 1 7,0,14,,4451,0,0,6 1 7,0,14,,4420,0,0,6 1 7,0,54,,4426,0,0,6 1 7,0,10,,4425,0,0,6 1 7,0,16,,4473,0,0,6 1 7,0,17,,4431,0,0,6 1 7,0,66,,4449,0,0,6 1 7,0
5104,'20e11cfa-d6a6-46ec-932e-c3530533c309',625,,4522,191,4,,0,16,,4550,191,4,,0,13,,4502,191,4,,0,55,,4487,191,4,,0,17,,4514,191,4,,0,14,,4489,191,4,,0,63,,4524,191,4,,0,15,,4537,191,4,,0,20,,4499,191,4,,0,17,,4507,191,4,,0,55,,4541,191,4,,0,18,,4512,191,4,,0,15,,4539,191,4,,0,13,,4480,191,4,,0,54,,4517,191,4,,0,17,,4479,191,4,,0,17,,4545,191,4,,0,57,,4488,191,4,,0,17,,4516,191,4,,0,16,,4509,191,4,,0,16,,4504,191,4,,0,56,,4552,191,4,,0,15,,4503,191,4,,0,16,,4506,191,4,,0,16,,4510,191,4,,0,53,,4526,191,4,,0,14,,4500,191,4,,0,14,,4497,191,4,,0,16,,4483,191,4,,0,54,,4491,191,4,,0,13,,4481,191,4,,0,15,,4518,191,4,,0,14,,4485,191,4,,0,55,,4546,191,4,,0,13,,4513,191,4,,0,20,,4538,191,4,,0,14,,4551,191,4,,0,54,,4543,191,4,,0,14,,4495,191,4,,0,14,,4496,191,4,,0,16,,4533,191,4,,0,54,,4482,191,4,,0,16,,4508,191,4,,0,15,,4542,191,4,,0,15,,4521,191,4,,0,54,,4548,191,4,,0,14,,4478,191,4,,0,14,,4494,191,4,,0,15,,4492,191,4,,0,9,,4520,191,4,,0,57,,4529,191,4,,0,12,,4535,191,4,,0,15,,4519,191,4,,0,11,,4486,191,4,,0,54,,4549,191,4,,0,12,,4525,191,4,,0,21,,4553,191,4,,0,16,,4498,191,4,,0,59,,4528,191,4,,0,14,,4501,191,4,,0,14,,4544,191,4,,0,14,,4484,191,4,,0,54,,4505,191,4,,0,10,,4531,191,4,,0,16,,4547,191,4,,0,17,,4511,191,4,,0,66,,4530,191,4,,0
5104,'29539182-f080-4698-b528-b5cea7c0f7e4',625,,4574,191,4,,0,16,,4599,191,4,,0,13,,4564,191,4,,0,55,,4575,191,4,,0,17,,4554,191,4,,0,14,,4612,191,4,,0,63,,4579,191,4,,0,15,,4559,191,4,,0,20,,4597,191,4,,0,17,,4561,191,4,,0,55,,4570,191,4,,0,18,,4615,191,4,,0,15,,4603,191,4,,0,13,,4556,191,4,,0,54,,4620,191,4,,0,17,,4565,191,4,,0,17,,4557,191,4,,0,57,,4583,191,4,,0,17,,4617,191,4,,0,16,,4608,191,4,,0,16,,4624,191,4,,0,56,,4622,191,4,,0,15,,4572,191,4,,0,16,,4598,191,4,,0,16,,4605,191,4,,0,53,,4587,191,4,,0,14,,4613,191,4,,0,14,,4560,191,4,,0,16,,4621,191,4,,0,54,,4630,191,4,,0,13,,4569,191,4,,0,15,,4609,191,4,,0,14,,4606,191,4,,0,55,,4629,191,4,,0,13,,4584,191,4,,0,20,,4576,191,4,,0,14,,4562,191,4,,0,54,,4618,191,4,,0,14,,4627,191,4,,0,14,,4580,191,4,,0,16,,4585,191,4,,0,54,,4593,191,4,,0,16,,4607,191,4,,0,15,,4600,191,4,,0,15,,4602,191,4,,0,54,,4577,191,4,,0,14,,4595,191,4,,0,14,,4571,191,4,,0,15,,4623,191,4,,0,9,,4610,191,4,,0,57,,4616,191,4,,0,12,,4596,191,4,,0,15,,4590,191,4,,0,11,,4628,191,4,,0,54,,4626,191,4,,0,12,,4582,191,4,,0,21,,4591,191,4,,0,16,,4588,191,4,,0,59,,4604,191,4,,0,14,,4567,191,4,,0,14,,4566,191,4,,0,14,,4563,191,4,,0,54,,4594,191,4,,0,10,,4581,191,4,,0,16,,4568,191,4,,0,17,,4578,191,4,,0,66,,4601,191,4,,0
5104,'4ff90fe8-7b85-4537-858e-36c817b2ba06',941,,4656,191,4,,0,59,,4646,191,4,,0,18,,4633,191,4,,0,11,,4642,191,4,,0,18,,4658,191,4,,0,79,,4634,191,4,,0,20,,4648,191,4,,0,58,,4653,191,4,,0,18,,4651,191,4,,0,18,,4650,191,4,,0,18,,4659,191,4,,0,61,,4643,191,4,,0,18,,4663,191,4,,0,18,,4639,191,4,,0,58,,4661,191,4,,0,18,,4652,191,4,,0,18,,4636,191,4,,0,63,,4649,191,4,,0,18,,4632,191,4,,0,18,,4660,191,4,,0,58,,4647,191,4,,0,18,,4641,191,4,,0,18,,4640,191,4,,0,60,,4654,191,4,,0,17,,4637,191,4,,0,20,,4655,191,4,,0,18,,4644,191,4,,0,58,,4662,191,4,,0,13,,4657,191,4,,0,4,,4645,191,4,,0
5104,'53316f13-7e2a-415d-a780-d65e8f9fc920',632,,4667,191,4,,0,15,,4664,191,4,,0,55,,4686,191,4,,0,15,,4693,191,4,,0,15,,4668,191,4,,0,14,,4724,191,4,,0,54,,4679,191,4,,0,22,,4685,191,4,,0,15,,4675,191,4,,0,15,,4692,191,4,,0,55,,4665,191,4,,0,15,,4728,191,4,,0,18,,4673,191,4,,0,18,,4689,191,4,,0,58,,4710,191,4,,0,16,,4709,191,4,,0,15,,4726,191,4,,0,55,,4699,191,4,,0,25,,4684,191,4,,0,18,,4721,191,4,,0,64,,4727,191,4,,0,16,,4700,191,4,,0,16,,4677,191,4,,0,12,,4719,191,4,,0,52,,4669,191,4,,0,12,,4730,191,4,,0,23,,4723,191,4,,0,19,,4715,191,4,,0,59,,4701,191,4,,0,12,,4694,191,4,,0,20,,4702,191,4,,0,56,,4708,191,4,,0,18,,4722,191,4,,0,16,,4731,191,4,,0,16,,4696,191,4,,0,58,,4671,191,4,,0,16,,4666,191,4,,0,17,,4703,191,4,,0,56,,4674,191,4,,0,19,,4725,191,4,,0,17,,4683,191,4,,0,15,,4720,191,4,,0,60,,4712,191,4,,0,15,,4688,191,4,,0,16,,4707,191,4,,0,56,,4687,191,4,,0,9,,4706,191,4,,0,17,,4698,191,4,,0,17,,4705,191,4,,0,58,,4676,191,4,,0,18,,4714,191,4,,0,16,,4681,191,4,,0,13,,4691,191,4,,0,57,,4680,191,4,,0,17,,4713,191,4,,0,18,,4695,191,4,,0,18,,4678,191,4,,0,56,,4690,191,4,,0,15,,4729,191,4,,0,16,,4717,191,4,,0,57,,4697,191,4,,0,10,,4672,191,4,,0,16,,4670,191,4,,0
5104,'9712db0e-9c6e-4aef-9821-7ba79476301c',625,,4749,191,4,,0,16,,4752,191,4,,0,13,,4746,191,4,,0,55,,4745,191,4,,0,17,,4772,191,4,,0,14,,4733,191,4,,0,63,,4744,191,4,,0,15,,4788,191,4,,0,20,,4778,191,4,,0,17,,4753,191,4,,0,55,,4798,191,4,,0,18,,4784,191,4,,0,15,,4760,191,4,,0,13,,4809,191,4,,0,54,,4743,191,4,,0,17,,4776,191,4,,0,17,,4769,191,4,,0,57,,4786,191,4,,0,17,,4741,191,4,,0,16,,4803,191,4,,0,16,,4808,191,4,,0,56,,4766,191,4,,0,15,,4779,191,4,,0,16,,4806,191,4,,0,16,,4747,191,4,,0,53,,4754,191,4,,0,14,,4758,191,4,,0,14,,4774,191,4,,0,16,,4748,191,4,,0,54,,4740,191,4,,0,13,,4764,191,4,,0,15,,4768,191,4,,0,14,,4755,191,4,,0,55,,4807,191,4,,0,13,,4797,191,4,,0,20,,4759,191,4,,0,14,,4765,191,4,,0,54,,4790,191,4,,0,14,,4775,191,4,,0,14,,4739,191,4,,0,16,,4804,191,4,,0,54,,4737,191,4,,0,16,,4756,191,4,,0,15,,4767,191,4,,0,15,,4781,191,4,,0,54,,4782,191,4,,0,14,,4805,191,4,,0,14,,4789,191,4,,0,15,,4732,191,4,,0,9,,4736,191,4,,0,57,,4795,191,4,,0,12,,4742,191,4,,0,15,,4791,191,4,,0,11,,4799,191,4,,0,54,,4794,191,4,,0,12,,4793,191,4,,0,21,,4801,191,4,,0,16,,4785,191,4,,0,59,,4738,191,4,,0,14,,4787,191,4,,0,14,,4762,191,4,,0,14,,4750,191,4,,0,54,,4792,191,4,,0,10,,4796,191,4,,0,16,,4757,191,4,,0,17,,4735,191,4,,0,66,,4780,191,4,,0
5104,'aa100e8f-694c-4b5d-8041-b019347d5019',625,,4830,191,4,,0,16,,4882,191,4,,0,13,,4876,191,4,,0,55,,4856,191,4,,0,17,,4837,191,4,,0,14,,4859,191,4,,0,63,,4847,191,4,,0,15,,4836,191,4,,0,20,,4883,191,4,,0,17,,4863,191,4,,0,55,,4834,191,4,,0,18,,4831,191,4,,0,15,,4845,191,4,,0,13,,4873,191,4,,0,54,,4858,191,4,,0,17,,4835,191,4,,0,17,,4849,191,4,,0,57,,4841,191,4,,0,17,,4813,191,4,,0,16,,4820,191,4,,0,16,,4866,191,4,,0,56,,4887,191,4,,0,15,,4825,191,4,,0,16,,4848,191,4,,0,16,,4865,191,4,,0,53,,4826,191,4,,0,14,,4853,191,4,,0,14,,4821,191,4,,0,16,,4871,191,4,,0,54,,4817,191,4,,0,13,,4870,191,4,,0,15,,4864,191,4,,0,14,,4855,191,4,,0,55,,4812,191,4,,0,13,,4815,191,4,,0,20,,4833,191,4,,0,14,,4874,191,4,,0,54,,4875,191,4,,0,14,,4852,191,4,,0,14,,4877,191,4,,0,16,,4879,191,4,,0,54,,4884,191,4,,0,16,,4814,191,4,,0,15,,4857,191,4,,0,15,,4844,191,4,,0,54,,4881,191,4,,0,14,,4868,191,4,,0,14,,4822,191,4,,0,15,,4860,191,4,,0,9,,4862,191,4,,0,57,,4843,191,4,,0,12,,4816,191,4,,0,15,,4824,191,4,,0,11,,4846,191,4,,0,54,,4851,191,4,,0,12,,4810,191,4,,0,21,,4850,191,4,,0,16,,4827,191,4,,0,59,,4823,191,4,,0,14,,4811,191,4,,0,14,,4861,191,4,,0,14,,4839,191,4,,0,54,,4840,191,4,,0,10,,4880,191,4,,0,16,,4886,191,4,,0,17,,4854,191,4,,0,66,,4872,191,4,,0
5104,'e6a8ef7e-0cfa-4bac-b2c4-68d071108359',625,,4926,191,4,,0,16,,4938,191,4,,0,13,,4962,191,4,,0,55,,4906,191,4,,0,17,,4920,191,4,,0,14,,4896,191,4,,0,63,,4944,191,4,,0,15,,4955,191,4,,0,20,,4931,191,4,,0,17,,4929,191,4,,0,55,,4888,191,4,,0,18,,4927,191,4,,0,15,,4898,191,4,,0,13,,4892,191,4,,0,54,,4957,191,4,,0,17,,4956,191,4,,0,17,,4954,191,4,,0,57,,4940,191,4,,0,17,,4902,191,4,,0,16,,4911,191,4,,0,16,,4895,191,4,,0,56,,4925,191,4,,0,15,,4916,191,4,,0,16,,4903,191,4,,0,16,,4951,191,4,,0,53,,4965,191,4,,0,14,,4909,191,4,,0,14,,4958,191,4,,0,16,,4910,191,4,,0,54,,4922,191,4,,0,13,,4899,191,4,,0,15,,4945,191,4,,0,14,,4933,191,4,,0,55,,4935,191,4,,0,13,,4936,191,4,,0,20,,4948,191,4,,0,14,,4949,191,4,,0,54,,4939,191,4,,0,14,,4905,191,4,,0,14,,4924,191,4,,0,16,,4943,191,4,,0,54,,4946,191,4,,0,16,,4912,191,4,,0,15,,4891,191,4,,0,15,,4919,191,4,,0,54,,4952,191,4,,0,14,,4932,191,4,,0,14,,4960,191,4,,0,15,,4914,191,4,,0,9,,4900,191,4,,0,57,,4917,191,4,,0,12,,4964,191,4,,0,15,,4934,191,4,,0,11,,4893,191,4,,0,54,,4947,191,4,,0,12,,4923,191,4,,0,21,,4907,191,4,,0,16,,4942,191,4,,0,59,,4930,191,4,,0,14,,4890,191,4,,0,14,,4950,191,4,,0,14,,4908,191,4,,0,54,,4937,191,4,,0,10,,4921,191,4,,0,16,,4913,191,4,,0,17,,4915,191,4,,0,66,,4904,191,4,,0
6100,'20e11cfa-d6a6-46ec-932e-c3530533c309',535,,5173,0,,,0,75,,5173,157,4,,0,35,,5144,0,,,0,55,,5145,0,,,0,20,,5150,0,,,0,15,,5145,157,4,,0,5,,5161,0,,,0,18,,5150,157,4,,0,42,,5151,0,,,0,18,,5161,157,4,,0,2,,5171,0,,,0,18,,5151,157,4,,0,2,,5158,0,,,0,18,,5171,157,4,,0,42,,5137,0,,,0,18,,5158,157,4,,0,2,,5152,0,,,0,18,,5137,157,4,,0,62,,5152,157,4,,0,40,,5166,0,,,0,80,,5166,157,4,,0,80,,5139,0,,,0,40,,5163,0,,,0,60,,5177,0,,,0,20,,5163,157,4,,0,5,,5141,0,,,0,15,,5177,157,4,,0,5,,5176,0,,,0,60,,5141,157,4,,0,20,,5176,157,4,,0,25,,5148,0,,,0,60,,5153,157,4,,0,25,,5165,0,,,0,20,,5159,0,,,0,65,,5147,0,,,0,20,,5159,157,4,,0,65,,5147,157,4,,0,20,,5156,0,,,0,25,,5143,0,,,0,60,,5156,157,4,,0,20,,5143,157,4,,0,20,,5174,0,,,0,60,,5170,0,,,0,20,,5174,157,4,,0,15,,5160,0,,,0,60,,5138,157,4,,0,15,,5160,157,4,,0,35,,5175,0,,,0,75,,5172,0,,,0,75,,5164,0,,,0,35,,5164,157,4,,0,75,,5169,157,4,,0,30,,5149,157,4,,0
6100,'29539182-f080-4698-b528-b5cea7c0f7e4',535,,5210,0,,,0,75,,5192,0,,,0,35,,5192,157,4,,0,55,,5191,0,,,0,20,,5201,0,,,0,15,,5191,157,4,,0,5,,5181,0,,,0,18,,5201,157,4,,0,42,,5182,0,,,0,18,,5181,157,4,,0,2,,5202,0,,,0,18,,5182,157,4,,0,2,,5187,0,,,0,18,,5202,157,4,,0,42,,5217,0,,,0,18,,5187,157,4,,0,2,,5211,0,,,0,18,,5217,157,4,,0,62,,5211,157,4,,0,40,,5199,0,,,0,80,,5188,0,,,0,80,,5188,157,4,,0,40,,5200,157,4,,0,60,,5213,0,,,0,20,,5204,157,4,,0,5,,5184,0,,,0,15,,5213,157,4,,0,5,,5189,0,,,0,60,,5184,157,4,,0,20,,5189,157,4,,0,25,,5186,157,4,,0,60,,5219,0,,,0,25,,5218,0,,,0,20,,5209,0,,,0,65,,5207,0,,,0,20,,5209,157,4,,0,65,,5207,157,4,,0,20,,5196,0,,,0,25,,5220,157,4,,0,60,,5180,0,,,0,20,,5215,0,,,0,20,,5180,157,4,,0,60,,5215,157,4,,0,20,,5194,0,,,0,15,,5208,157,4,,0,60,,5194,157,4,,0,15,,5214,157,4,,0,35,,5193,0,,,0,75,,5193,157,4,,0,75,,5190,0,,,0,35,,5190,157,4,,0,75,,5183,0,,,0,30,,5183,157,4,,0
6100,'4ff90fe8-7b85-4537-858e-36c817b2ba06',930,,5230,0,,,0,80,,5226,0,,,0,40,,5226,157,4,,0,80,,5229,0,,,0,80,,5229,157,4,,0,40,,5221,0,,,0,80,,5231,0,,,0,80,,5231,157,4,,0,40,,5225,0,,,0,80,,5225,157,4,,0,80,,5233,0,,,0,40,,5228,0,,,0,80,,5228,157,4,,0,75,,5227,158,4,,0
6100,'53316f13-7e2a-415d-a780-d65e8f9fc920',610,,5247,0,,,0,35,,5247,157,4,,0,55,,5238,0,,,0,40,,5235,0,,,0,80,,5251,0,,,0,80,,5251,157,4,,0,40,,5243,0,,,0,80,,5242,0,,,0,80,,5242,157,4,,0,45,,5254,157,4,,0,85,,5249,0,,,0,85,,5249,157,4,,0,85,,5253,0,,,0,45,,5253,157,4,,0,85,,5248,0,,,0,85,,5248,157,4,,0,85,,5255,0,,,0,45,,5255,157,4,,0,85,,5236,0,,,0,75,,5234,0,,,0,35,,5234,157,4,,0,75,,5246,157,4,,0,35,,5237,0,,,0,75,,5257,0,,,0,75,,5257,157,4,,0,30,,5239,158,4,,0
6100,'9712db0e-9c6e-4aef-9821-7ba79476301c',535,,5295,0,,,0,75,,5295,157,4,,0,35,,5274,157,4,,0,55,,5264,0,,,0,20,,5266,0,,,0,15,,5264,157,4,,0,5,,5268,0,,,0,18,,5266,157,4,,0,42,,5293,0,,,0,18,,5268,157,4,,0,2,,5299,0,,,0,18,,5293,157,4,,0,2,,5279,0,,,0,18,,5299,157,4,,0,42,,5260,0,,,0,18,,5279,157,4,,0,2,,5291,0,,,0,18,,5260,157,4,,0,62,,5282,0,,,0,40,,5282,157,4,,0,80,,5267,157,4,,0,80,,5269,0,,,0,40,,5276,0,,,0,60,,5265,0,,,0,20,,5276,157,4,,0,5,,5292,0,,,0,15,,5265,157,4,,0,5,,5298,0,,,0,60,,5289,0,,,0,20,,5263,0,,,0,25,,5289,157,4,,0,60,,5263,157,4,,0,25,,5281,0,,,0,20,,5285,0,,,0,65,,5281,157,4,,0,20,,5278,0,,,0,65,,5259,157,4,,0,20,,5284,0,,,0,25,,5272,0,,,0,60,,5284,157,4,,0,20,,5290,0,,,0,20,,5296,0,,,0,60,,5283,0,,,0,20,,5296,157,4,,0,15,,5283,157,4,,0,60,,5286,157,4,,0,15,,5275,0,,,0,35,,5258,0,,,0,75,,5258,157,4,,0,75,,5262,0,,,0,35,,5262,157,4,,0,75,,5261,0,,,0,30,,5261,157,4,,0
6100,'aa100e8f-694c-4b5d-8041-b019347d5019',535,,5335,0,,,0,75,,5306,0,,,0,35,,5326,0,,,0,55,,5337,0,,,0,20,,5326,157,4,,0,15,,5337,157,4,,0,5,,5300,0,,,0,18,,5315,157,4,,0,42,,5307,0,,,0,18,,5300,157,4,,0,2,,5303,0,,,0,18,,5307,157,4,,0,2,,5332,0,,,0,18,,5303,157,4,,0,42,,5321,0,,,0,18,,5332,157,4,,0,2,,5320,0,,,0,18,,5321,157,4,,0,62,,5320,157,4,,0,40,,5302,0,,,0,80,,5302,157,4,,0,80,,5329,0,,,0,40,,5311,0,,,0,60,,5319,0,,,0,20,,5311,157,4,,0,5,,5333,0,,,0,15,,5319,157,4,,0,5,,5325,0,,,0,60,,5324,0,,,0,20,,5340,0,,,0,25,,5324,157,4,,0,60,,5317,0,,,0,25,,5310,157,4,,0,20,,5328,0,,,0,65,,5331,0,,,0,20,,5328,157,4,,0,65,,5331,157,4,,0,20,,5336,0,,,0,25,,5301,0,,,0,60,,5313,0,,,0,20,,5327,0,,,0,20,,5313,157,4,,0,60,,5327,157,4,,0,20,,5318,0,,,0,15,,5330,0,,,0,60,,5318,157,4,,0,15,,5334,0,,,0,35,,5334,157,4,,0,75,,5322,157,4,,0,75,,5323,0,,,0,35,,5323,157,4,,0,75,,5305,0,,,0,30,,5305,157,4,,0
6100,'e6a8ef7e-0cfa-4bac-b2c4-68d071108359',535,,5344,0,,,0,75,,5379,0,,,0,35,,5370,0,,,0,55,,5364,0,,,0,20,,5345,0,,,0,15,,5364,157,4,,0,5,,5355,0,,,0,18,,5345,157,4,,0,42,,5346,0,,,0,18,,5355,157,4,,0,2,,5376,0,,,0,18,,5346,157,4,,0,2,,5375,0,,,0,18,,5376,157,4,,0,42,,5365,0,,,0,18,,5375,157,4,,0,2,,5363,0,,,0,18,,5365,157,4,,0,62,,5363,157,4,,0,40,,5373,157,4,,0,80,,5369,0,,,0,80,,5369,157,4,,0,40,,5359,0,,,0,60,,5354,0,,,0,20,,5359,157,4,,0,5,,5368,0,,,0,15,,5354,157,4,,0,5,,5366,0,,,0,60,,5358,0,,,0,20,,5353,0,,,0,25,,5361,0,,,0,60,,5381,0,,,0,25,,5367,0,,,0,20,,5381,157,4,,0,65,,5367,157,4,,0,20,,5351,0,,,0,65,,5378,0,,,0,20,,5347,0,,,0,25,,5378,157,4,,0,60,,5347,157,4,,0,20,,5371,157,4,,0,20,,5377,0,,,0,60,,5362,0,,,0,20,,5357,0,,,0,15,,5352,0,,,0,60,,5357,157,4,,0,15,,5350,0,,,0,35,,5350,157,4,,0,75,,5342,0,,,0,75,,5342,157,4,,0,35,,5348,0,,,0,75,,5348,157,4,,0,30,,5383,157,4,,0
6300,'20e11cfa-d6a6-46ec-932e-c3530533c309',630,,5598,0,,,0,70,,5598,166,4,,0,30,,5593,166,4,,0,75,,5573,0,,,0,35,,5579,0,,,0,75,,5597,0,,,0,35,,5597,166,4,,0,75,,5578,0,,,0,75,,5590,0,,,0,30,,5590,166,4,,0,70,,5577,0,,,0,30,,5582,0,,,0,75,,5575,0,,,0,35,,5575,166,4,,0,75,,5594,0,,,0,35,,5594,166,4,,0,75,,5596,0,,,0,75,,5584,0,,,0,35,,5584,166,4,,0,75,,5572,0,,,0,35,,5572,166,4,,0,75,,5592,0,,,0,35,,5592,166,4,,0,75,,5591,0,,,0,75,,5591,166,4,,0,35,,5583,0,,,0,70,,5583,166,4,,0,30,,5595,159,4,,0
6300,'29539182-f080-4698-b528-b5cea7c0f7e4',630,,5614,0,,,0,70,,5618,0,,,0,30,,5603,0,,,0,75,,5603,166,4,,0,35,,5625,0,,,0,75,,5602,0,,,0,35,,5602,166,4,,0,75,,5611,166,4,,0,75,,5623,0,,,0,30,,5623,166,4,,0,70,,5599,166,4,,0,30,,5613,166,4,,0,75,,5605,0,,,0,35,,5605,166,4,,0,75,,5621,0,,,0,35,,5607,0,,,0,75,,5624,0,,,0,75,,5624,166,4,,0,35,,5619,166,4,,0,75,,5609,166,4,,0,35,,5608,166,4,,0,75,,5600,0,,,0,35,,5606,0,,,0,75,,5604,0,,,0,75,,5604,166,4,,0,35,,5617,166,4,,0,70,,5612,166,4,,0,30,,5616,159,4,,0
6300,'4ff90fe8-7b85-4537-858e-36c817b2ba06',930,,5637,0,,,0,75,,5637,166,4,,0,35,,5633,0,,,0,75,,5628,0,,,0,35,,5628,166,4,,0,75,,5630,0,,,0,75,,5630,166,4,,0,35,,5639,166,4,,0,75,,5636,0,,,0,35,,5636,166,4,,0,75,,5640,0,,,0,35,,5640,166,4,,0,75,,5629,166,4,,0,75,,5638,0,,,0,35,,5626,0,0,5,0,70,,5626,159,4,,0
6300,'53316f13-7e2a-415d-a780-d65e8f9fc920',630,,5645,0,,,0,70,,5660,0,,,0,30,,5660,166,4,,0,75,,5641,0,,,0,35,,5641,166,4,,0,75,,5651,0,,,0,35,,5651,166,4,,0,75,,5657,0,,,0,75,,5643,0,,,0,30,,5643,166,4,,0,70,,5650,0,,,0,30,,5650,166,4,,0,75,,5642,0,,,0,35,,5648,0,,,0,75,,5648,166,4,,0,35,,5653,166,4,,0,75,,5649,0,,,0,75,,5667,0,,,0,35,,5667,166,4,,0,75,,5666,0,,,0,35,,5666,166,4,,0,75,,5656,0,,,0,35,,5656,166,4,,0,75,,5646,166,4,,0,75,,5659,0,,,0,35,,5659,166,4,,0,70,,5664,0,0,5,0,30,,5664,159,4,,0
6300,'9712db0e-9c6e-4aef-9821-7ba79476301c',630,,5676,0,,,0,70,,5676,166,4,,0,30,,5684,166,4,,0,75,,5681,0,,,0,35,,5681,166,4,,0,75,,5677,0,,,0,35,,5677,166,4,,0,75,,5675,0,,,0,75,,5675,166,4,,0,30,,5670,0,,,0,70,,5693,0,,,0,30,,5693,166,4,,0,75,,5682,0,,,0,35,,5682,166,4,,0,75,,5680,166,4,,0,35,,5691,0,,,0,75,,5691,166,4,,0,75,,5672,0,,,0,35,,5672,166,4,,0,75,,5673,166,4,,0,35,,5678,166,4,,0,75,,5669,0,,,0,35,,5669,166,4,,0,75,,5689,0,,,0,75,,5689,166,4,,0,35,,5692,0,,,0,70,,5692,166,4,,0,30,,5690,159,4,,0
6300,'aa100e8f-694c-4b5d-8041-b019347d5019',630,,5701,0,,,0,70,,5705,0,,,0,30,,5705,166,4,,0,75,,5716,0,,,0,35,,5716,166,4,,0,75,,5702,0,,,0,35,,5702,166,4,,0,75,,5703,0,,,0,75,,5706,0,,,0,30,,5706,166,4,,0,70,,5714,0,,,0,30,,5699,0,,,0,75,,5699,166,4,,0,35,,5718,0,,,0,75,,5698,0,,,0,35,,5698,166,4,,0,75,,5704,0,,,0,75,,5704,166,4,,0,35,,5700,0,,,0,75,,5700,166,4,,0,35,,5720,0,,,0,75,,5697,0,,,0,35,,5697,166,4,,0,75,,5715,0,,,0,75,,5715,166,4,,0,35,,5712,0,,,0,70,,5712,166,4,,0,30,,5717,159,4,,0
6300,'e6a8ef7e-0cfa-4bac-b2c4-68d071108359',630,,5740,0,,,0,70,,5728,0,,,0,30,,5728,166,4,,0,75,,5739,0,,,0,35,,5732,0,,,0,75,,5745,0,,,0,35,,5745,166,4,,0,75,,5738,0,,,0,75,,5742,0,,,0,30,,5742,166,4,,0,70,,5741,0,,,0,30,,5746,0,,,0,75,,5723,0,,,0,35,,5723,166,4,,0,75,,5724,0,,,0,35,,5724,166,4,,0,75,,5747,0,,,0,75,,5747,166,4,,0,35,,5737,0,,,0,75,,5737,166,4,,0,35,,5735,0,,,0,75,,5734,0,,,0,35,,5726,0,,,0,75,,5726,166,4,,0,75,,5733,166,4,,0,35,,5736,0,,,0,70,,5722,0,0,5,0,30,,5722,159,4,,0
9300,'20e11cfa-d6a6-46ec-932e-c3530533c309',630,,6653,0,,,0,70,,6653,106,4,,0,35,,6654,0,,,0,75,,6654,106,4,,0,35,,6673,0,,,0,75,,6673,106,4,,0,35,,6667,106,4,,0,75,,6672,0,,,0,75,,6672,106,4,,0,35,,6662,0,,,0,75,,6662,106,4,,0,35,,6676,0,,,0,75,,6676,106,4,,0,75,,6659,0,,,0,35,,6659,106,4,,0,75,,6677,106,4,,0,35,,6663,0,,,0,75,,6663,106,4,,0,15,,6666,0,,,0,78,,6666,106,4,,0,2,,6661,0,,,0,40,,6664,0,,,0,80,,6658,0,,,0,70,,6658,106,4,,0,30,,6665,0,,,0,70,,6665,106,4,,0,30,,6669,106,4,,0,70,,6657,0,,,0,30,,6657,106,4,,0,70,,6670,106,4,,0
9300,'29539182-f080-4698-b528-b5cea7c0f7e4',630,,6705,0,,,0,70,,6685,0,,,0,35,,6685,106,4,,0,75,,6694,0,,,0,35,,6700,0,,,0,75,,6704,0,,,0,35,,6704,106,4,,0,75,,6683,0,,,0,75,,6683,106,4,,0,35,,6699,0,,,0,75,,6699,106,4,,0,35,,6695,106,4,,0,75,,6702,0,,,0,75,,6702,106,4,,0,35,,6697,106,4,,0,75,,6698,106,4,,0,35,,6686,106,4,,0,75,,6687,106,4,,0,15,,6693,0,,,0,78,,6693,106,4,,0,2,,6690,0,,,0,40,,6703,0,,,0,80,,6703,106,4,,0,70,,6692,106,4,,0,30,,6706,0,,,0,70,,6706,106,4,,0,30,,6701,0,,,0,70,,6701,106,4,,0,30,,6689,0,,,0,70,,6689,106,4,,0
9300,'4ff90fe8-7b85-4537-858e-36c817b2ba06',930,,6721,0,,,0,70,,6707,0,,,0,30,,6707,106,4,,0,70,,6715,0,,,0,30,,6715,106,4,,0,70,,6718,106,4,,0,35,,6710,0,,,0,75,,6710,106,4,,0,35,,6719,0,,,0,75,,6711,0,,,0,35,,6720,0,,,0,75,,6720,106,4,,0,75,,6708,106,4,,0,35,,6716,0,,,0,75,,6716,106,4,,0,35,,6713,106,4,,0
9300,'53316f13-7e2a-415d-a780-d65e8f9fc920',630,,6745,0,,,0,70,,6745,106,4,,0,30,,6741,0,,,0,70,,6741,106,4,,0,30,,6747,0,,,0,70,,6747,106,4,,0,30,,6744,0,,,0,70,,6726,0,,,0,30,,6726,106,4,,0,70,,6723,106,4,,0,5,,6731,0,,,0,35,,6729,0,,,0,75,,6727,0,,,0,35,,6727,106,4,,0,75,,6728,0,,,0,75,,6728,106,4,,0,35,,6742,0,,,0,75,,6746,0,,,0,35,,6746,106,4,,0,75,,6734,0,,,0,35,,6734,106,4,,0,75,,6749,0,,,0,70,,6737,0,,,0,30,,6724,0,,,0,70,,6724,106,4,,0,30,,6748,0,,,0,70,,6748,106,4,,0,30,,6750,106,4,,0,70,,6725,0,,,0,30,,6725,106,4,,0,70,,6743,106,4,,0
9300,'9712db0e-9c6e-4aef-9821-7ba79476301c',630,,6777,0,,,0,70,,6777,106,4,,0,35,,6769,0,,,0,75,,6771,0,,,0,35,,6771,106,4,,0,75,,6774,0,,,0,35,,6774,106,4,,0,75,,6770,0,,,0,75,,6770,106,4,,0,35,,6756,0,,,0,75,,6756,106,4,,0,35,,6773,0,,,0,75,,6773,106,4,,0,75,,6763,106,4,,0,35,,6759,0,,,0,75,,6759,106,4,,0,35,,6758,106,4,,0,75,,6772,106,4,,0,15,,6766,0,,,0,78,,6766,106,4,,0,2,,6754,0,,,0,40,,6754,106,4,,0,80,,6775,0,,,0,70,,6776,0,,,0,30,,6757,0,,,0,70,,6755,0,,,0,30,,6755,106,4,,0,70,,6762,0,,,0,30,,6762,106,4,,0,70,,6767,106,4,,0
9300,'aa100e8f-694c-4b5d-8041-b019347d5019',630,,6787,0,,,0,70,,6787,106,4,,0,35,,6780,0,,,0,75,,6801,0,,,0,35,,6801,106,4,,0,75,,6785,106,4,,0,35,,6794,106,4,,0,75,,6795,0,,,0,75,,6802,0,,,0,35,,6802,106,4,,0,75,,6789,0,,,0,35,,6790,0,,,0,75,,6779,0,,,0,75,,6779,106,4,,0,35,,6778,0,,,0,75,,6778,106,4,,0,35,,6804,106,4,,0,75,,6786,106,4,,0,15,,6782,0,,,0,78,,6782,106,4,,0,2,,6783,0,,,0,40,,6783,106,4,,0,80,,6799,0,,,0,70,,6792,0,,,0,30,,6792,106,4,,0,70,,6803,106,4,,0,30,,6788,106,4,,0,70,,6796,0,,,0,30,,6796,106,4,,0,70,,6798,106,4,,0
9300,'e6a8ef7e-0cfa-4bac-b2c4-68d071108359',630,,6829,0,,,0,70,,6829,106,4,,0,35,,6810,0,,,0,75,,6810,106,4,,0,35,,6818,106,4,,0,75,,6811,106,4,,0,35,,6824,106,4,,0,75,,6812,0,,,0,75,,6819,0,,,0,35,,6819,106,4,,0,75,,6823,106,4,,0,35,,6828,0,,,0,75,,6828,106,4,,0,75,,6826,0,,,0,35,,6826,106,4,,0,75,,6827,0,,,0,35,,6813,0,,,0,75,,6813,106,4,,0,15,,6815,0,,,0,78,,6815,106,4,,0,2,,6805,0,,,0,40,,6805,106,4,,0,80,,6820,106,4,,0,70,,6825,106,4,,0,30,,6807,0,,,0,70,,6814,0,,,0,30,,6814,106,4,,0,70,,6806,0,,,0,30,,6806,106,4,,0,70,,6830,106,4,,0
9400,'20e11cfa-d6a6-46ec-932e-c3530533c309',625,,6860,0,,,0,75,,6832,0,,,0,20,,6841,0,,,0,15,,6832,116,4,,0,5,,6852,0,,,0,60,,6836,0,,,0,20,,6850,0,,,0,20,,6849,0,,,0,60,,6850,116,4,,0,20,,6833,0,,,0,20,,6853,116,4,,0,15,,6843,0,,,0,80,,6843,116,4,,0,80,,6861,0,,,0,40,,6861,116,4,,0,80,,6862,0,,,0,80,,6840,0,,,0,40,,6840,116,4,,0,45,,6847,0,,,0,40,,6835,0,,,0,60,,6842,0,,,0,20,,6835,116,4,,0,20,,6844,0,,,0,60,,6837,116,4,,0,20,,6834,0,,,0,20,,6857,116,4,,0,60,,6834,116,4,,0,20,,6856,0,,,0,15,,6845,126,4,,0,65,,6856,116,4,,0,35,,6848,0,,,0,75,,6848,116,4,,0,35,,6851,0,,,0,75,,6851,116,4,,0,35,,6855,116,4,,0,45,,6863,0,,,0,35,,6846,0,,,0,75,,6846,126,4,,0
9400,'29539182-f080-4698-b528-b5cea7c0f7e4',625,,6873,0,,,0,75,,6866,0,,,0,20,,6881,0,,,0,15,,6866,116,4,,0,5,,6892,0,,,0,60,,6881,116,4,,0,20,,6892,116,4,,0,20,,6874,0,,,0,60,,6882,0,,,0,20,,6874,116,4,,0,20,,6882,116,4,,0,15,,6878,126,4,,0,80,,6893,0,,,0,80,,6875,0,,,0,40,,6875,116,4,,0,80,,6889,0,,,0,80,,6889,116,4,,0,40,,6869,116,4,,0,45,,6883,0,,,0,40,,6865,0,,,0,60,,6888,0,,,0,20,,6865,116,4,,0,20,,6891,0,,,0,60,,6880,116,4,,0,20,,6891,116,4,,0,20,,6895,0,,,0,60,,6871,0,,,0,20,,6895,116,4,,0,15,,6871,126,4,,0,65,,6864,0,,,0,35,,6894,0,,,0,75,,6886,0,,,0,35,,6884,0,,,0,75,,6884,116,4,,0,35,,6890,116,4,,0,45,,6870,0,,,0,35,,6870,116,4,,0,75,,6876,126,4,,0
9400,'4ff90fe8-7b85-4537-858e-36c817b2ba06',930,,6902,0,,,0,75,,6899,0,,,0,35,,6903,0,,,0,75,,6904,0,,,0,35,,6904,116,4,,0,75,,6896,0,,,0,75,,6896,116,4,,0,35,,6910,0,,,0,75,,6910,116,4,,0,35,,6906,0,,,0,75,,6906,116,4,,0,35,,6905,116,4,,0,75,,6901,0,,,0,75,,6909,0,,,0,35,,6907,0,,,0,75,,6907,126,4,,0
9400,'53316f13-7e2a-415d-a780-d65e8f9fc920',630,,6925,0,,,0,75,,6932,0,,,0,35,,6932,116,4,,0,75,,6920,0,,,0,35,,6920,116,4,,0,75,,6924,0,,,0,75,,6916,0,,,0,35,,6916,116,4,,0,75,,6935,116,4,,0,35,,6918,116,4,,0,5,,6922,0,,,0,80,,6922,116,4,,0,80,,6928,0,,,0,40,,6928,116,4,,0,50,,6923,0,,,0,40,,6923,116,4,,0,80,,6919,0,,,0,80,,6927,0,,,0,40,,6927,116,4,,0,80,,6926,116,4,,0,80,,6914,0,,,0,35,,6914,116,4,,0,75,,6912,0,,,0,35,,6912,116,4,,0,75,,6933,116,4,,0,35,,6929,116,4,,0,45,,6931,0,,,0,35,,6931,116,4,,0,75,,6930,126,4,,0
9400,'9712db0e-9c6e-4aef-9821-7ba79476301c',625,,6943,0,,,0,75,,6950,0,,,0,20,,6958,0,,,0,15,,6950,116,4,,0,5,,6939,0,,,0,60,,6967,0,,,0,20,,6946,0,,,0,20,,6959,0,,,0,60,,6946,116,4,,0,20,,6959,116,4,,0,20,,6940,116,4,,0,15,,6962,0,,,0,80,,6962,116,4,,0,80,,6955,0,,,0,40,,6955,116,4,,0,80,,6960,0,,,0,80,,6960,116,4,,0,40,,6936,116,4,,0,45,,6961,0,,,0,40,,6956,0,,,0,60,,6964,0,,,0,20,,6956,116,4,,0,20,,6942,0,,,0,60,,6966,116,4,,0,20,,6965,0,,,0,20,,6947,116,4,,0,60,,6965,116,4,,0,20,,6954,0,,,0,15,,6945,126,4,,0,65,,6954,116,4,,0,35,,6949,0,,,0,75,,6949,116,4,,0,35,,6937,116,4,,0,75,,6953,116,4,,0,35,,6948,116,4,,0,45,,6938,0,,,0,35,,6938,116,4,,0,75,,6957,126,4,,0
9400,'aa100e8f-694c-4b5d-8041-b019347d5019',625,,6978,0,,,0,75,,6982,0,,,0,20,,6986,0,,,0,15,,6982,116,4,,0,5,,6994,0,,,0,60,,6986,116,4,,0,20,,6994,116,4,,0,20,,6992,0,,,0,60,,6975,0,,,0,20,,6992,116,4,,0,20,,6975,116,4,,0,15,,6976,0,,,0,80,,6976,116,4,,0,80,,6991,116,4,,0,40,,6983,0,,,0,80,,6983,116,4,,0,80,,6970,0,,,0,40,,6970,116,4,,0,45,,6996,0,,,0,40,,6996,116,4,,0,60,,6971,0,,,0,20,,6988,0,,,0,20,,6989,0,,,0,60,,6988,116,4,,0,20,,6989,116,4,,0,20,,6995,116,4,,0,60,,6990,0,,,0,20,,6968,0,,,0,15,,6990,126,4,,0,65,,6972,0,,,0,35,,6972,116,4,,0,75,,6980,0,,,0,35,,6980,116,4,,0,75,,6973,0,,,0,35,,6973,116,4,,0,45,,6984,0,,,0,35,,6977,0,,,0,75,,6977,126,4,,0
9400,'e6a8ef7e-0cfa-4bac-b2c4-68d071108359',625,,7027,0,,,0,75,,7026,0,,,0,20,,7013,0,,,0,15,,7026,116,4,,0,5,,7024,0,,,0,60,,7013,116,4,,0,20,,7024,116,4,,0,20,,7030,0,,,0,60,,7025,0,,,0,20,,7030,116,4,,0,20,,7025,116,4,,0,15,,7031,0,,,0,80,,7031,116,4,,0,80,,7020,0,,,0,40,,7020,116,4,,0,80,,7001,116,4,,0,80,,7016,0,,,0,40,,7016,116,4,,0,45,,7000,0,,,0,40,,7023,0,,,0,60,,7008,0,,,0,20,,7023,116,4,,0,20,,7008,116,4,,0,60,,7011,0,,,0,20,,7004,116,4,,0,20,,7011,116,4,,0,60,,7018,116,4,,0,20,,7019,0,,,0,15,,7012,126,4,,0,65,,7021,0,,,0,35,,7021,116,4,,0,75,,7009,0,,,0,35,,7009,116,4,,0,75,,7006,0,,,0,35,,7006,116,4,,0,45,,7029,0,,,0,35,,7007,0,,,0,75,,7007,126,4,,0
9500,'20e11cfa-d6a6-46ec-932e-c3530533c309',630,,7034,0,,,0,70,,7034,147,4,,0,35,,7052,0,,,0,75,,7052,147,4,,0,35,,7048,0,,,0,75,,7048,147,4,,0,35,,7036,147,4,,0,75,,7043,0,,,0,75,,7040,0,,,0,35,,7040,147,4,,0,75,,7038,147,4,,0,35,,7044,147,4,,0,75,,7047,0,,,0,75,,7047,147,4,,0,35,,7035,0,,,0,75,,7035,147,4,,0,35,,7056,0,,,0,75,,7056,147,4,,0,15,,7057,0,,,0,78,,7057,147,4,,0,2,,7049,0,,,0,40,,7049,147,4,,0,80,,7042,0,,,0,70,,7042,147,4,,0,30,,7037,0,,,0,70,,7037,147,4,,0,30,,7058,147,4,,0,70,,7039,0,,,0,30,,7039,147,4,,0,70,,7050,151,4,,0
9500,'29539182-f080-4698-b528-b5cea7c0f7e4',630,,7065,0,,,0,70,,7065,147,4,,0,35,,7067,0,,,0,75,,7062,0,,,0,35,,7062,147,4,,0,75,,7076,147,4,,0,35,,7061,0,,,0,75,,7059,0,,,0,75,,7059,147,4,,0,35,,7064,147,4,,0,75,,7080,0,,,0,35,,7080,147,4,,0,75,,7081,147,4,,0,75,,7078,0,,,0,35,,7073,0,,,0,75,,7069,0,,,0,35,,7069,147,4,,0,75,,7070,147,4,,0,15,,7066,0,,,0,78,,7066,147,4,,0,2,,7072,0,,,0,40,,7072,147,4,,0,80,,7085,147,4,,0,70,,7074,147,4,,0,30,,7068,0,,,0,70,,7068,147,4,,0,30,,7060,147,4,,0,70,,7063,0,,,0,30,,7063,147,4,,0,70,,7084,151,4,,0
9500,'4ff90fe8-7b85-4537-858e-36c817b2ba06',930,,7096,0,,,0,70,,7096,147,4,,0,30,,7088,147,4,,0,70,,7097,0,,,0,30,,7099,0,,,0,70,,7094,0,,,0,35,,7091,0,,,0,75,,7091,147,4,,0,35,,7089,147,4,,0,75,,7086,0,,,0,35,,7086,147,4,,0,75,,7087,0,,,0,75,,7087,147,4,,0,35,,7095,147,4,,0,75,,7100,0,,,0,35,,7100,147,4,,0
9500,'53316f13-7e2a-415d-a780-d65e8f9fc920',630,,7124,0,,,0,70,,7124,147,4,,0,30,,7110,0,,,0,70,,7104,0,,,0,30,,7104,147,4,,0,70,,7111,0,,,0,30,,7111,147,4,,0,70,,7118,0,,,0,30,,7118,147,4,,0,70,,7112,147,4,,0,5,,7107,0,,,0,35,,7107,147,4,,0,75,,7121,147,4,,0,35,,7122,0,,,0,75,,7122,147,4,,0,75,,7115,0,,,0,35,,7115,147,4,,0,75,,7114,147,4,,0,35,,7119,0,,,0,75,,7125,0,,,0,35,,7116,0,,,0,75,,7129,0,,,0,70,,7129,147,4,,0,30,,7106,0,,,0,70,,7106,147,4,,0,30,,7126,0,,,0,70,,7126,147,4,,0,30,,7108,0,,,0,70,,7123,0,,,0,30,,7123,147,4,,0,70,,7127,151,4,,0
9500,'9712db0e-9c6e-4aef-9821-7ba79476301c',630,,7146,0,,,0,70,,7146,147,4,,0,35,,7154,0,,,0,75,,7154,147,4,,0,35,,7150,0,,,0,75,,7137,0,,,0,35,,7137,147,4,,0,75,,7131,0,,,0,75,,7147,0,,,0,35,,7147,147,4,,0,75,,7148,147,4,,0,35,,7139,147,4,,0,75,,7134,0,,,0,75,,7134,147,4,,0,35,,7136,0,,,0,75,,7136,147,4,,0,35,,7143,0,,,0,75,,7143,147,4,,0,15,,7145,0,,,0,78,,7145,147,4,,0,2,,7142,0,,,0,40,,7135,0,,,0,80,,7135,147,4,,0,70,,7138,147,4,,0,30,,7144,147,4,,0,70,,7153,147,4,,0,30,,7130,0,,,0,70,,7152,0,,,0,30,,7152,147,4,,0,70,,7132,151,4,,0
9500,'aa100e8f-694c-4b5d-8041-b019347d5019',630,,7176,0,,,0,70,,7176,147,4,,0,35,,7179,0,,,0,75,,7179,147,4,,0,35,,7160,0,,,0,75,,7160,147,4,,0,35,,7167,147,4,,0,75,,7159,0,,,0,75,,7180,0,,,0,35,,7180,147,4,,0,75,,7163,0,,,0,35,,7163,147,4,,0,75,,7170,0,,,0,75,,7174,0,,,0,35,,7157,0,,,0,75,,7157,147,4,,0,35,,7175,0,,,0,75,,7175,147,4,,0,15,,7158,0,,,0,78,,7158,147,4,,0,2,,7168,0,,,0,40,,7168,147,4,,0,80,,7182,147,4,,0,70,,7166,147,4,,0,30,,7178,147,4,,0,70,,7171,0,,,0,30,,7172,0,,,0,70,,7165,0,,,0,30,,7165,147,4,,0,70,,7162,151,4,,0
9500,'e6a8ef7e-0cfa-4bac-b2c4-68d071108359',630,,7197,0,,,0,70,,7197,147,4,,0,35,,7200,0,,,0,75,,7200,147,4,,0,35,,7186,0,,,0,75,,7207,0,,,0,35,,7207,147,4,,0,75,,7208,0,,,0,75,,7203,0,,,0,35,,7203,147,4,,0,75,,7188,0,,,0,35,,7188,147,4,,0,75,,7190,0,,,0,75,,7190,147,4,,0,35,,7210,147,4,,0,75,,7187,147,4,,0,35,,7185,0,,,0,75,,7185,147,4,,0,15,,7198,0,,,0,78,,7198,147,4,,0,2,,7189,0,,,0,40,,7204,0,,,0,80,,7204,147,4,,0,70,,7194,147,4,,0,30,,7196,0,,,0,70,,7196,147,4,,0,30,,7209,0,,,0,70,,7202,0,,,0,30,,7195,0,,,0,70,,7195,151,4,,0
