5000,'3b7f0ccc-4b86-44f9-804c-3016d4439aa6',641,,7373,30,,,0,64,,7383,30,,,0,26,,7378,30,,,0,26,,7399,30,,,0,66,,7402,30,,,0,26,,7390,30,,,0,66,,7386,30,,,0,26,,7376,30,,,0,66,,7400,24,,,0,26,,7385,30,,,0,68,,7393,30,,,0,47,,7401,30,,,0,73,,7381,30,,,0,84,,7394,30,,,0,34,,7384,30,,,0,68,,7377,30,,,0,25,,7379,30,,,0,69,,7398,30,,,0,27,,7375,30,,,0,27,,7387,30,,,0,67,,7396,30,,,0,34,,7388,30,,,0,72,,7392,30,,,0,27,,7391,30,,,0,74,,7405,30,,,0,24,,7403,30,,,0,64,,7395,30,,,0,26,,7389,26,,,0,67,,7382,30,,,0,23,,7380,30,,,0,90,,7397,30,,,0,23,,7406,26,,,0,90,,7374,26,,,0
5000,'545fdaed-298a-4873-ae9e-185363247123',1002,,7418,30,,,0,35,,7413,30,,,0,75,,7408,30,,,0,35,,7414,30,,,0,75,,7425,30,,,0,35,,7419,30,,,0,75,,7420,30,,,0,75,,7415,30,,,0,35,,7412,30,,,0,75,,7416,30,,,0,35,,7422,30,,,0,75,,7410,30,,,0,75,,7424,30,,,0,35,,7411,26,,,0,70,,7417,24,,,0,5,,7421,24,,,0
5000,'72a07536-7ac5-462d-91fd-4adacd8d70a1',641,,7457,30,,,0,64,,7446,30,,,0,26,,7444,30,,,0,26,,7428,30,,,0,66,,7448,30,,,0,26,,7432,30,,,0,66,,7443,30,,,0,26,,7459,30,,,0,66,,7430,24,,,0,26,,7455,30,,,0,68,,7447,30,,,0,47,,7435,30,,,0,73,,7441,30,,,0,84,,7433,30,,,0,34,,7451,30,,,0,68,,7427,30,,,0,25,,7460,30,,,0,69,,7450,30,,,0,27,,7452,30,,,0,27,,7461,30,,,0,67,,7458,30,,,0,34,,7438,30,,,0,72,,7454,30,,,0,27,,7440,30,,,0,74,,7431,30,,,0,24,,7426,30,,,0,64,,7429,30,,,0,26,,7445,26,,,0,67,,7439,30,,,0,23,,7449,30,,,0,90,,7453,30,,,0,23,,7442,26,,,0,90,,7436,26,,,0
5000,'b5be936f-506a-42fd-8fe9-aa394bb7d40c',641,,7484,30,,,0,64,,7482,30,,,0,26,,7490,30,,,0,26,,7486,30,,,0,66,,7477,30,,,0,26,,7470,30,,,0,66,,7491,30,,,0,26,,7472,30,,,0,66,,7489,24,,,0,26,,7462,30,,,0,68,,7479,30,,,0,47,,7474,30,,,0,73,,7493,30,,,0,84,,7464,30,,,0,34,,7463,30,,,0,68,,7467,30,,,0,25,,7487,30,,,0,69,,7488,30,,,0,27,,7497,30,,,0,27,,7473,30,,,0,67,,7483,30,,,0,34,,7496,30,,,0,72,,7469,30,,,0,27,,7475,30,,,0,74,,7476,30,,,0,24,,7478,30,,,0,64,,7471,30,,,0,26,,7480,26,,,0,67,,7485,30,,,0,23,,7468,30,,,0,90,,7466,30,,,0,23,,7465,26,,,0,90,,7481,26,,,0
5000,'c0258e04-8c49-4a98-8bc9-d3680145007e',641,,7524,30,,,0,64,,7512,30,,,0,26,,7533,30,,,0,26,,7532,30,,,0,66,,7501,30,,,0,26,,7519,30,,,0,66,,7513,30,,,0,26,,7505,30,,,0,66,,7526,24,,,0,26,,7503,30,,,0,68,,7500,30,,,0,47,,7504,30,,,0,73,,7502,30,,,0,84,,7521,30,,,0,34,,7525,30,,,0,68,,7506,30,,,0,25,,7518,30,,,0,69,,7509,30,,,0,27,,7510,30,,,0,27,,7528,30,,,0,67,,7517,30,,,0,34,,7522,30,,,0,72,,7511,30,,,0,27,,7515,30,,,0,74,,7523,30,,,0,24,,7529,30,,,0,64,,7508,30,,,0,26,,7507,26,,,0,67,,7516,30,,,0,23,,7530,30,,,0,90,,7499,30,,,0,23,,7527,26,,,0,90,,7520,26,,,0
5000,'db4ab86b-f5f5-4d9a-8c75-2988ac0b1af4',707,,7542,30,,,0,35,,7548,30,,,0,75,,7560,30,,,0,35,,7556,30,,,0,75,,7552,30,,,0,75,,7555,30,,,0,35,,7539,30,,,0,75,,7558,30,,,0,36,,7538,30,,,0,77,,7553,30,,,0,80,,7554,30,,,0,37,,7543,30,,,0,80,,7550,30,,,0,37,,7544,30,,,0,80,,7551,30,,,0,77,,7541,30,,,0,40,,7546,30,,,0,77,,7536,30,,,0,77,,7557,30,,,0,37,,7549,30,,,0,75,,7540,30,,,0,35,,7545,30,,,0,75,,7561,30,,,0,75,,7534,26,,,0,35,,7537,26,,,0
5000,'fbc81037-9cf3-4a4d-b4aa-43897a8ca294',641,,7590,30,,,0,64,,7564,30,,,0,26,,7569,30,,,0,26,,7563,30,,,0,66,,7589,30,,,0,26,,7593,30,,,0,66,,7577,30,,,0,26,,7576,30,,,0,66,,7578,24,,,0,26,,7583,30,,,0,68,,7597,30,,,0,47,,7575,30,,,0,73,,7566,30,,,0,84,,7574,30,,,0,34,,7586,30,,,0,68,,7572,30,,,0,25,,7570,30,,,0,69,,7585,30,,,0,27,,7587,30,,,0,27,,7573,30,,,0,67,,7562,30,,,0,34,,7591,30,,,0,72,,7579,30,,,0,27,,7571,30,,,0,74,,7584,30,,,0,24,,7565,30,,,0,64,,7568,30,,,0,26,,7592,26,,,0,67,,7596,30,,,0,23,,7595,30,,,0,90,,7588,30,,,0,23,,7580,26,,,0,90,,7594,26,,,0
6100,'3b7f0ccc-4b86-44f9-804c-3016d4439aa6',537,,8756,27,,,0,75,,8769,27,,,0,35,,8761,27,,,0,55,,8764,27,,,0,20,,8776,27,,,0,21,,8782,27,,,0,60,,8747,27,,,0,20,,8768,27,,,0,20,,8774,27,,,0,59,,8765,27,,,0,20,,8749,27,,,0,80,,8778,27,,,0,40,,8762,27,,,0,80,,8754,27,,,0,80,,8777,27,,,0,40,,8741,27,,,0,60,,8763,27,,,0,25,,8757,27,,,0,20,,8745,27,,,0,61,,8743,27,,,0,20,,8760,27,,,0,25,,8780,27,,,0,60,,8779,27,,,0,25,,8772,27,,,0,20,,8748,27,,,0,65,,8773,27,,,0,20,,8781,27,,,0,65,,8767,27,,,0,20,,8759,27,,,0,25,,8752,27,,,0,60,,8758,27,,,0,20,,8771,27,,,0,20,,8753,27,,,0,59,,8744,27,,,0,20,,8775,27,,,0,15,,8750,27,,,0,75,,8742,27,,,0,36,,8751,27,,,0,74,,8770,27,,,0,75,,8766,27,,,0,35,,8746,27,,,0,75,,8755,27,,,0
6100,'545fdaed-298a-4873-ae9e-185363247123',932,,8788,27,,,0,80,,8791,27,,,0,40,,8786,27,,,0,80,,8793,27,,,0,80,,8795,27,,,0,40,,8785,27,,,0,80,,8794,27,,,0,80,,8790,27,,,0,40,,8789,27,,,0,80,,8792,27,,,0,80,,8784,27,,,0,40,,8783,27,,,0,80,,8787,26,,,0
6100,'72a07536-7ac5-462d-91fd-4adacd8d70a1',537,,8816,27,,,0,75,,8833,27,,,0,35,,8836,27,,,0,55,,8807,27,,,0,20,,8797,27,,,0,21,,8824,27,,,0,60,,8808,27,,,0,20,,8801,27,,,0,20,,8828,27,,,0,59,,8812,27,,,0,20,,8815,27,,,0,80,,8820,27,,,0,40,,8817,27,,,0,80,,8811,27,,,0,80,,8823,27,,,0,40,,8803,27,,,0,60,,8810,27,,,0,25,,8825,27,,,0,20,,8806,27,,,0,61,,8796,27,,,0,20,,8809,27,,,0,25,,8814,27,,,0,60,,8829,27,,,0,25,,8834,27,,,0,20,,8822,27,,,0,65,,8800,27,,,0,20,,8835,27,,,0,65,,8819,27,,,0,20,,8805,27,,,0,25,,8830,27,,,0,60,,8827,27,,,0,20,,8813,27,,,0,20,,8804,27,,,0,59,,8826,27,,,0,20,,8818,27,,,0,15,,8831,27,,,0,75,,8802,27,,,0,36,,8798,27,,,0,74,,8832,27,,,0,75,,8837,27,,,0,35,,8821,27,,,0,75,,8799,27,,,0
6100,'b5be936f-506a-42fd-8fe9-aa394bb7d40c',537,,8878,27,,,0,75,,8851,27,,,0,35,,8855,27,,,0,55,,8846,27,,,0,20,,8859,27,,,0,21,,8840,27,,,0,60,,8866,27,,,0,20,,8875,27,,,0,20,,8843,27,,,0,59,,8870,27,,,0,20,,8864,27,,,0,80,,8863,27,,,0,40,,8850,27,,,0,80,,8865,27,,,0,80,,8852,27,,,0,40,,8838,27,,,0,60,,8841,27,,,0,25,,8872,27,,,0,20,,8871,27,,,0,61,,8849,27,,,0,20,,8839,27,,,0,25,,8856,27,,,0,60,,8857,27,,,0,25,,8868,27,,,0,20,,8861,27,,,0,65,,8854,27,,,0,20,,8847,27,,,0,65,,8874,27,,,0,20,,8869,27,,,0,25,,8877,27,,,0,60,,8858,27,,,0,20,,8876,27,,,0,20,,8842,27,,,0,59,,8873,27,,,0,20,,8867,27,,,0,15,,8879,27,,,0,75,,8848,27,,,0,36,,8845,27,,,0,74,,8844,27,,,0,75,,8862,27,,,0,35,,8860,27,,,0,75,,8853,27,,,0
6100,'c0258e04-8c49-4a98-8bc9-d3680145007e',537,,8912,27,,,0,75,,8921,27,,,0,35,,8883,27,,,0,55,,8897,27,,,0,20,,8889,27,,,0,21,,8916,27,,,0,60,,8899,27,,,0,20,,8911,27,,,0,20,,8880,27,,,0,59,,8913,27,,,0,20,,8885,27,,,0,80,,8891,27,,,0,40,,8902,27,,,0,80,,8896,27,,,0,80,,8888,27,,,0,40,,8892,27,,,0,60,,8920,27,,,0,25,,8895,27,,,0,20,,8893,27,,,0,61,,8881,27,,,0,20,,8917,27,,,0,25,,8894,27,,,0,60,,8903,27,,,0,25,,8900,27,,,0,20,,8906,27,,,0,65,,8918,27,,,0,20,,8898,27,,,0,65,,8886,27,,,0,20,,8904,27,,,0,25,,8909,27,,,0,60,,8919,27,,,0,20,,8884,27,,,0,20,,8882,27,,,0,59,,8907,27,,,0,20,,8908,27,,,0,15,,8915,27,,,0,75,,8914,27,,,0,36,,8901,27,,,0,74,,8910,27,,,0,75,,8905,27,,,0,35,,8890,27,,,0,75,,8887,27,,,0
6100,'db4ab86b-f5f5-4d9a-8c75-2988ac0b1af4',612,,8934,27,,,0,90,,8936,27,,,0,40,,8923,27,,,0,80,,8945,27,,,0,80,,8926,27,,,0,40,,8930,27,,,0,80,,8928,27,,,0,80,,8932,27,,,0,45,,8929,27,,,0,85,,8925,27,,,0,85,,8924,27,,,0,85,,8927,27,,,0,45,,8937,27,,,0,85,,8943,27,,,0,85,,8944,27,,,0,85,,8940,27,,,0,45,,8933,27,,,0,85,,8941,27,,,0,75,,8942,27,,,0,35,,8935,27,,,0,75,,8931,27,,,0,35,,8939,27,,,0,75,,8938,27,,,0,75,,8922,26,,,0
6100,'fbc81037-9cf3-4a4d-b4aa-43897a8ca294',537,,8948,27,,,0,75,,8971,27,,,0,35,,8982,27,,,0,55,,8965,27,,,0,20,,8958,27,,,0,21,,8964,27,,,0,60,,8980,27,,,0,20,,8970,27,,,0,20,,8959,27,,,0,59,,8954,27,,,0,20,,8977,27,,,0,80,,8955,27,,,0,40,,8981,27,,,0,80,,8946,27,,,0,80,,8974,27,,,0,40,,8957,27,,,0,60,,8967,27,,,0,25,,8949,27,,,0,20,,8975,27,,,0,61,,8978,27,,,0,20,,8950,27,,,0,25,,8983,27,,,0,60,,8984,27,,,0,25,,8986,27,,,0,20,,8962,27,,,0,65,,8985,27,,,0,20,,8972,27,,,0,65,,8953,27,,,0,20,,8960,27,,,0,25,,8947,27,,,0,60,,8969,27,,,0,20,,8979,27,,,0,20,,8952,27,,,0,59,,8963,27,,,0,20,,8987,27,,,0,15,,8956,27,,,0,75,,8968,27,,,0,36,,8961,27,,,0,74,,8973,27,,,0,75,,8966,27,,,0,35,,8976,27,,,0,75,,8951,27,,,0
