8100,'11311b10-4727-4d7a-ab79-b279ac1a4b0d',642,,7099,,,0,100,,7112,,,0,100,,7109,,,0,200,,7111,,,0,100,,7105,,,0,100,,7106,,,0,200,,7110,,,0,100,,7100,,,0,100,,7102,,,0,100,,7104,,,0,100,,7103,,,0,100,,7108,,,0,100,,7107,,,0
8100,'280b9ab8-43c8-4cd4-857d-9139bb309d5c',1042,,7119,,,0,100,,7114,,,0,200,,7118,,,0,100,,7116,,,0,100,,7115,,,0,100,,7117,,,0,100,,7113,,,0
8200,'11311b10-4727-4d7a-ab79-b279ac1a4b0d',942,,7126,,,0,71,,7126,,,0,329,,7125,,,0,71,,7125,,,0
8200,'280b9ab8-43c8-4cd4-857d-9139bb309d5c',1242,,7127,,,0,71,,7127,,,0
8600,'04984e77-0052-4a90-990e-3dbe43d38c85',556,,7223,,,0,75,,7220,,,0,75,,7229,,,0,35,,7235,,,0,80,,7222,,,0,80,,7231,,,0,40,,7236,,,0,75,,7239,,,0,35,,7227,,,0,75,,7240,,,0,75,,7237,,,0,35,,7224,,,0,75,,7238,,,0,35,,7232,,,0,75,,7234,,,0,35,,7230,,,0,75,,7228,,,0,75,,7221,,,0,35,,7225,,,0,80,,7233,,,0,80,,7226,,,0
8600,'2af8b8fb-cb1e-4eda-8955-ce447fe58fa9',556,,7263,,,0,75,,7256,,,0,75,,7245,,,0,35,,7264,,,0,80,,7266,,,0,80,,7246,,,0,40,,7247,,,0,75,,7260,,,0,35,,7265,,,0,75,,7243,,,0,75,,7255,,,0,35,,7261,,,0,75,,7252,,,0,35,,7241,,,0,75,,7258,,,0,35,,7248,,,0,75,,7254,,,0,75,,7250,,,0,35,,7251,,,0,80,,7242,,,0,80,,7253,,,0,40,,7244,,,0,75,,7257,,,0,35,,7262,,,0,75,,7249,,,0,75,,7259,,,0
8600,'2fd7938b-b519-4fe3-b6cf-97b9923a17bf',556,,7283,,,0,75,,7273,,,0,75,,7269,,,0,35,,7285,,,0,80,,7284,,,0,80,,7282,,,0,40,,7271,,,0,75,,7268,,,0,35,,7272,,,0,75,,7279,,,0,75,,7288,,,0,35,,7278,,,0,75,,7292,,,0,35,,7270,,,0,75,,7277,,,0,35,,7276,,,0,75,,7275,,,0,75,,7291,,,0,35,,7289,,,0,80,,7281,,,0,80,,7290,,,0,40,,7280,,,0,75,,7287,,,0,35,,7267,,,0,75,,7286,,,0,75,,7274,,,0
8600,'9e5e1cc1-be9d-41db-a854-c99a74537654',556,,7309,,,0,75,,7299,,,0,75,,7312,,,0,35,,7301,,,0,80,,7306,,,0,80,,7302,,,0,40,,7296,,,0,75,,7307,,,0,35,,7304,,,0,75,,7293,,,0,75,,7311,,,0,35,,7298,,,0,75,,7313,,,0,35,,7295,,,0,75,,7310,,,0,35,,7316,,,0,75,,7314,,,0,75,,7308,,,0,35,,7305,,,0,80,,7315,,,0,80,,7303,,,0,40,,7300,,,0,75,,7297,,,0,35,,7318,,,0,75,,7317,,,0,75,,7294,,,0
8600,'b2a7b777-2be8-47c2-a6d2-dbe0988e4467',556,,7327,,,0,75,,7341,,,0,75,,7334,,,0,35,,7326,,,0,80,,7324,,,0,80,,7328,,,0,40,,7329,,,0,75,,7336,,,0,35,,7343,,,0,75,,7330,,,0,75,,7321,,,0,35,,7338,,,0,75,,7325,,,0,35,,7333,,,0,75,,7339,,,0,35,,7344,,,0,75,,7320,,,0,75,,7332,,,0,35,,7331,,,0,80,,7323,,,0,80,,7340,,,0,40,,7319,,,0,75,,7322,,,0,35,,7335,,,0,75,,7342,,,0,75,,7337,,,0
8600,'bf9ba260-437f-42d1-b3b2-9d43b7640791',556,,7366,,,0,75,,7350,,,0,75,,7354,,,0,35,,7361,,,0,80,,7367,,,0,80,,7369,,,0,40,,7351,,,0,75,,7359,,,0,35,,7364,,,0,75,,7363,,,0,75,,7358,,,0,35,,7352,,,0,75,,7365,,,0,35,,7349,,,0,75,,7355,,,0,35,,7353,,,0,75,,7360,,,0,75,,7370,,,0,35,,7368,,,0,80,,7346,,,0,80,,7348,,,0,40,,7345,,,0,75,,7356,,,0,35,,7347,,,0,75,,7357,,,0,75,,7362,,,0
