1600,6810200,1,0
1600,6810793,2,0
1600,6810201,3,0
1600,6810202,4,0
1600,6810950,5,0
1600,6810951,6,0
1600,6810422,7,0
1600,6810970,8,0
1600,6810423,9,0
1600,6810952,10,0
1600,6810953,11,0
1600,6810821,12,0
1600,6810426,13,0
1600,6810955,14,0
1600,6810956,15,0
1600,6811034,16,0
1600,6810958,17,0
1600,6811036,18,0
1600,6810962,19,0
1600,6810961,20,0
1600,6811018,21,0
1600,6811019,22,0
1600,6811020,23,0
1600,6811021,24,0
1600,6811035,25,0
1600,6811060,26,0
1600,6810746,27,0
1600,6810969,28,0
5000,6810200,1,0
5000,6810793,2,0
5000,6810201,3,0
5000,6810202,4,0
5000,6810203,5,0
5000,6810391,6,0
5000,6810785,7,0
5000,6810205,8,0
5000,6811075,9,0
5000,6811015,10,0
5000,6811104,11,0
5000,6811010,12,0
5000,6811011,13,0
5000,6815006,14,0
5000,6810929,15,0
5000,6810513,16,0
5000,6810320,17,0
5000,6811155,18,0
5000,6811156,19,0
5000,6811157,20,0
5000,6811158,21,0
5000,6811159,22,0
5000,6811093,23,0
5000,6810919,24,0
5000,6810920,25,0
5000,6810520,26,0
5000,6810521,27,0
5000,6810522,28,0
5000,6815007,29,0
5000,6815008,30,0
5000,6815009,31,0
5000,6815010,32,0
5000,6815011,33,0
5000,6815012,34,0
5000,6815013,35,0
5000,6815014,36,0
5000,6815015,37,0
5000,6815001,38,0
5000,6815026,39,0
5000,6815027,40,0
5000,6815028,41,0
5000,6815016,42,0
5000,6815017,43,0
5000,6815018,44,0
5000,6815019,45,0
5000,6815020,46,0
5000,6815021,47,0
5000,6815022,48,0
5000,6815023,49,0
5000,6815024,50,0
5000,6810248,51,0
5000,6810249,52,0
5000,6810250,53,0
5000,6811031,54,0
5000,6811029,55,0
5000,6815025,56,0
5000,6810746,57,0
5000,6810969,58,0
5103,6810200,1,0
5103,6811007,2,0
5103,6810259,3,0
5103,6810260,4,0
5103,6810780,5,0
5103,6810263,6,0
5103,6810782,7,0
5103,6810264,8,0
5103,6810265,9,0
5103,6810234,10,0
5103,6810251,11,0
5103,6811111,12,0
5103,6810710,13,0
5103,6810712,14,0
5103,6810365,15,0
5103,6810366,16,0
5103,6811174,17,0
5103,6810795,18,0
5103,6810719,19,0
5103,6810405,20,0
5103,6810241,21,0
5103,6810242,22,0
5103,6810243,23,0
5103,6810245,24,0
5103,6810246,25,0
5103,6810247,26,0
5103,6810248,27,0
5103,6810249,28,0
5103,6810250,29,0
5103,6811031,30,0
5103,6811029,31,0
5103,6815106,32,0
5103,6810925,33,0
5103,6810317,34,0
5103,6810924,35,0
5103,6810318,36,0
5103,6810915,37,0
5103,6810916,38,0
5103,6810917,39,0
5103,6810320,40,0
5103,6810321,41,0
5103,6811008,42,0
5103,6810322,43,0
5103,6810323,44,0
5103,6810913,45,0
5103,6811141,46,0
5103,6811114,47,0
5103,6811115,48,1
5104,6811115,1,0
5104,6811116,2,0
5104,6811142,3,0
5104,6811162,4,0
5104,6810325,5,0
5104,6815101,6,0
5104,6815102,7,0
5104,6815103,8,0
5104,6815104,9,0
5104,6815105,10,0
5104,6815301,11,0
5104,6810521,12,0
5104,6810522,13,0
5104,6810523,14,0
5104,6810808,15,0
5104,6811075,16,0
5104,6810390,17,0
5104,6810391,18,0
5104,6810785,19,0
5104,6810213,20,0
5104,6810214,21,0
5104,6810215,22,0
5104,6810216,23,0
5104,6810217,24,0
5104,6810218,25,0
5104,6810219,26,0
5104,6810220,27,0
5104,6810221,28,0
5104,6810222,29,0
5104,6810223,30,0
5104,6810224,31,0
5104,6810225,32,0
5104,6810226,33,0
5104,6810227,34,0
5104,6810228,35,0
5104,6811178,36,0
5104,6811175,37,0
5104,6811176,38,0
5104,6811182,39,0
5104,6811183,40,0
5104,6810463,41,0
5104,6810464,42,0
5104,6810413,43,0
5104,6810252,44,0
5104,6810253,45,0
5104,6811110,46,0
5104,6810232,47,0
5104,6810881,48,0
5104,6810254,49,0
5104,6810255,50,0
5104,6810256,51,0
5104,6810257,52,0
5104,6810258,53,0
5104,6810200,54,1
6000,6811111,1,0
6000,6811182,2,0
6000,6811183,3,0
6000,6810234,4,0
6000,6810235,5,0
6000,6810267,6,0
6000,6810268,7,0
6000,6810761,8,0
6000,6810991,9,0
6000,6810269,10,0
6000,6810762,11,0
6000,6810270,12,0
6000,6810763,13,0
6000,6810271,14,0
6000,6810992,15,0
6000,6810273,16,0
6000,6810765,17,0
6000,6810766,18,0
6000,6810993,19,0
6000,6810767,20,0
6000,6810276,21,0
6000,6810277,22,0
6000,6811117,23,0
6000,6810278,24,0
6000,6810768,25,0
6000,6810769,26,0
6000,6810280,27,0
6000,6810770,28,0
6000,6810994,29,0
6000,6810284,30,0
6000,6810995,31,0
6000,6810285,32,0
6000,6816007,33,0
6000,6816001,34,0
6000,6816002,35,0
6000,6816003,36,0
6000,6816004,37,0
6000,6816005,38,0
6000,6816006,39,0
6000,6810286,40,0
6000,6810773,41,0
6000,6810288,42,0
6000,6811118,43,0
6000,6810289,44,0
6000,6810290,45,0
6000,6810774,46,0
6000,6810990,47,0
6000,6810709,48,0
6100,6810200,1,0
6100,6810793,2,0
6100,6810201,3,0
6100,6810202,4,0
6100,6810203,5,0
6100,6810294,6,0
6100,6810295,7,0
6100,6811163,8,0
6100,6811061,9,0
6100,6810298,10,0
6100,6810299,11,0
6100,6810921,12,0
6100,6810301,13,0
6100,6810302,14,0
6100,6816102,15,0
6100,6816101,16,0
6100,6810310,17,0
6100,6810311,18,0
6100,6810312,19,0
6100,6810313,20,0
6100,6810314,21,0
6100,6810914,22,0
6100,6810781,23,0
6100,6810791,24,0
6100,6810316,25,0
6100,6810792,26,0
6200,6810785,1,0
6200,6810205,2,0
6200,6810925,3,0
6200,6810317,4,0
6200,6810924,5,0
6200,6810318,6,0
6200,6810915,7,0
6200,6810916,8,0
6200,6810917,9,0
6200,6810320,10,0
6200,6810321,11,0
6200,6811008,12,0
6200,6810322,13,0
6200,6810323,14,0
6200,6810913,15,0
6200,6811141,16,0
6200,6811114,17,0
6200,6811115,18,0
6200,6811116,19,0
6200,6811142,20,0
6200,6811162,21,0
6200,6810325,22,0
6200,6810326,23,0
6200,6811073,24,0
6200,6811112,25,0
6200,6810807,26,0
6200,6810329,27,0
6200,6810330,28,0
6200,6810331,29,0
6200,6810332,30,0
6200,6810333,31,0
6200,6810334,32,0
6200,6810336,33,0
6200,6810337,34,0
6200,6810338,35,0
6200,6810339,36,0
6200,6810909,37,0
6200,6810808,38,0
6200,6811075,39,0
6200,6810390,40,0
6200,6810391,41,0
6300,6810200,1,0
6300,6810793,2,0
6300,6810340,3,0
6300,6816301,4,0
6300,6816302,5,0
6300,6816303,6,0
6300,6816311,7,0
6300,6816312,8,0
6300,6810695,9,0
6300,6810352,10,0
6300,6810697,11,0
6300,6810698,12,0
6300,6810699,13,0
6300,6810700,14,0
6300,6811074,15,0
6300,6810708,16,0
6300,6810702,17,0
6300,6810354,18,0
6300,6810355,19,0
6300,6810696,20,0
6300,6810694,21,0
6300,6810351,22,0
6300,6810350,23,0
6300,6810349,24,0
6300,6816307,25,0
6300,6816308,26,0
6300,6810345,27,0
6300,6810692,28,0
6300,6816309,29,0
6300,6810343,30,0
6300,6810342,31,0
6300,6816310,32,0
6300,6810360,33,0
6300,6810792,34,0
6400,6810234,1,0
6400,6810235,2,0
6400,6811164,3,0
6400,6810362,4,0
6400,6810363,5,0
6400,6811111,6,0
6400,6811182,7,0
6400,6810364,8,0
6400,6810365,9,0
6400,6810366,10,0
6400,6810367,11,0
6400,6810368,12,0
6400,6810369,13,0
6400,6810370,14,0
6400,6810371,15,0
6400,6810372,16,0
6400,6811076,17,0
6400,6810373,18,0
6400,6810733,19,0
6400,6810734,20,0
6400,6810238,21,0
6400,6810239,22,0
6400,6810374,23,0
6400,6810375,24,0
6400,6810376,25,0
6400,6816401,26,0
6400,6816402,27,0
6400,6810377,28,0
6400,6811077,29,0
6400,6810741,30,0
6400,6810378,31,0
6400,6810743,32,0
6400,6810746,33,0
6400,6810969,34,0
6400,6810380,35,0
6400,6810381,36,0
6400,6810382,37,0
6400,6810750,38,0
6400,6810383,39,0
6400,6816403,40,0
6400,6816404,41,0
6400,6810757,42,0
6400,6811078,43,0
6400,6810758,44,0
6400,6810388,45,0
6400,6810232,46,0
6500,6810785,1,0
6500,6810205,2,0
6500,6810987,3,0
6500,6810786,4,0
6500,6811075,5,0
6500,6810390,6,0
6500,6810391,7,0
6500,6810392,8,0
6500,6810393,9,0
6500,6810989,10,0
6500,6810394,11,0
6500,6810809,12,0
6500,6810395,13,0
6500,6810396,14,0
6500,6810398,15,0
6500,6810399,16,0
6500,6810400,17,0
6500,6810810,18,0
6500,6810401,19,0
6500,6810736,20,0
6500,6816501,21,0
6500,6810406,22,0
6500,6810407,23,0
6500,6810408,24,0
6500,6810409,25,0
6500,6810410,26,0
6500,6811083,27,0
6500,6810412,28,0
6500,6811177,29,0
6500,6810903,30,0
6500,6810904,31,0
6600,6811110,1,0
6600,6810232,2,0
6600,6810413,3,0
6600,6810881,4,0
6600,6810416,5,0
6600,6816605,6,0
6600,6810417,7,0
6600,6810418,8,0
6600,6810882,9,0
6600,6810419,10,0
6600,6810420,11,0
6600,6810950,12,0
6600,6810951,13,0
6600,6810422,14,0
6600,6810970,15,0
6600,6810423,16,0
6600,6810952,17,0
6600,6810953,18,0
6600,6810821,19,0
6600,6810426,20,0
6600,6810954,21,0
6600,6810427,22,0
6600,6810883,23,0
6600,6811084,24,0
6600,6816606,25,0
6600,6810428,26,0
6600,6810429,27,0
6600,6810430,28,0
6600,6816603,29,0
6600,6810884,30,0
6600,6811092,31,0
6600,6811165,32,0
6600,6811085,33,0
6600,6810431,34,0
6600,6810421,35,0
6600,6810432,36,0
6600,6811071,37,0
6600,6810433,38,0
6600,6816602,39,0
6600,6810885,40,0
6600,6816604,41,0
6600,6811119,42,0
6600,6811022,43,0
6600,6811033,44,0
6600,6810886,45,0
6600,6816601,46,0
6600,6810887,47,0
6600,6811086,48,0
6600,6810888,49,0
6600,6811087,50,0
6600,6810889,51,0
6600,6810898,52,0
6600,6810890,53,0
6600,6810891,54,0
6600,6811032,55,0
6600,6810310,56,0
6600,6810311,57,0
6600,6810312,58,0
6600,6810313,59,0
6600,6810314,60,0
6600,6810914,61,0
6600,6810781,62,0
6600,6810435,63,0
6600,6810436,64,0
6600,6811088,65,0
6600,6810437,66,0
6600,6810892,67,0
6600,6810439,68,0
6600,6811078,69,0
6600,6810758,70,0
6600,6810388,71,0
6600,6811182,72,0
6600,6811183,73,0
6600,6810463,74,0
6600,6810464,75,0
6700,6810413,1,0
6700,6810442,2,0
6700,6811110,3,0
6700,6811182,4,0
6700,6811183,5,0
6700,6810443,6,0
6700,6810444,7,0
6700,6810797,8,0
6700,6810445,9,0
6700,6810446,10,0
6700,6810799,11,0
6700,6810447,12,0
6700,6810448,13,0
6700,6810449,14,0
6700,6810450,15,0
6700,6810804,16,0
6700,6810800,17,0
6700,6810801,18,0
6700,6810893,19,0
6700,6810802,20,0
6700,6810803,21,0
6700,6810805,22,0
6700,6810453,23,0
6700,6811089,24,0
6700,6811090,25,0
6700,6810946,26,0
6700,6810947,27,0
6700,6810948,28,0
6700,6816701,29,0
6700,6811059,30,0
6700,6811091,31,0
6700,6810456,32,0
6700,6810457,33,0
6700,6810458,34,0
6700,6810459,35,0
6700,6810894,36,0
6700,6811117,37,0
6700,6810768,38,0
6700,6810769,39,0
6700,6810280,40,0
6700,6810770,41,0
6700,6810771,42,0
6700,6810461,43,0
6700,6811118,44,0
6700,6810463,45,0
6700,6810464,46,0
6800,6811110,1,0
6800,6811182,2,0
6800,6811183,3,0
6800,6810413,4,0
6800,6810442,5,0
6800,6810441,6,0
6800,6810235,7,0
6800,6810267,8,0
6800,6810268,9,0
6800,6810466,10,0
6800,6810467,11,0
6800,6810468,12,0
6800,6810469,13,0
6800,6810471,14,0
6800,6810836,15,0
6800,6810472,16,0
6800,6810473,17,0
6800,6810474,18,0
6800,6810475,19,0
6800,6810837,20,0
6800,6810477,21,0
6800,6810478,22,0
6800,6810479,23,0
6800,6810480,24,0
6800,6810481,25,0
6800,6810483,26,0
6800,6810484,27,0
6800,6810839,28,0
6800,6810485,29,0
6800,6810486,30,0
6800,6810923,31,0
6800,6810922,32,0
6800,6810487,33,0
6800,6810488,34,0
6800,6810489,35,0
6800,6810490,36,0
6800,6810491,37,0
6800,6810492,38,0
6800,6810493,39,0
6800,6810494,40,0
6800,6810495,41,0
6800,6810496,42,0
6800,6810497,43,0
6800,6810465,44,0
6800,6810498,45,0
6800,6810499,46,0
6800,6810606,47,0
6800,6810500,48,0
6800,6810463,49,0
6800,6810464,50,0
6800,6811118,51,0
8100,6811110,1,0
8100,6811182,2,0
8100,6811183,3,0
8100,6810413,4,0
8100,6810442,5,0
8100,6810441,6,0
8100,6810235,7,0
8100,6810001,8,0
8100,6818501,9,0
8100,6810540,10,0
8100,6811043,11,0
8100,6811044,12,0
8100,6810542,13,0
8100,6810543,14,0
8100,6810544,15,0
8100,6810545,16,0
8100,6810546,17,0
8100,6810547,18,0
8100,6810548,19,0
8100,6810549,20,0
8100,6810550,21,0
8100,6810551,22,0
8100,6810552,23,0
8100,6810553,24,0
8100,6810554,25,0
8100,6811172,26,0
8100,6810003,27,0
8100,6811171,28,0
8100,6811103,29,0
8100,6810567,30,0
8100,6811105,31,0
8100,6811178,32,0
8100,6810568,33,0
8100,6810569,34,0
8100,6810604,35,0
8100,6810605,36,0
8100,6810572,37,0
8100,6810573,38,0
8100,6810574,39,0
8100,6810576,40,0
8100,6810577,41,0
8100,6811023,42,0
8100,6811024,43,0
8100,6811051,44,0
8100,6811025,45,0
8100,6818522,46,0
8100,6811056,47,0
8100,6810587,48,0
8100,6810813,49,0
8100,6811037,50,0
8100,6810814,51,0
8100,6810004,52,0
8100,6811038,53,0
8100,6810588,54,0
8100,6810589,55,0
8100,6811039,56,0
8100,6810590,57,0
8100,6811094,58,0
8100,6810591,59,0
8100,6810592,60,0
8100,6810593,61,0
8100,6811040,62,0
8100,6810594,63,0
8100,6811042,64,0
8100,6810595,65,0
8100,6810596,66,0
8100,6810597,67,0
8100,6810598,68,0
8100,6810599,69,0
8100,6810600,70,0
8100,6810601,71,0
8100,6811041,72,0
8100,6810602,73,0
8100,6810570,74,0
8100,6810603,75,0
8100,6810571,76,0
8100,6810002,77,0
8100,6810463,78,0
8100,6810464,79,0
8100,6811118,80,0
8200,6810413,1,0
8200,6810442,2,0
8200,6810441,3,0
8200,6810235,4,0
8200,6810001,5,0
8200,6811172,6,0
8200,6810003,7,0
8200,6811171,8,0
8200,6811103,9,0
8200,6810567,10,0
8200,6811105,11,0
8200,6811178,12,0
8200,6810568,13,0
8200,6810569,14,0
8200,6810604,15,0
8200,6810605,16,0
8200,6810572,17,0
8200,6810573,18,0
8200,6810574,19,0
8200,6818501,20,0
8200,6810540,21,0
8200,6811043,22,0
8200,6811044,23,0
8200,6810542,24,0
8200,6810543,25,0
8200,6810544,26,0
8200,6818506,27,0
8200,6818507,28,0
8200,6818508,29,0
8200,6818509,30,0
8200,6818510,31,0
8200,6818511,32,0
8200,6818512,33,0
8200,6810546,34,0
8200,6810547,35,0
8200,6810548,36,0
8200,6810549,37,0
8200,6810550,38,0
8200,6810551,39,0
8200,6810552,40,0
8200,6810553,41,0
8200,6810554,42,0
8200,6818513,43,0
8200,6810563,44,0
8200,6810564,45,0
8200,6818523,46,0
8200,6810565,47,0
8200,6810541,48,0
8200,6810570,49,0
8200,6810603,50,0
8200,6810571,51,0
8200,6810002,52,0
8200,6810463,53,0
8200,6810464,54,0
8500,6810568,1,0
8500,6810569,2,0
8500,6810604,3,0
8500,6810605,4,0
8500,6810572,5,0
8500,6810573,6,0
8500,6810574,7,0
8500,6818501,8,0
8500,6810540,9,0
8500,6811043,10,0
8500,6811044,11,0
8500,6810542,12,0
8500,6810543,13,0
8500,6810544,14,0
8500,6818506,15,0
8500,6818507,16,0
8500,6818508,17,0
8500,6818509,18,0
8500,6818510,19,0
8500,6818511,20,0
8500,6818512,21,0
8500,6810546,22,0
8500,6810547,23,0
8500,6810548,24,0
8500,6810549,25,0
8500,6810550,26,0
8500,6810551,27,0
8500,6810552,28,0
8500,6810553,29,0
8500,6810554,30,0
8500,6818513,31,0
8500,6818514,32,0
8500,6818515,33,0
8500,6818516,34,0
8500,6818517,35,0
8500,6818518,36,0
8500,6818519,37,0
8500,6818520,38,0
8500,6818522,39,0
8500,6811056,40,0
8500,6810587,41,0
8500,6810813,42,0
8500,6811037,43,0
8500,6810814,44,0
8500,6810004,45,0
8500,6811038,46,0
8500,6810588,47,0
8500,6810589,48,0
8500,6811039,49,0
8500,6810590,50,0
8500,6811094,51,0
8500,6810591,52,0
8500,6810592,53,0
8500,6810593,54,0
8500,6811040,55,0
8500,6810594,56,0
8500,6811042,57,0
8500,6810595,58,0
8500,6810596,59,0
8500,6810597,60,0
8500,6810598,61,0
8500,6810599,62,0
8500,6810600,63,0
8500,6810601,64,0
8500,6811041,65,0
8500,6810602,66,0
8500,6811178,67,0
8600,6810413,1,0
8600,6810442,2,0
8600,6810441,3,0
8600,6810235,4,0
8600,6810001,5,0
8600,6811172,6,0
8600,6810003,7,0
8600,6811171,8,0
8600,6811103,9,0
8600,6810567,10,0
8600,6811105,11,0
8600,6811178,12,0
8600,6810568,13,0
8600,6818601,14,0
8600,6810593,15,0
8600,6811040,16,0
8600,6818606,17,0
8600,6818602,18,0
8600,6818522,19,0
8600,6811058,20,0
8600,6818603,21,0
8600,6818604,22,0
8600,6818605,23,0
8600,6810002,24,0
8600,6810463,25,0
8600,6810464,26,0
9300,6810200,1,0
9300,6810607,2,0
9300,6810608,3,0
9300,6810609,4,0
9300,6819302,5,0
9300,6810610,6,0
9300,6810612,7,0
9300,6811095,8,0
9300,6810613,9,0
9300,6811169,10,0
9300,6810614,11,0
9300,6811096,12,0
9300,6810615,13,0
9300,6810842,14,0
9300,6810641,15,0
9300,6811126,16,0
9300,6810941,17,0
9300,6810942,18,0
9300,6810943,19,0
9300,6811097,20,0
9300,6810945,21,0
9300,6810656,22,0
9300,6810657,23,0
9300,6810880,24,0
9300,6811047,25,0
9300,6811046,26,0
9300,6811184,27,0
9300,6810982,28,0
9300,6810973,29,0
9300,6810850,30,0
9300,6810974,31,0
9300,6819301,32,0
9300,6819303,33,0
9300,6810632,34,0
9300,6810634,35,0
9400,6810200,1,0
9400,6810607,2,0
9400,6811009,3,0
9400,6810971,4,0
9400,6819401,5,0
9400,6819402,6,0
9400,6810865,7,0
9400,6810867,8,0
9400,6810868,9,0
9400,6810977,10,0
9400,6810978,11,0
9400,6810979,12,0
9400,6810873,13,0
9400,6810874,14,0
9400,6811062,15,0
9400,6810980,16,0
9400,6810932,17,0
9400,6810997,18,0
9400,6819501,19,0
9400,6904001,20,0
9400,6811098,21,0
9400,6810935,22,0
9400,6810621,23,0
9400,6811166,24,0
9400,6810936,25,0
9400,6810937,26,0
9400,6811099,27,0
9400,6810981,28,0
9400,6810624,29,0
9400,6811100,30,0
9400,6810625,31,0
9400,6810982,32,0
9400,6811063,33,0
9400,6810983,34,0
9400,6810629,35,0
9400,6811064,36,0
9400,6810975,37,0
9400,6810976,38,0
9400,6810634,39,0
9500,6810200,1,0
9500,6811007,2,0
9500,6810984,3,0
9500,6810661,4,0
9500,6811049,5,0
9500,6810662,6,0
9500,6811006,7,0
9500,6810663,8,0
9500,6810664,9,0
9500,6811101,10,0
9500,6810665,11,0
9500,6810985,12,0
9500,6810668,13,0
9500,6811102,14,0
9500,6810999,15,0
9500,6810998,16,0
9500,6810997,17,0
9500,6819501,18,0
9500,6810996,19,0
9500,6811000,20,0
9500,6811001,21,0
9500,6811002,22,0
9500,6811003,23,0
9500,6811050,24,0
9500,6811004,25,0
9500,6811005,26,0
9500,6810857,27,0
9500,6810859,28,0
9500,6810860,29,0
9500,6810862,30,0
9500,6810861,31,0
9500,6810691,32,0
9500,6810896,33,0
9500,6810631,34,0
9500,6810632,35,0
9500,6810634,36,0
