8100,'3cbacc5c-479f-4e46-92a9-193ce5972e98',2150,,17230,159,,,0
8100,'5d8e1f33-b15a-4d6c-bc08-744b1977a096',2150,,17231,159,,,0
8100,'603637be-3b89-4de4-a225-ae420419f9d6',1058,,17232,184,,,0,100,,17234,184,,,0,200,,17236,184,,,0,100,,17235,184,,,0,100,,17238,184,,,0,100,,17233,184,,,0,100,,17237,174,,,0
8100,'7c54d383-1c64-4a24-b06c-a04764f3562f',2150,,17239,159,,,0
8100,'8406d080-6e75-4486-a00b-1c9c8d02b55f',2150,,17240,159,,,0
8100,'d66d6429-e89f-4376-937c-b6bd14f92a3b',2150,,17241,159,,,0
8100,'d696856f-d252-4a8b-bd9f-2960bd70f042',658,,17254,184,,,0,100,,17242,184,,,0,100,,17250,184,,,0,200,,17243,184,,,0,100,,17253,184,,,0,100,,17255,184,,,0,200,,17252,184,,,0,100,,17244,184,,,0,100,,17245,184,,,0,100,,17251,184,,,0,100,,17246,184,,,0,100,,17249,184,,,0,100,,17248,184,,,0,92,,17247,159,,,0
8500,'3cbacc5c-479f-4e46-92a9-193ce5972e98',653,,17271,102,,,0,100,,17260,209,,,0,100,,17262,209,,,0,100,,17269,209,,,0,100,,17272,209,,,0,100,,17267,209,,,0,100,,17265,209,,,0,100,,17264,209,,,0,100,,17274,209,,,0,100,,17259,209,,,0,100,,17263,209,,,0,100,,17268,209,,,0,100,,17266,209,,,0,100,,17270,209,,,0,100,,17273,209,,,0,100,,17261,209,,,0
8500,'5d8e1f33-b15a-4d6c-bc08-744b1977a096',653,,17290,102,,,0,100,,17275,209,,,0,100,,17288,209,,,0,100,,17279,209,,,0,100,,17276,209,,,0,100,,17285,209,,,0,100,,17284,209,,,0,100,,17277,209,,,0,100,,17287,209,,,0,100,,17289,209,,,0,100,,17280,209,,,0,100,,17286,209,,,0,100,,17282,209,,,0,100,,17278,209,,,0,100,,17281,209,,,0,100,,17283,209,,,0
8500,'7c54d383-1c64-4a24-b06c-a04764f3562f',653,,17292,102,,,0,100,,17291,209,,,0,100,,17306,209,,,0,100,,17299,209,,,0,100,,17302,209,,,0,100,,17305,209,,,0,100,,17303,209,,,0,100,,17297,209,,,0,100,,17300,209,,,0,100,,17301,209,,,0,100,,17294,209,,,0,100,,17295,209,,,0,100,,17296,209,,,0,100,,17304,209,,,0,100,,17298,209,,,0,100,,17293,209,,,0
8500,'8406d080-6e75-4486-a00b-1c9c8d02b55f',653,,17318,102,,,0,100,,17321,209,,,0,100,,17322,209,,,0,100,,17319,209,,,0,100,,17309,209,,,0,100,,17308,209,,,0,100,,17312,209,,,0,100,,17307,209,,,0,100,,17314,209,,,0,100,,17310,209,,,0,100,,17315,209,,,0,100,,17311,209,,,0,100,,17317,209,,,0,100,,17316,209,,,0,100,,17313,209,,,0,100,,17320,209,,,0
8500,'d66d6429-e89f-4376-937c-b6bd14f92a3b',653,,17335,102,,,0,100,,17324,209,,,0,100,,17331,209,,,0,100,,17328,209,,,0,100,,17329,209,,,0,100,,17333,209,,,0,100,,17332,209,,,0,100,,17325,209,,,0,100,,17327,209,,,0,100,,17337,209,,,0,100,,17336,209,,,0,100,,17330,209,,,0,100,,17323,209,,,0,100,,17334,209,,,0,100,,17338,209,,,0,100,,17326,209,,,0
