8100,'3cbacc5c-479f-4e46-92a9-193ce5972e98',2151,,17230,163,,,0
8100,'5d8e1f33-b15a-4d6c-bc08-744b1977a096',2151,,17231,163,,,0
8100,'603637be-3b89-4de4-a225-ae420419f9d6',1100,,17232,189,,,0,100,,17234,189,,,0,200,,17236,189,,,0,100,,17235,189,,,0,100,,17238,189,,,0,100,,17233,189,,,0,100,,17237,178,,,0
8100,'7c54d383-1c64-4a24-b06c-a04764f3562f',2151,,17239,163,,,0
8100,'8406d080-6e75-4486-a00b-1c9c8d02b55f',2151,,17240,163,,,0
8100,'d66d6429-e89f-4376-937c-b6bd14f92a3b',2151,,17241,163,,,0
8100,'d696856f-d252-4a8b-bd9f-2960bd70f042',700,,17254,189,,,0,100,,17242,189,,,0,100,,17250,189,,,0,200,,17243,189,,,0,100,,17253,189,,,0,100,,17255,189,,,0,200,,17252,189,,,0,100,,17244,189,,,0,100,,17245,189,,,0,100,,17251,189,,,0,100,,17246,189,,,0,100,,17249,189,,,0,100,,17248,189,,,0,51,,17247,163,,,0
8500,'3cbacc5c-479f-4e46-92a9-193ce5972e98',654,,17271,106,,,0,100,,17260,213,,,0,100,,17262,213,,,0,100,,17269,213,,,0,100,,17272,213,,,0,100,,17267,213,,,0,100,,17265,213,,,0,100,,17264,213,,,0,100,,17274,213,,,0,100,,17259,213,,,0,100,,17263,213,,,0,100,,17268,213,,,0,100,,17266,213,,,0,100,,17270,213,,,0,100,,17273,213,,,0,100,,17261,213,,,0
8500,'5d8e1f33-b15a-4d6c-bc08-744b1977a096',654,,17290,106,,,0,100,,17275,213,,,0,100,,17288,213,,,0,100,,17279,213,,,0,100,,17276,213,,,0,100,,17285,213,,,0,100,,17284,213,,,0,100,,17277,213,,,0,100,,17287,213,,,0,100,,17289,213,,,0,100,,17280,213,,,0,100,,17286,213,,,0,100,,17282,213,,,0,100,,17278,213,,,0,100,,17281,213,,,0,100,,17283,213,,,0
8500,'7c54d383-1c64-4a24-b06c-a04764f3562f',654,,17292,106,,,0,100,,17291,213,,,0,100,,17306,213,,,0,100,,17299,213,,,0,100,,17302,213,,,0,100,,17305,213,,,0,100,,17303,213,,,0,100,,17297,213,,,0,100,,17300,213,,,0,100,,17301,213,,,0,100,,17294,213,,,0,100,,17295,213,,,0,100,,17296,213,,,0,100,,17304,213,,,0,100,,17298,213,,,0,100,,17293,213,,,0
8500,'8406d080-6e75-4486-a00b-1c9c8d02b55f',654,,17318,106,,,0,100,,17321,213,,,0,100,,17322,213,,,0,100,,17319,213,,,0,100,,17309,213,,,0,100,,17308,213,,,0,100,,17312,213,,,0,100,,17307,213,,,0,100,,17314,213,,,0,100,,17310,213,,,0,100,,17315,213,,,0,100,,17311,213,,,0,100,,17317,213,,,0,100,,17316,213,,,0,100,,17313,213,,,0,100,,17320,213,,,0
8500,'d66d6429-e89f-4376-937c-b6bd14f92a3b',654,,17335,106,,,0,100,,17324,213,,,0,100,,17331,213,,,0,100,,17328,213,,,0,100,,17329,213,,,0,100,,17333,213,,,0,100,,17332,213,,,0,100,,17325,213,,,0,100,,17327,213,,,0,100,,17337,213,,,0,100,,17336,213,,,0,100,,17330,213,,,0,100,,17323,213,,,0,100,,17334,213,,,0,100,,17338,213,,,0,100,,17326,213,,,0
