1600,'294e58fc-bc13-4a33-bb1d-a337996c2e9c',653,,10826,45,,,0,70,,10821,45,,,0,35,,10843,45,,,0,75,,10820,45,,,0,70,,10829,45,,,0,30,,10819,45,,,0,70,,10840,45,,,0,30,,10838,45,,,0,70,,10839,45,,,0,30,,10832,45,,,0,70,,10833,45,,,0,40,,10822,45,,,0,75,,10842,45,,,0,35,,10828,45,,,0,75,,10836,45,,,0,75,,10823,45,,,0,35,,10818,45,,,0,75,,10824,45,,,0,40,,10825,45,,,0,80,,10841,45,,,0,80,,10834,45,,,0,30,,10835,45,,,0,70,,10830,45,,,0,30,,10817,45,,,0,70,,10827,45,,,0,30,,10837,45,,,0,70,,10831,53,,,0
1600,'8ab1f009-ab59-4a8c-9771-20e344a37dba',1138,,10856,45,,,0,75,,10846,45,,,0,35,,10845,45,,,0,75,,10855,45,,,0,35,,10844,45,,,0,75,,10853,45,,,0,75,,10851,45,,,0,35,,10852,45,,,0,75,,10849,45,,,0,35,,10854,45,,,0,75,,10848,45,,,0,75,,10847,45,,,0,35,,10850,53,,,0
1600,'8e972226-8e68-4b6a-9fd3-2e7f449277f5',653,,10880,45,,,0,70,,10877,45,,,0,35,,10859,45,,,0,75,,10860,45,,,0,70,,10868,45,,,0,30,,10861,45,,,0,70,,10874,45,,,0,30,,10879,45,,,0,70,,10870,45,,,0,30,,10857,45,,,0,70,,10863,45,,,0,40,,10866,45,,,0,75,,10883,45,,,0,35,,10867,45,,,0,75,,10873,45,,,0,75,,10858,45,,,0,35,,10878,45,,,0,75,,10882,45,,,0,40,,10875,45,,,0,80,,10872,45,,,0,80,,10871,45,,,0,30,,10862,45,,,0,70,,10881,45,,,0,30,,10864,45,,,0,70,,10876,45,,,0,30,,10865,45,,,0,70,,10869,53,,,0
1600,'9493548d-afad-4b26-be65-c3aa23941f37',653,,10904,45,,,0,70,,10903,45,,,0,35,,10896,45,,,0,75,,10894,45,,,0,70,,10899,45,,,0,30,,10884,45,,,0,70,,10889,45,,,0,30,,10895,45,,,0,70,,10908,45,,,0,30,,10905,45,,,0,70,,10906,45,,,0,40,,10891,45,,,0,75,,10907,45,,,0,35,,10892,45,,,0,75,,10910,45,,,0,75,,10900,45,,,0,35,,10902,45,,,0,75,,10898,45,,,0,40,,10893,45,,,0,80,,10888,45,,,0,80,,10890,45,,,0,30,,10885,45,,,0,70,,10886,45,,,0,30,,10897,45,,,0,70,,10901,45,,,0,30,,10887,45,,,0,70,,10909,53,,,0
1600,'9577949b-c1b9-4893-a4cc-d601db41a1fc',653,,10929,45,,,0,70,,10913,45,,,0,35,,10925,45,,,0,75,,10937,45,,,0,70,,10922,45,,,0,30,,10930,45,,,0,70,,10933,45,,,0,30,,10912,45,,,0,70,,10931,45,,,0,30,,10914,45,,,0,70,,10932,45,,,0,40,,10921,45,,,0,75,,10927,45,,,0,35,,10915,45,,,0,75,,10916,45,,,0,75,,10917,45,,,0,35,,10935,45,,,0,75,,10936,45,,,0,40,,10926,45,,,0,80,,10934,45,,,0,80,,10923,45,,,0,30,,10918,45,,,0,70,,10924,45,,,0,30,,10911,45,,,0,70,,10928,45,,,0,30,,10919,45,,,0,70,,10920,53,,,0
1600,'991a1488-6339-4798-a1ff-4cc199131854',653,,10959,45,,,0,70,,10957,45,,,0,35,,10941,45,,,0,75,,10951,45,,,0,70,,10945,45,,,0,30,,10948,45,,,0,70,,10952,45,,,0,30,,10943,45,,,0,70,,10950,45,,,0,30,,10955,45,,,0,70,,10944,45,,,0,40,,10963,45,,,0,75,,10960,45,,,0,35,,10954,45,,,0,75,,10947,45,,,0,75,,10939,45,,,0,35,,10946,45,,,0,75,,10949,45,,,0,40,,10956,45,,,0,80,,10953,45,,,0,80,,10962,45,,,0,30,,10942,45,,,0,70,,10961,45,,,0,30,,10964,45,,,0,70,,10958,45,,,0,30,,10938,45,,,0,70,,10940,53,,,0
1600,'bec99aa0-a127-4e27-ae17-e4c7db42f9ba',1028,,10969,45,,,0,75,,10977,45,,,0,35,,10972,45,,,0,75,,10967,45,,,0,35,,10966,45,,,0,75,,10975,45,,,0,35,,10973,45,,,0,75,,10971,45,,,0,75,,10974,45,,,0,35,,10968,45,,,0,75,,10965,45,,,0,35,,10970,45,,,0,75,,10976,53,,,0
6600,'294e58fc-bc13-4a33-bb1d-a337996c2e9c',628,,13382,47,,,0,110,,13377,47,,,0,170,,13384,47,,,0,109,,13381,47,,,0,111,,13379,47,,,0,110,,13378,45,0,8,0,115,,13376,47,,,0,150,,13386,47,,,0,110,,13387,47,,,0,110,,13385,47,,,0,110,,13383,45,0,8,0,115,,13380,47,,,0
6600,'8ab1f009-ab59-4a8c-9771-20e344a37dba',637,,13388,47,,,0,100,,13391,47,,,0,800,,13392,47,,,0,100,,13389,47,,,0,100,,13390,47,,,0
6600,'8e972226-8e68-4b6a-9fd3-2e7f449277f5',628,,13394,47,,,0,110,,13395,47,,,0,170,,13393,47,,,0,109,,13398,47,,,0,111,,13396,47,,,0,110,,13402,45,0,8,0,115,,13400,47,,,0,150,,13401,47,,,0,110,,13399,47,,,0,110,,13403,47,,,0,110,,13404,45,0,8,0,115,,13397,47,,,0
6600,'9493548d-afad-4b26-be65-c3aa23941f37',628,,13413,47,,,0,110,,13407,47,,,0,170,,13415,47,,,0,109,,13406,47,,,0,111,,13412,47,,,0,110,,13405,45,0,8,0,115,,13411,47,,,0,150,,13409,47,,,0,110,,13416,47,,,0,110,,13410,47,,,0,110,,13414,45,0,8,0,115,,13408,47,,,0
6600,'9577949b-c1b9-4893-a4cc-d601db41a1fc',628,,13417,47,,,0,110,,13427,47,,,0,170,,13424,47,,,0,109,,13425,47,,,0,111,,13426,47,,,0,110,,13421,45,0,8,0,115,,13419,47,,,0,150,,13422,47,,,0,110,,13428,47,,,0,110,,13418,47,,,0,110,,13423,45,0,8,0,115,,13420,47,,,0
6600,'991a1488-6339-4798-a1ff-4cc199131854',628,,13429,47,,,0,110,,13439,47,,,0,170,,13431,47,,,0,109,,13438,47,,,0,111,,13437,47,,,0,110,,13436,45,0,8,0,115,,13430,47,,,0,150,,13435,47,,,0,110,,13434,47,,,0,110,,13433,47,,,0,110,,13432,45,0,8,0,115,,13440,47,,,0
6600,'bec99aa0-a127-4e27-ae17-e4c7db42f9ba',1037,,13442,47,,,0,200,,13444,47,,,0,200,,13441,47,,,0,200,,13443,47,,,0
