5000,'0d5c96b9-c5c7-4e47-bc8d-f774254a7580',629,,180,,,0,24,,191,,,0,64,,170,,,0,26,,168,,,0,66,,167,,,0,26,,171,,,0,66,,186,,,0,26,,185,,,0,26,,181,,,0,66,,165,,,0,26,,184,,,0,68,,190,,,0,45,,175,,,0,74,,187,,,0,85,,163,,,0,34,,162,4,,0,68,,174,,,0,25,,192,,,0,69,,189,,,0,28,,179,,,0,67,,161,,,0,26,,173,,,0,74,,188,,,0,33,,172,,,0,67,,183,,,0,33,,177,,,0,64,,166,,,0,24,,176,,,0,26,,178,,,0,67,,159,,,0,23,,182,,,0,90,,160,,,0,23,,158,,,0,90,,157,,,0
5000,'254bf088-27c5-409f-95e0-aded341d1ed8',1011,,193,,,0,35,,210,,,0,75,,204,,,0,35,,199,,,0,75,,200,,,0,75,,194,,,0,35,,198,,,0,75,,205,,,0,35,,202,,,0,75,,203,,,0,75,,207,,,0,35,,195,,,0,75,,196,,,0,35,,197,,,0,75,,208,,,0,35,,209,,,0,49,,201,4,,0
5000,'48a5c06b-7eda-467f-bced-b2025728d81d',716,,213,,,0,35,,220,,,0,75,,217,,,0,75,,215,,,0,35,,222,,,0,75,,236,,,0,35,,224,,,0,75,,211,,,0,35,,223,,,0,75,,218,,,0,75,,226,,,0,35,,212,,,0,75,,231,4,,0,35,,234,,,0,75,,221,,,0,75,,232,,,0,35,,229,,,0,75,,237,,,0,35,,235,,,0,75,,240,,,0,35,,233,,,0,75,,228,,,0,75,,216,,,0,35,,239,,,0,75,,219,,,0,35,,214,,,0
5000,'5ea3716a-5a4b-434c-a8f4-f427803388f2',629,,241,,,0,24,,256,,,0,64,,266,,,0,26,,251,,,0,66,,255,,,0,26,,254,,,0,66,,263,,,0,26,,245,,,0,26,,265,,,0,66,,261,,,0,26,,259,,,0,68,,247,,,0,45,,246,,,0,74,,273,,,0,85,,249,,,0,34,,243,4,,0,68,,248,,,0,25,,269,,,0,69,,274,,,0,28,,242,,,0,67,,258,,,0,26,,264,,,0,74,,272,,,0,33,,268,,,0,67,,267,,,0,33,,252,,,0,64,,262,,,0,24,,275,,,0,26,,250,,,0,67,,257,,,0,23,,276,,,0,90,,270,,,0,23,,271,,,0,90,,253,,,0
5000,'868bc121-fb0c-4383-9699-388451a790cf',629,,307,,,0,24,,295,,,0,64,,286,,,0,26,,293,,,0,66,,298,,,0,26,,309,,,0,66,,300,,,0,26,,281,,,0,26,,291,,,0,66,,280,,,0,26,,283,,,0,68,,301,,,0,45,,287,,,0,74,,304,,,0,85,,310,,,0,34,,294,4,,0,68,,312,,,0,25,,303,,,0,69,,311,,,0,28,,282,,,0,67,,289,,,0,26,,299,,,0,74,,277,,,0,33,,279,,,0,67,,306,,,0,33,,288,,,0,64,,292,,,0,24,,305,,,0,26,,278,,,0,67,,308,,,0,23,,296,,,0,90,,290,,,0,23,,297,,,0,90,,302,,,0
5000,'9289a134-101b-4987-b6e8-c4ce4a2015fb',629,,320,,,0,24,,336,,,0,64,,330,,,0,26,,316,,,0,66,,319,,,0,26,,323,,,0,66,,334,,,0,26,,322,,,0,26,,325,,,0,66,,331,,,0,26,,344,,,0,68,,314,,,0,45,,338,,,0,74,,318,,,0,85,,348,,,0,34,,335,4,,0,68,,333,,,0,25,,332,,,0,69,,326,,,0,28,,346,,,0,67,,347,,,0,26,,327,,,0,74,,345,,,0,33,,343,,,0,67,,340,,,0,33,,339,,,0,64,,315,,,0,24,,324,,,0,26,,337,,,0,67,,342,,,0,23,,328,,,0,90,,321,,,0,23,,313,,,0,90,,341,,,0
5000,'ba06086d-4548-42cd-b016-2de359d3cea0',629,,357,,,0,24,,371,,,0,64,,365,,,0,26,,367,,,0,66,,368,,,0,26,,380,,,0,66,,379,,,0,26,,352,,,0,26,,349,,,0,66,,382,,,0,26,,358,,,0,68,,350,,,0,45,,383,,,0,74,,372,,,0,85,,361,,,0,34,,353,4,,0,68,,374,,,0,25,,351,,,0,69,,362,,,0,28,,364,,,0,67,,369,,,0,26,,384,,,0,74,,355,,,0,33,,378,,,0,67,,375,,,0,33,,359,,,0,64,,360,,,0,24,,373,,,0,26,,354,,,0,67,,356,,,0,23,,370,,,0,90,,376,,,0,23,,366,,,0,90,,377,,,0
5000,'be8bf329-48c0-4387-bcac-4bc2f3c23bb8',826,,395,,,0,75,,385,,,0,35,,392,,,0,75,,396,,,0,35,,397,,,0,75,,393,,,0,35,,394,,,0,75,,400,,,0,75,,390,,,0,35,,388,,,0,75,,387,,,0,35,,389,,,0,75,,398,,,0,75,,399,,,0,35,,386,,,0
5000,'caf85986-9e94-44c6-8066-5897e84e46de',935,,404,,,0,76,,417,,,0,35,,409,,,0,75,,405,,,0,35,,411,,,0,75,,408,,,0,75,,416,,,0,35,,407,,,0,75,,418,,,0,35,,413,,,0,75,,403,,,0,75,,415,,,0,35,,410,,,0,75,,412,,,0,35,,414,,,0,69,,401,4,,0,7,,402,4,,0
5104,'0d5c96b9-c5c7-4e47-bc8d-f774254a7580',553,,961,0,9 1 10,0,60,,934,0,9 1 10,0,13,,946,0,9 1 10,0,13,,933,0,9 1 10,0,15,,897,0,9 1 10,0,54,,957,0,9 1 10,0,23,,966,0,9 1 10,0,12,,942,0,9 1 10,0,57,,931,0,9 1 10,0,17,,962,0,9 1 10,0,15,,956,0,9 1 10,0,18,,916,0,9 1 10,0,55,,895,0,9 1 10,0,13,,948,0,9 1 10,0,14,,941,0,9 1 10,0,19,,924,0,9 1 10,0,57,,959,0,9 1 10,0,15,,903,0,9 1 10,0,18,,939,0,9 1 10,0,15,,945,0,9 1 10,0,55,,908,0,9 1 10,0,15,,902,0,9 1 10,0,15,,906,0,9 1 10,0,18,,937,0,9 1 10,0,55,,904,0,9 1 10,0,15,,963,0,9 1 10,0,15,,950,0,9 1 10,0,60,,927,0,9 1 10,0,20,,955,0,9 1 10,0,15,,949,4,,0,18,,896,0,9 1 10,0,61,,929,4,,0,15,,940,4,,0,15,,899,0,9 1 10,0,60,,964,0,9 1 10,0,19,,960,0,9 1 10,0,17,,938,0,9 1 10,0,57,,947,0,9 1 10,0,21,,920,0,9 1 10,0,15,,907,0,9 1 10,0,15,,901,0,9 1 10,0,58,,936,0,9 1 10,0,18,,900,0,9 1 10,0,18,,913,0,9 1 10,0,58,,952,0,9 1 10,0,20,,911,0,9 1 10,0,17,,926,0,9 1 10,0,15,,932,0,9 1 10,0,50,,910,0,9 1 10,0,18,,930,0,9 1 10,0,18,,915,0,9 1 10,0,58,,968,0,9 1 10,0,18,,958,0,9 1 10,0,18,,918,0,9 1 10,0,18,,912,0,9 1 10,0,50,,922,0,9 1 10,0,15,,967,0,9 1 10,0,15,,953,0,9 1 10,0,15,,954,0,9 1 10,0,52,,909,0,9 1 10,0,17,,905,0,9 1 10,0,18,,914,0,9 1 10,0,13,,921,4,,0,52,,919,0,9 1 10,0,15,,925,4,,0,15,,965,4,,0,3,,943,4,,0,16,,917,4,,0
5104,'254bf088-27c5-409f-95e0-aded341d1ed8',1009,,982,0,9 1 10,0,36,,980,0,9 1 10,0,75,,984,0,9 1 10,0,35,,977,0,9 1 10,0,75,,973,0,9 1 10,0,75,,978,0,9 1 10,0,35,,975,0,9 1 10,0,75,,974,0,9 1 10,0,35,,981,0,9 1 10,0,75,,983,0,9 1 10,0,75,,972,0,9 1 10,0,35,,976,0,9 1 10,0,75,,970,0,9 1 10,0,35,,979,0,9 1 10,0,75,,971,0,9 1 10,0,35,,969,0,9 1 10,0
5104,'48a5c06b-7eda-467f-bced-b2025728d81d',600,,1027,0,9 1 10,0,15,,1052,0,9 1 10,0,15,,990,0,9 1 10,0,15,,1012,0,9 1 10,0,55,,992,0,9 1 10,0,14,,988,0,9 1 10,0,14,,1049,0,9 1 10,0,20,,1030,0,9 1 10,0,55,,1047,0,9 1 10,0,15,,1001,0,9 1 10,0,15,,1016,0,9 1 10,0,15,,1014,0,9 1 10,0,57,,1024,0,9 1 10,0,18,,987,0,9 1 10,0,18,,1011,0,9 1 10,0,16,,994,0,9 1 10,0,55,,1020,0,9 1 10,0,15,,1025,0,9 1 10,0,23,,1009,0,9 1 10,0,58,,1045,0,9 1 10,0,19,,1033,0,9 1 10,0,16,,1013,0,9 1 10,0,16,,1019,0,9 1 10,0,52,,1000,0,9 1 10,0,12,,1003,0,9 1 10,0,12,,1006,0,9 1 10,0,23,,1036,0,9 1 10,0,59,,1039,0,9 1 10,0,19,,1034,0,9 1 10,0,16,,1007,0,9 1 10,0,56,,993,0,9 1 10,0,16,,1038,0,9 1 10,0,18,,1004,0,9 1 10,0,16,,991,0,9 1 10,0,56,,1031,0,9 1 10,0,18,,1037,0,9 1 10,0,16,,1035,0,9 1 10,0,57,,1050,0,9 1 10,0,16,,995,0,9 1 10,0,19,,1028,0,9 1 10,0,16,,1015,0,9 1 10,0,56,,1043,0,9 1 10,0,20,,999,0,9 1 10,0,15,,1040,0,9 1 10,0,56,,1041,0,9 1 10,0,16,,1002,0,9 1 10,0,14,,989,0,9 1 10,0,17,,1023,0,9 1 10,0,57,,1051,0,9 1 10,0,18,,1042,0,9 1 10,0,18,,985,0,9 1 10,0,16,,998,0,9 1 10,0,53,,986,0,9 1 10,0,17,,1017,0,9 1 10,0,17,,1005,0,9 1 10,0,58,,1032,0,9 1 10,0,18,,1026,0,9 1 10,0,16,,1021,0,9 1 10,0,15,,996,0,9 1 10,0,56,,1044,0,9 1 10,0,17,,1048,0,9 1 10,0,17,,997,0,9 1 10,0,16,,1046,0,9 1 10,0,56,,1022,4,,0,17,,1029,4,,0,11,,1010,4,,0
5104,'5ea3716a-5a4b-434c-a8f4-f427803388f2',553,,1114,0,9 1 10,0,60,,1086,0,9 1 10,0,13,,1119,0,9 1 10,0,13,,1071,0,9 1 10,0,15,,1107,0,9 1 10,0,54,,1101,0,9 1 10,0,23,,1102,0,9 1 10,0,12,,1118,0,9 1 10,0,57,,1083,0,9 1 10,0,17,,1120,0,9 1 10,0,15,,1113,0,9 1 10,0,18,,1057,0,9 1 10,0,55,,1105,0,9 1 10,0,13,,1058,0,9 1 10,0,14,,1103,0,9 1 10,0,19,,1094,0,9 1 10,0,57,,1117,0,9 1 10,0,15,,1055,0,9 1 10,0,18,,1066,0,9 1 10,0,15,,1098,0,9 1 10,0,55,,1074,0,9 1 10,0,15,,1060,0,9 1 10,0,15,,1067,0,9 1 10,0,18,,1077,0,9 1 10,0,55,,1069,0,9 1 10,0,15,,1092,0,9 1 10,0,15,,1090,0,9 1 10,0,60,,1109,0,9 1 10,0,20,,1095,0,9 1 10,0,15,,1099,4,,0,18,,1076,0,9 1 10,0,61,,1068,4,,0,15,,1089,4,,0,15,,1111,0,9 1 10,0,60,,1088,0,9 1 10,0,19,,1108,0,9 1 10,0,17,,1100,0,9 1 10,0,57,,1063,0,9 1 10,0,21,,1085,0,9 1 10,0,15,,1093,0,9 1 10,0,15,,1075,0,9 1 10,0,58,,1062,0,9 1 10,0,18,,1087,0,9 1 10,0,18,,1078,0,9 1 10,0,58,,1065,0,9 1 10,0,20,,1115,0,9 1 10,0,17,,1096,0,9 1 10,0,15,,1091,0,9 1 10,0,50,,1106,0,9 1 10,0,18,,1104,0,9 1 10,0,18,,1126,0,9 1 10,0,58,,1125,0,9 1 10,0,18,,1079,0,9 1 10,0,18,,1110,0,9 1 10,0,18,,1080,0,9 1 10,0,50,,1124,0,9 1 10,0,15,,1070,0,9 1 10,0,15,,1082,0,9 1 10,0,15,,1061,0,9 1 10,0,52,,1072,0,9 1 10,0,17,,1073,0,9 1 10,0,18,,1081,0,9 1 10,0,13,,1122,4,,0,52,,1123,0,9 1 10,0,15,,1121,4,,0,15,,1097,4,,0,3,,1059,4,,0,16,,1112,4,,0
5104,'868bc121-fb0c-4383-9699-388451a790cf',553,,1130,0,9 1 10,0,60,,1141,0,9 1 10,0,13,,1186,0,9 1 10,0,13,,1136,0,9 1 10,0,15,,1132,0,9 1 10,0,54,,1147,0,9 1 10,0,23,,1168,0,9 1 10,0,12,,1187,0,9 1 10,0,57,,1164,0,9 1 10,0,17,,1144,0,9 1 10,0,15,,1188,0,9 1 10,0,18,,1171,0,9 1 10,0,55,,1158,0,9 1 10,0,13,,1173,0,9 1 10,0,14,,1159,0,9 1 10,0,19,,1142,0,9 1 10,0,57,,1145,0,9 1 10,0,15,,1200,0,9 1 10,0,18,,1129,0,9 1 10,0,15,,1160,0,9 1 10,0,55,,1155,0,9 1 10,0,15,,1135,0,9 1 10,0,15,,1176,0,9 1 10,0,18,,1191,0,9 1 10,0,55,,1133,0,9 1 10,0,15,,1149,0,9 1 10,0,15,,1192,0,9 1 10,0,60,,1174,0,9 1 10,0,20,,1184,0,9 1 10,0,15,,1131,4,,0,18,,1170,0,9 1 10,0,61,,1154,4,,0,15,,1197,4,,0,15,,1157,0,9 1 10,0,60,,1140,0,9 1 10,0,19,,1199,0,9 1 10,0,17,,1162,0,9 1 10,0,57,,1172,0,9 1 10,0,21,,1195,0,9 1 10,0,15,,1177,0,9 1 10,0,15,,1198,0,9 1 10,0,58,,1182,0,9 1 10,0,18,,1148,0,9 1 10,0,18,,1175,0,9 1 10,0,58,,1138,0,9 1 10,0,20,,1127,0,9 1 10,0,17,,1161,0,9 1 10,0,15,,1166,0,9 1 10,0,50,,1180,0,9 1 10,0,18,,1181,0,9 1 10,0,18,,1169,0,9 1 10,0,58,,1143,0,9 1 10,0,18,,1189,0,9 1 10,0,18,,1151,0,9 1 10,0,18,,1152,0,9 1 10,0,50,,1139,0,9 1 10,0,15,,1150,0,9 1 10,0,15,,1165,0,9 1 10,0,15,,1178,0,9 1 10,0,52,,1134,0,9 1 10,0,17,,1163,0,9 1 10,0,18,,1153,0,9 1 10,0,13,,1137,4,,0,52,,1156,0,9 1 10,0,15,,1179,4,,0,15,,1193,4,,0,3,,1146,4,,0,16,,1196,4,,0
5104,'9289a134-101b-4987-b6e8-c4ce4a2015fb',553,,1221,0,9 1 10,0,60,,1256,0,9 1 10,0,13,,1234,0,9 1 10,0,13,,1262,0,9 1 10,0,15,,1213,0,9 1 10,0,54,,1222,0,9 1 10,0,23,,1265,0,9 1 10,0,12,,1203,0,9 1 10,0,57,,1240,0,9 1 10,0,17,,1267,0,9 1 10,0,15,,1211,0,9 1 10,0,18,,1229,0,9 1 10,0,55,,1204,0,9 1 10,0,13,,1225,0,9 1 10,0,14,,1212,0,9 1 10,0,19,,1202,0,9 1 10,0,57,,1261,0,9 1 10,0,15,,1237,0,9 1 10,0,18,,1266,0,9 1 10,0,15,,1205,0,9 1 10,0,55,,1270,0,9 1 10,0,15,,1274,0,9 1 10,0,15,,1248,0,9 1 10,0,18,,1207,0,9 1 10,0,55,,1217,0,9 1 10,0,15,,1247,0,9 1 10,0,15,,1208,0,9 1 10,0,60,,1271,0,9 1 10,0,20,,1227,0,9 1 10,0,15,,1259,4,,0,18,,1250,0,9 1 10,0,61,,1233,4,,0,15,,1255,4,,0,15,,1223,0,9 1 10,0,60,,1235,0,9 1 10,0,19,,1215,0,9 1 10,0,17,,1228,0,9 1 10,0,57,,1218,0,9 1 10,0,21,,1226,0,9 1 10,0,15,,1224,0,9 1 10,0,15,,1232,0,9 1 10,0,58,,1251,0,9 1 10,0,18,,1220,0,9 1 10,0,18,,1209,0,9 1 10,0,58,,1273,0,9 1 10,0,20,,1201,0,9 1 10,0,17,,1231,0,9 1 10,0,15,,1238,0,9 1 10,0,50,,1258,0,9 1 10,0,18,,1236,0,9 1 10,0,18,,1241,0,9 1 10,0,58,,1264,0,9 1 10,0,18,,1257,0,9 1 10,0,18,,1210,0,9 1 10,0,18,,1242,0,9 1 10,0,50,,1214,0,9 1 10,0,15,,1216,0,9 1 10,0,15,,1243,0,9 1 10,0,15,,1239,0,9 1 10,0,52,,1263,0,9 1 10,0,17,,1219,0,9 1 10,0,18,,1269,0,9 1 10,0,13,,1254,4,,0,52,,1206,0,9 1 10,0,15,,1246,4,,0,15,,1253,4,,0,3,,1260,4,,0,16,,1230,4,,0
5104,'ba06086d-4548-42cd-b016-2de359d3cea0',553,,1316,0,9 1 10,0,60,,1305,0,9 1 10,0,13,,1328,0,9 1 10,0,13,,1335,0,9 1 10,0,15,,1298,0,9 1 10,0,54,,1308,0,9 1 10,0,23,,1323,0,9 1 10,0,12,,1345,0,9 1 10,0,57,,1287,0,9 1 10,0,17,,1326,0,9 1 10,0,15,,1318,0,9 1 10,0,18,,1331,0,9 1 10,0,55,,1276,0,9 1 10,0,13,,1301,0,9 1 10,0,14,,1348,0,9 1 10,0,19,,1291,0,9 1 10,0,57,,1315,0,9 1 10,0,15,,1294,0,9 1 10,0,18,,1329,0,9 1 10,0,15,,1346,0,9 1 10,0,55,,1325,0,9 1 10,0,15,,1343,0,9 1 10,0,15,,1339,0,9 1 10,0,18,,1307,0,9 1 10,0,55,,1320,0,9 1 10,0,15,,1317,0,9 1 10,0,15,,1324,0,9 1 10,0,60,,1333,0,9 1 10,0,20,,1337,0,9 1 10,0,15,,1286,4,,0,18,,1279,0,9 1 10,0,61,,1289,4,,0,15,,1281,4,,0,15,,1302,0,9 1 10,0,60,,1330,0,9 1 10,0,19,,1304,0,9 1 10,0,17,,1280,0,9 1 10,0,57,,1284,0,9 1 10,0,21,,1283,0,9 1 10,0,15,,1275,0,9 1 10,0,15,,1341,0,9 1 10,0,58,,1303,0,9 1 10,0,18,,1299,0,9 1 10,0,18,,1278,0,9 1 10,0,58,,1347,0,9 1 10,0,20,,1290,0,9 1 10,0,17,,1288,0,9 1 10,0,15,,1319,0,9 1 10,0,50,,1313,0,9 1 10,0,18,,1340,0,9 1 10,0,18,,1282,0,9 1 10,0,58,,1338,0,9 1 10,0,18,,1314,0,9 1 10,0,18,,1293,0,9 1 10,0,18,,1297,0,9 1 10,0,50,,1300,0,9 1 10,0,15,,1336,0,9 1 10,0,15,,1344,0,9 1 10,0,15,,1296,0,9 1 10,0,52,,1292,0,9 1 10,0,17,,1327,0,9 1 10,0,18,,1312,0,9 1 10,0,13,,1277,4,,0,52,,1321,0,9 1 10,0,15,,1310,4,,0,15,,1306,4,,0,3,,1332,4,,0,16,,1322,4,,0
5104,'be8bf329-48c0-4387-bcac-4bc2f3c23bb8',750,,1366,0,9 1 10,0,75,,1364,0,9 1 10,0,75,,1359,0,9 1 10,0,35,,1349,0,9 1 10,0,75,,1358,0,9 1 10,0,35,,1362,0,9 1 10,0,75,,1350,0,9 1 10,0,35,,1353,0,9 1 10,0,75,,1351,0,9 1 10,0,75,,1354,0,9 1 10,0,35,,1360,0,9 1 10,0,75,,1355,0,9 1 10,0,35,,1352,0,9 1 10,0,75,,1365,0,9 1 10,0,75,,1363,0,9 1 10,0,35,,1361,0,9 1 10,0,75,,1367,0,9 1 10,0,35,,1356,4,,0
5104,'caf85986-9e94-44c6-8066-5897e84e46de',908,,1372,0,9 1 10,0,19,,1382,0,9 1 10,0,18,,1394,0,9 1 10,0,60,,1368,0,9 1 10,0,11,,1384,0,9 1 10,0,31,,1393,0,9 1 10,0,60,,1381,0,9 1 10,0,18,,1380,0,9 1 10,0,18,,1386,0,9 1 10,0,58,,1374,0,9 1 10,0,18,,1397,0,9 1 10,0,20,,1395,0,9 1 10,0,18,,1378,0,9 1 10,0,58,,1388,0,9 1 10,0,18,,1399,0,9 1 10,0,18,,1375,0,9 1 10,0,58,,1398,0,9 1 10,0,22,,1373,0,9 1 10,0,18,,1396,0,9 1 10,0,58,,1387,0,9 1 10,0,18,,1383,0,9 1 10,0,18,,1369,0,9 1 10,0,58,,1371,0,9 1 10,0,20,,1376,0,9 1 10,0,20,,1391,0,9 1 10,0,59,,1392,0,9 1 10,0,18,,1379,0,9 1 10,0,18,,1390,0,9 1 10,0,18,,1370,0,9 1 10,0,48,,1377,0,9 1 10,0,21,,1385,4,,0,19,,1389,4,,0
6200,'0d5c96b9-c5c7-4e47-bc8d-f774254a7580',610,,1868,,,0,35,,1868,4,,0,75,,1858,4,,0,35,,1846,,,0,75,,1846,4,,0,75,,1859,,,0,35,,1859,4,,0,75,,1870,,,0,35,,1870,4,,0,75,,1850,,,0,75,,1849,,,0,35,,1862,,,0,75,,1862,4,,0,35,,1866,,,0,75,,1866,4,,0,5,,1848,,,0,75,,1855,,,0,40,,1860,,,0,80,,1872,,,0,80,,1872,4,,0,40,,1856,,,0,80,,1871,,,0,80,,1871,4,,0,35,,1873,,,0,75,,1865,,,0,35,,1865,4,,0,75,,1861,,,0,35,,1861,4,,0,75,,1874,,,0,75,,1867,,,0,35,,1867,4,,0
6200,'254bf088-27c5-409f-95e0-aded341d1ed8',1010,,1878,,,0,35,,1886,,,0,75,,1886,4,,0,35,,1879,,,0,75,,1879,4,,0,75,,1882,,,0,35,,1882,4,,0,75,,1877,4,,0,35,,1881,,,0,75,,1881,4,,0,75,,1884,,,0,35,,1876,,,0,75,,1876,4,,0,35,,1875,,,0,75,,1875,4,,0,35,,1887,4,,0
6200,'48a5c06b-7eda-467f-bced-b2025728d81d',610,,1914,,,0,35,,1895,,,0,75,,1895,4,,0,35,,1912,,,0,75,,1907,,,0,75,,1907,4,,0,35,,1910,4,,0,75,,1916,,,0,35,,1916,4,,0,75,,1894,,,0,75,,1901,,,0,35,,1901,4,,0,75,,1917,,,0,35,,1917,4,,0,75,,1904,4,,0,5,,1893,,,0,75,,1900,,,0,40,,1900,4,,0,80,,1915,4,,0,80,,1891,4,,0,40,,1890,,,0,80,,1890,4,,0,80,,1909,,,0,35,,1909,4,,0,75,,1892,4,,0,35,,1902,,,0,75,,1902,4,,0,35,,1896,,,0,75,,1911,,,0,75,,1905,,,0,35,,1905,4,,0
6200,'5ea3716a-5a4b-434c-a8f4-f427803388f2',610,,1927,,,0,35,,1927,4,,0,75,,1929,,,0,35,,1929,4,,0,75,,1946,,,0,75,,1945,,,0,35,,1945,4,,0,75,,1943,,,0,35,,1921,,,0,75,,1934,,,0,75,,1934,4,,0,35,,1944,4,,0,75,,1931,,,0,35,,1939,,,0,75,,1939,4,,0,5,,1920,,,0,75,,1920,4,,0,40,,1922,4,,0,80,,1928,,,0,80,,1928,4,,0,40,,1947,,,0,80,,1947,4,,0,80,,1933,4,,0,35,,1935,,,0,75,,1942,,,0,35,,1942,4,,0,75,,1923,4,,0,35,,1925,,,0,75,,1925,4,,0,75,,1936,4,,0,35,,1926,4,,0
6200,'868bc121-fb0c-4383-9699-388451a790cf',610,,1971,,,0,35,,1971,4,,0,75,,1968,4,,0,35,,1970,,,0,75,,1970,4,,0,75,,1976,,,0,35,,1976,4,,0,75,,1955,,,0,35,,1955,4,,0,75,,1951,,,0,75,,1949,,,0,35,,1949,4,,0,75,,1967,4,,0,35,,1953,,,0,75,,1953,4,,0,5,,1960,,,0,75,,1972,,,0,40,,1948,,,0,80,,1965,,,0,80,,1965,4,,0,40,,1974,,,0,80,,1974,4,,0,80,,1954,4,,0,35,,1966,,,0,75,,1959,,,0,35,,1959,4,,0,75,,1961,,,0,35,,1961,4,,0,75,,1962,,,0,75,,1969,,,0,35,,1969,4,,0
6200,'9289a134-101b-4987-b6e8-c4ce4a2015fb',610,,1979,,,0,35,,1985,,,0,75,,1985,4,,0,35,,1978,,,0,75,,1978,4,,0,75,,1987,,,0,35,,1983,,,0,75,,1983,4,,0,35,,1989,,,0,75,,2002,,,0,75,,1997,,,0,35,,1997,4,,0,75,,2005,4,,0,35,,2001,,,0,75,,2001,4,,0,5,,1980,,,0,75,,2000,,,0,40,,2000,4,,0,80,,1991,,,0,80,,1991,4,,0,40,,1981,,,0,80,,1981,4,,0,80,,1988,4,,0,35,,1986,,,0,75,,1986,4,,0,35,,1982,,,0,75,,1982,4,,0,35,,1998,4,,0,75,,1990,,,0,75,,1999,,,0,35,,1999,4,,0
6200,'ba06086d-4548-42cd-b016-2de359d3cea0',610,,2021,,,0,35,,2018,,,0,75,,2024,,,0,35,,2024,4,,0,75,,2028,4,,0,75,,2030,,,0,35,,2030,4,,0,75,,2027,,,0,35,,2016,,,0,75,,2016,4,,0,75,,2034,,,0,35,,2007,,,0,75,,2007,4,,0,35,,2006,,,0,75,,2006,4,,0,5,,2031,,,0,75,,2031,4,,0,40,,2011,,,0,80,,2011,4,,0,80,,2025,4,,0,40,,2033,,,0,80,,2033,4,,0,80,,2026,4,,0,35,,2008,,,0,75,,2008,4,,0,35,,2020,,,0,75,,2020,4,,0,35,,2015,4,,0,75,,2009,,,0,75,,2029,,,0,35,,2029,4,,0
6200,'be8bf329-48c0-4387-bcac-4bc2f3c23bb8',745,,2045,,,0,75,,2045,4,,0,35,,2051,,,0,75,,2040,,,0,75,,2037,,,0,35,,2041,,,0,75,,2041,4,,0,35,,2048,,,0,75,,2047,,,0,75,,2039,,,0,35,,2039,4,,0,75,,2042,,,0,35,,2042,4,,0,75,,2046,4,,0,35,,2036,4,,0,75,,2049,4,,0,75,,2035,,,0,35,,2035,4,,0
6200,'caf85986-9e94-44c6-8066-5897e84e46de',1015,,2057,,,0,35,,2057,4,,0,75,,2052,,,0,75,,2052,4,,0,35,,2064,4,,0,75,,2058,4,,0,35,,2062,,,0,75,,2065,,,0,35,,2065,4,,0,75,,2053,,,0,75,,2053,4,,0,35,,2059,,,0,75,,2059,4,,0,35,,2056,,,0,75,,2056,4,,0
6500,'0d5c96b9-c5c7-4e47-bc8d-f774254a7580',645,,2518,,,0,70,,2518,4,,0,5,,2513,,,0,36,,2513,4,,0,76,,2521,,,0,79,,2521,4,,0,4,,2517,,,0,30,,2514,,,0,70,,2514,4,,0,30,,2509,,,0,70,,2509,4,,0,30,,2532,,,0,70,,2523,,,0,30,,2523,4,,0,70,,2511,,,0,30,,2511,4,,0,70,,2524,4,,0,30,,2531,,,0,70,,2531,4,,0,30,,2535,,,0,80,,2535,4,,0,80,,2525,,,0,40,,2525,4,,0,70,,2528,,,0,30,,2527,,,0,70,,2527,4,,0,30,,2526,,,0,70,,2526,4,,0,30,,2529,,,0,70,,2520,,,0,30,,2520,4,,0
6500,'48a5c06b-7eda-467f-bced-b2025728d81d',645,,2552,,,0,70,,2552,4,,0,5,,2562,,,0,36,,2562,4,,0,76,,2548,,,0,79,,2548,4,,0,4,,2553,,,0,30,,2543,,,0,70,,2543,4,,0,30,,2557,4,,0,70,,2559,,,0,30,,2559,4,,0,70,,2540,,,0,30,,2540,4,,0,70,,2551,,,0,30,,2551,4,,0,70,,2545,,,0,30,,2556,,,0,70,,2556,4,,0,30,,2541,,,0,80,,2541,4,,0,80,,2563,4,,0,40,,2555,,,0,70,,2550,,,0,30,,2537,,,0,70,,2560,,,0,30,,2560,4,,0,70,,2536,4,,0,30,,2558,,,0,70,,2558,4,,0,30,,2547,4,,0
6500,'5ea3716a-5a4b-434c-a8f4-f427803388f2',645,,2579,,,0,70,,2579,4,,0,5,,2568,,,0,36,,2573,,,0,76,,2573,4,,0,79,,2572,4,,0,4,,2578,,,0,30,,2578,4,,0,70,,2588,,,0,30,,2588,4,,0,70,,2587,4,,0,30,,2570,,,0,70,,2570,4,,0,30,,2577,4,,0,70,,2582,,,0,30,,2582,4,,0,70,,2580,4,,0,30,,2591,,,0,70,,2584,,,0,30,,2583,,,0,80,,2590,,,0,80,,2590,4,,0,40,,2585,4,,0,70,,2571,,,0,30,,2571,4,,0,70,,2565,4,,0,30,,2581,,,0,70,,2581,4,,0,30,,2575,4,,0,70,,2566,,,0,30,,2566,4,,0
6500,'868bc121-fb0c-4383-9699-388451a790cf',645,,2593,,,0,70,,2593,4,,0,5,,2610,,,0,36,,2610,4,,0,76,,2606,4,,0,79,,2596,4,,0,4,,2608,,,0,30,,2605,,,0,70,,2605,4,,0,30,,2617,,,0,70,,2617,4,,0,30,,2595,,,0,70,,2595,4,,0,30,,2600,,,0,70,,2597,,,0,30,,2597,4,,0,70,,2612,4,,0,30,,2615,,,0,70,,2615,4,,0,30,,2594,4,,0,80,,2602,,,0,80,,2602,4,,0,40,,2618,,,0,70,,2618,4,,0,30,,2609,,,0,70,,2609,4,,0,30,,2613,,,0,70,,2616,,,0,30,,2616,4,,0,70,,2599,4,,0,30,,2598,4,,0
6500,'9289a134-101b-4987-b6e8-c4ce4a2015fb',645,,2632,,,0,70,,2632,4,,0,5,,2628,,,0,36,,2628,4,,0,76,,2624,,,0,79,,2624,4,,0,4,,2634,,,0,30,,2634,4,,0,70,,2643,4,,0,30,,2647,,,0,70,,2647,4,,0,30,,2635,,,0,70,,2635,4,,0,30,,2620,4,,0,70,,2621,,,0,30,,2621,4,,0,70,,2638,,,0,30,,2626,,,0,70,,2627,,,0,30,,2640,,,0,80,,2631,,,0,80,,2631,4,,0,40,,2636,4,,0,70,,2637,,,0,30,,2639,,,0,70,,2639,4,,0,30,,2644,,,0,70,,2644,4,,0,30,,2646,,,0,70,,2646,4,,0,30,,2623,4,,0
6500,'ba06086d-4548-42cd-b016-2de359d3cea0',645,,2671,,,0,70,,2671,4,,0,5,,2649,,,0,36,,2653,,,0,76,,2653,4,,0,79,,2664,4,,0,4,,2656,,,0,30,,2656,4,,0,70,,2666,,,0,30,,2666,4,,0,70,,2661,4,,0,30,,2669,,,0,70,,2669,4,,0,30,,2650,,,0,70,,2667,,,0,30,,2667,4,,0,70,,2652,,,0,30,,2659,,,0,70,,2659,4,,0,30,,2660,,,0,80,,2672,,,0,80,,2663,,,0,40,,2663,4,,0,70,,2673,,,0,30,,2657,,,0,70,,2657,4,,0,30,,2648,,,0,70,,2648,4,,0,30,,2665,,,0,70,,2665,4,,0,30,,2658,4,,0
6500,'caf85986-9e94-44c6-8066-5897e84e46de',1015,,2680,,,0,30,,2680,4,,0,70,,2684,,,0,30,,2684,4,,0,70,,2682,,,0,30,,2682,4,,0,70,,2688,4,,0,30,,2677,,,0,70,,2681,,,0,30,,2686,,,0,70,,2686,4,,0,30,,2689,4,,0,70,,2683,,,0,30,,2690,,,0,70,,2690,4,,0,30,,2676,,,0,70,,2676,4,,0
