6100,'3cbacc5c-479f-4e46-92a9-193ce5972e98',556,,15974,119,,,0,75,,15963,119,,,0,75,,15978,119,,,0,16,,15983,119,,,0,21,,15989,119,,,0,62,,15986,119,,,0,20,,15988,119,,,0,20,,15957,119,,,0,60,,15959,119,,,0,18,,15984,119,,,0,21,,15966,119,,,0,80,,15981,119,,,0,80,,15956,119,,,0,40,,15954,119,,,0,80,,15982,119,,,0,80,,15993,119,,,0,20,,15955,119,,,0,25,,15990,119,,,0,60,,15962,119,,,0,24,,15979,119,,,0,20,,15973,119,,,0,65,,15987,119,,,0,20,,15972,119,,,0,65,,15971,119,,,0,20,,15980,119,,,0,25,,15964,119,,,0,60,,15969,119,,,0,25,,15977,119,,,0,20,,15994,119,,,0,63,,15953,119,,,0,20,,15985,119,,,0,20,,15975,119,,,0,60,,15976,119,,,0,16,,15961,119,,,0,20,,15965,119,,,0,55,,15970,119,,,0,35,,15967,119,,,0,78,,15991,119,,,0,32,,15968,119,,,0,75,,15992,119,,,0,75,,15960,119,,,0,32,,15958,119,,,0
6100,'5d8e1f33-b15a-4d6c-bc08-744b1977a096',556,,16031,119,,,0,75,,16022,119,,,0,75,,15998,119,,,0,16,,16005,119,,,0,21,,16018,119,,,0,62,,15999,119,,,0,20,,16028,119,,,0,20,,16036,119,,,0,60,,16020,119,,,0,18,,16016,119,,,0,21,,16002,119,,,0,80,,16007,119,,,0,80,,16012,119,,,0,40,,16024,119,,,0,80,,16006,119,,,0,80,,16025,119,,,0,20,,16033,119,,,0,25,,15997,119,,,0,60,,16017,119,,,0,24,,16027,119,,,0,20,,16015,119,,,0,65,,16000,119,,,0,20,,16030,119,,,0,65,,16001,119,,,0,20,,16014,119,,,0,25,,16035,119,,,0,60,,16003,119,,,0,25,,16011,119,,,0,20,,15995,119,,,0,63,,16009,119,,,0,20,,16032,119,,,0,20,,16034,119,,,0,60,,16004,119,,,0,16,,16023,119,,,0,20,,16021,119,,,0,55,,16010,119,,,0,35,,16013,119,,,0,78,,16008,119,,,0,32,,16029,119,,,0,75,,15996,119,,,0,75,,16026,119,,,0,32,,16019,119,,,0
6100,'603637be-3b89-4de4-a225-ae420419f9d6',952,,16045,119,,,0,82,,16042,119,,,0,80,,16048,119,,,0,40,,16038,119,,,0,80,,16047,119,,,0,80,,16037,119,,,0,40,,16046,119,,,0,80,,16043,119,,,0,80,,16039,119,,,0,40,,16041,119,,,0,80,,16040,119,,,0,80,,16049,119,,,0,38,,16044,122,,,0
6100,'7c54d383-1c64-4a24-b06c-a04764f3562f',556,,16077,119,,,0,75,,16072,119,,,0,75,,16078,119,,,0,16,,16071,119,,,0,21,,16064,119,,,0,62,,16059,119,,,0,20,,16061,119,,,0,20,,16069,119,,,0,60,,16068,119,,,0,18,,16057,119,,,0,21,,16052,119,,,0,80,,16089,119,,,0,80,,16084,119,,,0,40,,16086,119,,,0,80,,16087,119,,,0,80,,16053,119,,,0,20,,16050,119,,,0,25,,16079,119,,,0,60,,16074,119,,,0,24,,16075,119,,,0,20,,16063,119,,,0,65,,16091,119,,,0,20,,16054,119,,,0,65,,16066,119,,,0,20,,16085,119,,,0,25,,16058,119,,,0,60,,16051,119,,,0,25,,16076,119,,,0,20,,16062,119,,,0,63,,16083,119,,,0,20,,16081,119,,,0,20,,16060,119,,,0,60,,16067,119,,,0,16,,16088,119,,,0,20,,16056,119,,,0,55,,16080,119,,,0,35,,16070,119,,,0,78,,16090,119,,,0,32,,16055,119,,,0,75,,16065,119,,,0,75,,16073,119,,,0,32,,16082,119,,,0
6100,'8406d080-6e75-4486-a00b-1c9c8d02b55f',556,,16121,119,,,0,75,,16103,119,,,0,75,,16116,119,,,0,16,,16118,119,,,0,21,,16107,119,,,0,62,,16111,119,,,0,20,,16128,119,,,0,20,,16098,119,,,0,60,,16117,119,,,0,18,,16092,119,,,0,21,,16120,119,,,0,80,,16097,119,,,0,80,,16122,119,,,0,40,,16095,119,,,0,80,,16106,119,,,0,80,,16132,119,,,0,20,,16127,119,,,0,25,,16119,119,,,0,60,,16130,119,,,0,24,,16129,119,,,0,20,,16096,119,,,0,65,,16093,119,,,0,20,,16126,119,,,0,65,,16131,119,,,0,20,,16125,119,,,0,25,,16094,119,,,0,60,,16124,119,,,0,25,,16100,119,,,0,20,,16102,119,,,0,63,,16115,119,,,0,20,,16114,119,,,0,20,,16108,119,,,0,60,,16133,119,,,0,16,,16123,119,,,0,20,,16112,119,,,0,55,,16110,119,,,0,35,,16099,119,,,0,78,,16104,119,,,0,32,,16105,119,,,0,75,,16113,119,,,0,75,,16101,119,,,0,32,,16109,119,,,0
6100,'d66d6429-e89f-4376-937c-b6bd14f92a3b',556,,16139,119,,,0,75,,16152,119,,,0,75,,16140,119,,,0,16,,16167,119,,,0,21,,16141,119,,,0,62,,16135,119,,,0,20,,16137,119,,,0,20,,16144,119,,,0,60,,16136,119,,,0,18,,16164,119,,,0,21,,16145,119,,,0,80,,16157,119,,,0,80,,16151,119,,,0,40,,16170,119,,,0,80,,16155,119,,,0,80,,16147,119,,,0,20,,16159,119,,,0,25,,16142,119,,,0,60,,16146,119,,,0,24,,16156,119,,,0,20,,16143,119,,,0,65,,16163,119,,,0,20,,16153,119,,,0,65,,16168,119,,,0,20,,16165,119,,,0,25,,16169,119,,,0,60,,16161,119,,,0,25,,16172,119,,,0,20,,16160,119,,,0,63,,16166,119,,,0,20,,16148,119,,,0,20,,16173,119,,,0,60,,16162,119,,,0,16,,16134,119,,,0,20,,16149,119,,,0,55,,16171,119,,,0,35,,16175,119,,,0,78,,16174,119,,,0,32,,16138,119,,,0,75,,16158,119,,,0,75,,16154,119,,,0,32,,16150,119,,,0
6100,'d696856f-d252-4a8b-bd9f-2960bd70f042',632,,16182,119,,,0,92,,16180,119,,,0,80,,16189,119,,,0,40,,16198,119,,,0,80,,16193,119,,,0,80,,16177,119,,,0,40,,16179,119,,,0,82,,16196,119,,,0,85,,16183,119,,,0,45,,16181,119,,,0,85,,16176,119,,,0,85,,16187,119,,,0,85,,16192,119,,,0,45,,16199,119,,,0,85,,16194,119,,,0,85,,16190,119,,,0,85,,16197,119,,,0,41,,16178,119,,,0,75,,16191,119,,,0,75,,16195,119,,,0,35,,16185,119,,,0,75,,16184,119,,,0,35,,16186,119,,,0,73,,16188,122,,,0
6600,'3cbacc5c-479f-4e46-92a9-193ce5972e98',715,,16993,217,,,0,110,,16985,217,,,0,130,,16982,217,,,0,149,,16984,217,,,0,111,,16987,217,,,0,114,,16990,274,0,8,0,111,,16983,217,,,0,110,,16986,217,,,0,150,,16988,217,,,0,110,,16991,217,,,0,114,,16989,274,0,8,0,105,,16992,217,,,0
6600,'5d8e1f33-b15a-4d6c-bc08-744b1977a096',715,,17001,217,,,0,110,,16997,217,,,0,130,,17003,217,,,0,149,,17004,217,,,0,111,,17002,217,,,0,114,,16994,274,0,8,0,111,,16999,217,,,0,110,,17000,217,,,0,150,,17005,217,,,0,110,,16996,217,,,0,114,,16998,274,0,8,0,105,,16995,217,,,0
6600,'603637be-3b89-4de4-a225-ae420419f9d6',1115,,17009,217,,,0,200,,17006,217,,,0,200,,17008,217,,,0,200,,17007,217,,,0
6600,'7c54d383-1c64-4a24-b06c-a04764f3562f',715,,17017,217,,,0,110,,17021,217,,,0,130,,17018,217,,,0,149,,17020,217,,,0,111,,17013,217,,,0,114,,17012,274,0,8,0,111,,17011,217,,,0,110,,17015,217,,,0,150,,17010,217,,,0,110,,17016,217,,,0,114,,17014,274,0,8,0,105,,17019,217,,,0
6600,'8406d080-6e75-4486-a00b-1c9c8d02b55f',715,,17030,217,,,0,110,,17032,217,,,0,130,,17026,217,,,0,149,,17023,217,,,0,111,,17028,217,,,0,114,,17027,274,0,8,0,111,,17029,217,,,0,110,,17022,217,,,0,150,,17025,217,,,0,110,,17024,217,,,0,114,,17031,274,0,8,0,105,,17033,217,,,0
6600,'d66d6429-e89f-4376-937c-b6bd14f92a3b',715,,17037,217,,,0,110,,17041,217,,,0,130,,17038,217,,,0,149,,17040,217,,,0,111,,17034,217,,,0,114,,17036,274,0,8,0,111,,17045,217,,,0,110,,17044,217,,,0,150,,17035,217,,,0,110,,17043,217,,,0,114,,17039,274,0,8,0,105,,17042,217,,,0
6600,'d696856f-d252-4a8b-bd9f-2960bd70f042',715,,17050,217,,,0,100,,17049,217,,,0,800,,17048,217,,,0,100,,17046,217,,,0,100,,17047,217,,,0
