1600,'3cbacc5c-479f-4e46-92a9-193ce5972e98',645,,14440,3,,,0,70,,14424,3,,,0,35,,14446,3,,,0,75,,14426,3,,,0,30,,14425,3,,,0,70,,14445,3,,,0,30,,14435,3,,,0,70,,14449,3,,,0,30,,14432,3,,,0,70,,14428,3,,,0,30,,14436,3,,,0,80,,14430,3,,,0,75,,14431,3,,,0,35,,14439,3,,,0,75,,14423,3,,,0,35,,14437,3,,,0,75,,14434,3,,,0,75,,14441,3,,,0,40,,14438,3,,,0,80,,14444,3,,,0,80,,14447,3,,,0,30,,14433,3,,,0,70,,14442,3,,,0,30,,14429,3,,,0,70,,14448,3,,,0,30,,14427,3,,,0,70,,14443,3,,,0
1600,'5d8e1f33-b15a-4d6c-bc08-744b1977a096',645,,14474,3,,,0,70,,14461,3,,,0,35,,14453,3,,,0,75,,14470,3,,,0,30,,14456,3,,,0,70,,14450,3,,,0,30,,14475,3,,,0,70,,14471,3,,,0,30,,14462,3,,,0,70,,14454,3,,,0,30,,14468,3,,,0,80,,14458,3,,,0,75,,14466,3,,,0,35,,14457,3,,,0,75,,14467,3,,,0,35,,14463,3,,,0,75,,14451,3,,,0,75,,14476,3,,,0,40,,14473,3,,,0,80,,14465,3,,,0,80,,14459,3,,,0,30,,14469,3,,,0,70,,14472,3,,,0,30,,14464,3,,,0,70,,14455,3,,,0,30,,14452,3,,,0,70,,14460,3,,,0
1600,'603637be-3b89-4de4-a225-ae420419f9d6',1020,,14479,3,,,0,35,,14485,3,,,0,75,,14481,3,,,0,75,,14486,3,,,0,35,,14483,3,,,0,75,,14480,3,,,0,35,,14477,3,,,0,75,,14488,3,,,0,75,,14478,3,,,0,35,,14482,3,,,0,75,,14484,3,,,0,35,,14489,3,,,0,75,,14487,3,,,0
1600,'7c54d383-1c64-4a24-b06c-a04764f3562f',645,,14515,3,,,0,70,,14491,3,,,0,35,,14514,3,,,0,75,,14508,3,,,0,30,,14499,3,,,0,70,,14505,3,,,0,30,,14504,3,,,0,70,,14516,3,,,0,30,,14500,3,,,0,70,,14501,3,,,0,30,,14497,3,,,0,80,,14502,3,,,0,75,,14496,3,,,0,35,,14495,3,,,0,75,,14490,3,,,0,35,,14498,3,,,0,75,,14513,3,,,0,75,,14507,3,,,0,40,,14511,3,,,0,80,,14509,3,,,0,80,,14510,3,,,0,30,,14494,3,,,0,70,,14492,3,,,0,30,,14512,3,,,0,70,,14493,3,,,0,30,,14503,3,,,0,70,,14506,3,,,0
1600,'8406d080-6e75-4486-a00b-1c9c8d02b55f',645,,14543,3,,,0,70,,14535,3,,,0,35,,14517,3,,,0,75,,14523,3,,,0,30,,14528,3,,,0,70,,14532,3,,,0,30,,14540,3,,,0,70,,14542,3,,,0,30,,14538,3,,,0,70,,14534,3,,,0,30,,14522,3,,,0,80,,14537,3,,,0,75,,14519,3,,,0,35,,14527,3,,,0,75,,14536,3,,,0,35,,14541,3,,,0,75,,14539,3,,,0,75,,14531,3,,,0,40,,14521,3,,,0,80,,14526,3,,,0,80,,14529,3,,,0,30,,14518,3,,,0,70,,14525,3,,,0,30,,14530,3,,,0,70,,14533,3,,,0,30,,14520,3,,,0,70,,14524,3,,,0
1600,'d66d6429-e89f-4376-937c-b6bd14f92a3b',645,,14557,3,,,0,70,,14550,3,,,0,35,,14559,3,,,0,75,,14561,3,,,0,30,,14546,3,,,0,70,,14548,3,,,0,30,,14547,3,,,0,70,,14545,3,,,0,30,,14544,3,,,0,70,,14558,3,,,0,30,,14567,3,,,0,80,,14551,3,,,0,75,,14552,3,,,0,35,,14553,3,,,0,75,,14549,3,,,0,35,,14565,3,,,0,75,,14569,3,,,0,75,,14554,3,,,0,40,,14568,3,,,0,80,,14556,3,,,0,80,,14562,3,,,0,30,,14560,3,,,0,70,,14566,3,,,0,30,,14570,3,,,0,70,,14555,3,,,0,30,,14563,3,,,0,70,,14564,3,,,0
1600,'d696856f-d252-4a8b-bd9f-2960bd70f042',1130,,14572,3,,,0,75,,14574,3,,,0,35,,14581,3,,,0,75,,14575,3,,,0,35,,14579,3,,,0,75,,14582,3,,,0,75,,14580,3,,,0,35,,14583,3,,,0,75,,14573,3,,,0,35,,14576,3,,,0,75,,14571,3,,,0,35,,14577,3,,,0,75,,14578,3,,,0
5000,'3cbacc5c-479f-4e46-92a9-193ce5972e98',638,,14593,5,,,0,64,,14587,5,,,0,26,,14586,5,,,0,26,,14592,5,,,0,66,,14616,5,,,0,26,,14585,5,,,0,66,,14607,5,,,0,26,,14613,5,,,0,66,,14600,4,,,0,26,,14603,5,,,0,28,,14589,5,,,0,87,,14588,5,,,0,73,,14612,5,,,0,84,,14611,5,,,0,34,,14599,5,,,0,68,,14614,5,,,0,25,,14601,5,,,0,29,,14597,5,,,0,67,,14594,5,,,0,27,,14596,5,,,0,67,,14605,5,,,0,34,,14590,5,,,0,72,,14618,5,,,0,27,,14606,5,,,0,74,,14609,5,,,0,24,,14602,5,,,0,64,,14608,5,,,0,26,,14610,4,,,0,67,,14598,5,,,0,23,,14619,5,,,0,90,,14591,5,,,0,23,,14617,4,,,0,90,,14595,4,,,0
5000,'5d8e1f33-b15a-4d6c-bc08-744b1977a096',638,,14643,5,,,0,64,,14635,5,,,0,26,,14649,5,,,0,26,,14651,5,,,0,66,,14646,5,,,0,26,,14627,5,,,0,66,,14654,5,,,0,26,,14655,5,,,0,66,,14623,4,,,0,26,,14650,5,,,0,28,,14631,5,,,0,87,,14621,5,,,0,73,,14644,5,,,0,84,,14629,5,,,0,34,,14636,5,,,0,68,,14630,5,,,0,25,,14624,5,,,0,29,,14652,5,,,0,67,,14647,5,,,0,27,,14620,5,,,0,67,,14626,5,,,0,34,,14641,5,,,0,72,,14653,5,,,0,27,,14645,5,,,0,74,,14640,5,,,0,24,,14622,5,,,0,64,,14642,5,,,0,26,,14638,4,,,0,67,,14639,5,,,0,23,,14632,5,,,0,90,,14634,5,,,0,23,,14648,4,,,0,90,,14637,4,,,0
5000,'603637be-3b89-4de4-a225-ae420419f9d6',1000,,14667,5,,,0,35,,14659,5,,,0,75,,14666,5,,,0,35,,14661,5,,,0,75,,14657,5,,,0,35,,14673,5,,,0,75,,14662,5,,,0,75,,14664,5,,,0,35,,14670,5,,,0,75,,14656,5,,,0,35,,14665,5,,,0,75,,14672,5,,,0,75,,14669,5,,,0,35,,14668,4,,,0,70,,14658,4,,,0,5,,14663,4,,,0
5000,'7c54d383-1c64-4a24-b06c-a04764f3562f',638,,14696,5,,,0,64,,14707,5,,,0,26,,14709,5,,,0,26,,14706,5,,,0,66,,14692,5,,,0,26,,14687,5,,,0,66,,14695,5,,,0,26,,14685,5,,,0,66,,14680,4,,,0,26,,14704,5,,,0,28,,14699,5,,,0,87,,14683,5,,,0,73,,14686,5,,,0,84,,14703,5,,,0,34,,14694,5,,,0,68,,14679,5,,,0,25,,14689,5,,,0,29,,14690,5,,,0,67,,14674,5,,,0,27,,14688,5,,,0,67,,14682,5,,,0,34,,14677,5,,,0,72,,14684,5,,,0,27,,14681,5,,,0,74,,14675,5,,,0,24,,14676,5,,,0,64,,14698,5,,,0,26,,14693,4,,,0,67,,14708,5,,,0,23,,14702,5,,,0,90,,14700,5,,,0,23,,14705,4,,,0,90,,14697,4,,,0
5000,'8406d080-6e75-4486-a00b-1c9c8d02b55f',638,,14745,5,,,0,64,,14743,5,,,0,26,,14731,5,,,0,26,,14730,5,,,0,66,,14713,5,,,0,26,,14725,5,,,0,66,,14733,5,,,0,26,,14737,5,,,0,66,,14738,4,,,0,26,,14727,5,,,0,28,,14729,5,,,0,87,,14722,5,,,0,73,,14719,5,,,0,84,,14728,5,,,0,34,,14732,5,,,0,68,,14720,5,,,0,25,,14714,5,,,0,29,,14736,5,,,0,67,,14744,5,,,0,27,,14712,5,,,0,67,,14726,5,,,0,34,,14723,5,,,0,72,,14721,5,,,0,27,,14718,5,,,0,74,,14724,5,,,0,24,,14710,5,,,0,64,,14715,5,,,0,26,,14716,4,,,0,67,,14740,5,,,0,23,,14741,5,,,0,90,,14734,5,,,0,23,,14717,4,,,0,90,,14735,4,,,0
5000,'d66d6429-e89f-4376-937c-b6bd14f92a3b',638,,14757,5,,,0,64,,14773,5,,,0,26,,14753,5,,,0,26,,14751,5,,,0,66,,14777,5,,,0,26,,14766,5,,,0,66,,14774,5,,,0,26,,14748,5,,,0,66,,14779,4,,,0,26,,14755,5,,,0,28,,14749,5,,,0,87,,14764,5,,,0,73,,14760,5,,,0,84,,14762,5,,,0,34,,14752,5,,,0,68,,14776,5,,,0,25,,14769,5,,,0,29,,14763,5,,,0,67,,14750,5,,,0,27,,14771,5,,,0,67,,14754,5,,,0,34,,14758,5,,,0,72,,14761,5,,,0,27,,14772,5,,,0,74,,14756,5,,,0,24,,14778,5,,,0,64,,14770,5,,,0,26,,14775,4,,,0,67,,14780,5,,,0,23,,14746,5,,,0,90,,14781,5,,,0,23,,14765,4,,,0,90,,14759,4,,,0
5000,'d696856f-d252-4a8b-bd9f-2960bd70f042',705,,14787,5,,,0,35,,14784,5,,,0,75,,14803,5,,,0,35,,14783,5,,,0,75,,14802,5,,,0,75,,14786,5,,,0,35,,14796,5,,,0,75,,14792,5,,,0,35,,14799,5,,,0,77,,14807,5,,,0,80,,14790,5,,,0,37,,14793,5,,,0,80,,14801,5,,,0,37,,14782,5,,,0,80,,14797,5,,,0,77,,14794,5,,,0,40,,14809,5,,,0,77,,14791,5,,,0,78,,14789,5,,,0,37,,14800,5,,,0,75,,14788,5,,,0,35,,14806,5,,,0,75,,14804,5,,,0,75,,14808,4,,,0,35,,14795,4,,,0
6100,'3cbacc5c-479f-4e46-92a9-193ce5972e98',535,,15974,5,,,0,75,,15963,5,,,0,35,,15978,5,,,0,55,,15983,5,,,0,20,,15989,5,,,0,20,,15986,5,,,0,60,,15988,5,,,0,20,,15957,5,,,0,20,,15959,5,,,0,60,,15984,5,,,0,20,,15966,5,,,0,80,,15981,5,,,0,40,,15956,5,,,0,80,,15954,5,,,0,80,,15982,5,,,0,40,,15993,5,,,0,60,,15955,5,,,0,25,,15990,5,,,0,20,,15962,5,,,0,60,,15979,5,,,0,20,,15973,5,,,0,25,,15987,5,,,0,60,,15972,5,,,0,25,,15971,5,,,0,20,,15980,5,,,0,65,,15964,5,,,0,20,,15969,5,,,0,65,,15977,5,,,0,20,,15994,5,,,0,25,,15953,5,,,0,60,,15985,5,,,0,20,,15975,5,,,0,20,,15976,5,,,0,60,,15961,5,,,0,20,,15965,5,,,0,15,,15970,5,,,0,75,,15967,5,,,0,35,,15991,5,,,0,75,,15968,5,,,0,75,,15992,5,,,0,35,,15960,5,,,0,75,,15958,5,,,0
6100,'5d8e1f33-b15a-4d6c-bc08-744b1977a096',535,,16031,5,,,0,75,,16022,5,,,0,35,,15998,5,,,0,55,,16005,5,,,0,20,,16018,5,,,0,20,,15999,5,,,0,60,,16028,5,,,0,20,,16036,5,,,0,20,,16020,5,,,0,60,,16016,5,,,0,20,,16002,5,,,0,80,,16007,5,,,0,40,,16012,5,,,0,80,,16024,5,,,0,80,,16006,5,,,0,40,,16025,5,,,0,60,,16033,5,,,0,25,,15997,5,,,0,20,,16017,5,,,0,60,,16027,5,,,0,20,,16015,5,,,0,25,,16000,5,,,0,60,,16030,5,,,0,25,,16001,5,,,0,20,,16014,5,,,0,65,,16035,5,,,0,20,,16003,5,,,0,65,,16011,5,,,0,20,,15995,5,,,0,25,,16009,5,,,0,60,,16032,5,,,0,20,,16034,5,,,0,20,,16004,5,,,0,60,,16023,5,,,0,20,,16021,5,,,0,15,,16010,5,,,0,75,,16013,5,,,0,35,,16008,5,,,0,75,,16029,5,,,0,75,,15996,5,,,0,35,,16026,5,,,0,75,,16019,5,,,0
6100,'603637be-3b89-4de4-a225-ae420419f9d6',930,,16045,5,,,0,80,,16042,5,,,0,40,,16048,5,,,0,80,,16038,5,,,0,80,,16047,5,,,0,40,,16037,5,,,0,80,,16046,5,,,0,80,,16043,5,,,0,40,,16039,5,,,0,80,,16041,5,,,0,80,,16040,5,,,0,40,,16049,5,,,0,80,,16044,4,,,0
6100,'7c54d383-1c64-4a24-b06c-a04764f3562f',535,,16077,5,,,0,75,,16072,5,,,0,35,,16078,5,,,0,55,,16071,5,,,0,20,,16064,5,,,0,20,,16059,5,,,0,60,,16061,5,,,0,20,,16069,5,,,0,20,,16068,5,,,0,60,,16057,5,,,0,20,,16052,5,,,0,80,,16089,5,,,0,40,,16084,5,,,0,80,,16086,5,,,0,80,,16087,5,,,0,40,,16053,5,,,0,60,,16050,5,,,0,25,,16079,5,,,0,20,,16074,5,,,0,60,,16075,5,,,0,20,,16063,5,,,0,25,,16091,5,,,0,60,,16054,5,,,0,25,,16066,5,,,0,20,,16085,5,,,0,65,,16058,5,,,0,20,,16051,5,,,0,65,,16076,5,,,0,20,,16062,5,,,0,25,,16083,5,,,0,60,,16081,5,,,0,20,,16060,5,,,0,20,,16067,5,,,0,60,,16088,5,,,0,20,,16056,5,,,0,15,,16080,5,,,0,75,,16070,5,,,0,35,,16090,5,,,0,75,,16055,5,,,0,75,,16065,5,,,0,35,,16073,5,,,0,75,,16082,5,,,0
6100,'8406d080-6e75-4486-a00b-1c9c8d02b55f',535,,16121,5,,,0,75,,16103,5,,,0,35,,16116,5,,,0,55,,16118,5,,,0,20,,16107,5,,,0,20,,16111,5,,,0,60,,16128,5,,,0,20,,16098,5,,,0,20,,16117,5,,,0,60,,16092,5,,,0,20,,16120,5,,,0,80,,16097,5,,,0,40,,16122,5,,,0,80,,16095,5,,,0,80,,16106,5,,,0,40,,16132,5,,,0,60,,16127,5,,,0,25,,16119,5,,,0,20,,16130,5,,,0,60,,16129,5,,,0,20,,16096,5,,,0,25,,16093,5,,,0,60,,16126,5,,,0,25,,16131,5,,,0,20,,16125,5,,,0,65,,16094,5,,,0,20,,16124,5,,,0,65,,16100,5,,,0,20,,16102,5,,,0,25,,16115,5,,,0,60,,16114,5,,,0,20,,16108,5,,,0,20,,16133,5,,,0,60,,16123,5,,,0,20,,16112,5,,,0,15,,16110,5,,,0,75,,16099,5,,,0,35,,16104,5,,,0,75,,16105,5,,,0,75,,16113,5,,,0,35,,16101,5,,,0,75,,16109,5,,,0
6100,'d66d6429-e89f-4376-937c-b6bd14f92a3b',535,,16139,5,,,0,75,,16152,5,,,0,35,,16140,5,,,0,55,,16167,5,,,0,20,,16141,5,,,0,20,,16135,5,,,0,60,,16137,5,,,0,20,,16144,5,,,0,20,,16136,5,,,0,60,,16164,5,,,0,20,,16145,5,,,0,80,,16157,5,,,0,40,,16151,5,,,0,80,,16170,5,,,0,80,,16155,5,,,0,40,,16147,5,,,0,60,,16159,5,,,0,25,,16142,5,,,0,20,,16146,5,,,0,60,,16156,5,,,0,20,,16143,5,,,0,25,,16163,5,,,0,60,,16153,5,,,0,25,,16168,5,,,0,20,,16165,5,,,0,65,,16169,5,,,0,20,,16161,5,,,0,65,,16172,5,,,0,20,,16160,5,,,0,25,,16166,5,,,0,60,,16148,5,,,0,20,,16173,5,,,0,20,,16162,5,,,0,60,,16134,5,,,0,20,,16149,5,,,0,15,,16171,5,,,0,75,,16175,5,,,0,35,,16174,5,,,0,75,,16138,5,,,0,75,,16158,5,,,0,35,,16154,5,,,0,75,,16150,5,,,0
6100,'d696856f-d252-4a8b-bd9f-2960bd70f042',610,,16182,5,,,0,90,,16180,5,,,0,40,,16189,5,,,0,80,,16198,5,,,0,80,,16193,5,,,0,40,,16177,5,,,0,80,,16179,5,,,0,80,,16196,5,,,0,45,,16183,5,,,0,85,,16181,5,,,0,85,,16176,5,,,0,85,,16187,5,,,0,45,,16192,5,,,0,85,,16199,5,,,0,85,,16194,5,,,0,85,,16190,5,,,0,45,,16197,5,,,0,85,,16178,5,,,0,75,,16191,5,,,0,35,,16195,5,,,0,75,,16185,5,,,0,35,,16184,5,,,0,75,,16186,5,,,0,75,,16188,4,,,0
6300,'3cbacc5c-479f-4e46-92a9-193ce5972e98',630,,16394,4,,,0,70,,16401,4,,,0,30,,16395,4,,,0,75,,16389,4,,,0,35,,16388,4,,,0,75,,16412,4,,,0,35,,16390,4,,,0,75,,16399,4,,,0,75,,16404,4,,,0,30,,16414,4,,,0,70,,16392,4,,,0,30,,16410,4,,,0,75,,16398,4,,,0,35,,16397,4,,,0,75,,16407,4,,,0,35,,16405,4,,,0,75,,16391,4,,,0,75,,16408,4,,,0,35,,16411,4,,,0,75,,16403,4,,,0,35,,16396,4,,,0,75,,16400,4,,,0,35,,16406,4,,,0,75,,16409,4,,,0,75,,16393,4,,,0,35,,16402,4,,,0,70,,16413,4,0,5,0
6300,'5d8e1f33-b15a-4d6c-bc08-744b1977a096',630,,16430,4,,,0,70,,16416,4,,,0,30,,16439,4,,,0,75,,16422,4,,,0,35,,16417,4,,,0,75,,16426,4,,,0,35,,16423,4,,,0,75,,16420,4,,,0,75,,16415,4,,,0,30,,16419,4,,,0,70,,16438,4,,,0,30,,16437,4,,,0,75,,16428,4,,,0,35,,16424,4,,,0,75,,16436,4,,,0,35,,16433,4,,,0,75,,16421,4,,,0,75,,16434,4,,,0,35,,16418,4,,,0,75,,16432,4,,,0,35,,16440,4,,,0,75,,16425,4,,,0,35,,16429,4,,,0,75,,16427,4,,,0,75,,16431,4,,,0,35,,16441,4,,,0,70,,16435,4,0,5,0
6300,'603637be-3b89-4de4-a225-ae420419f9d6',930,,16447,4,,,0,75,,16456,4,,,0,35,,16450,4,,,0,75,,16451,4,,,0,35,,16446,4,,,0,75,,16445,4,,,0,75,,16452,4,,,0,35,,16444,4,,,0,75,,16454,4,,,0,35,,16455,4,,,0,75,,16453,4,,,0,35,,16442,4,,,0,75,,16443,4,,,0,75,,16448,4,,,0,35,,16449,4,0,5,0
6300,'7c54d383-1c64-4a24-b06c-a04764f3562f',630,,16462,4,,,0,70,,16467,4,,,0,30,,16476,4,,,0,75,,16482,4,,,0,35,,16465,4,,,0,75,,16469,4,,,0,35,,16463,4,,,0,75,,16460,4,,,0,75,,16481,4,,,0,30,,16483,4,,,0,70,,16468,4,,,0,30,,16479,4,,,0,75,,16464,4,,,0,35,,16466,4,,,0,75,,16472,4,,,0,35,,16461,4,,,0,75,,16470,4,,,0,75,,16478,4,,,0,35,,16475,4,,,0,75,,16477,4,,,0,35,,16473,4,,,0,75,,16457,4,,,0,35,,16480,4,,,0,75,,16458,4,,,0,75,,16474,4,,,0,35,,16471,4,,,0,70,,16459,4,0,5,0
6300,'8406d080-6e75-4486-a00b-1c9c8d02b55f',630,,16510,4,,,0,70,,16502,4,,,0,30,,16487,4,,,0,75,,16490,4,,,0,35,,16495,4,,,0,75,,16509,4,,,0,35,,16505,4,,,0,75,,16498,4,,,0,75,,16485,4,,,0,30,,16491,4,,,0,70,,16493,4,,,0,30,,16486,4,,,0,75,,16500,4,,,0,35,,16497,4,,,0,75,,16488,4,,,0,35,,16507,4,,,0,75,,16501,4,,,0,75,,16506,4,,,0,35,,16503,4,,,0,75,,16489,4,,,0,35,,16492,4,,,0,75,,16496,4,,,0,35,,16499,4,,,0,75,,16494,4,,,0,75,,16504,4,,,0,35,,16508,4,,,0,70,,16484,4,0,5,0
6300,'d66d6429-e89f-4376-937c-b6bd14f92a3b',630,,16518,4,,,0,70,,16525,4,,,0,30,,16536,4,,,0,75,,16523,4,,,0,35,,16535,4,,,0,75,,16511,4,,,0,35,,16519,4,,,0,75,,16521,4,,,0,75,,16533,4,,,0,30,,16526,4,,,0,70,,16512,4,,,0,30,,16530,4,,,0,75,,16514,4,,,0,35,,16528,4,,,0,75,,16513,4,,,0,35,,16522,4,,,0,75,,16524,4,,,0,75,,16534,4,,,0,35,,16537,4,,,0,75,,16520,4,,,0,35,,16527,4,,,0,75,,16529,4,,,0,35,,16532,4,,,0,75,,16531,4,,,0,75,,16515,4,,,0,35,,16517,4,,,0,70,,16516,4,0,5,0
6300,'d696856f-d252-4a8b-bd9f-2960bd70f042',630,,16561,4,,,0,70,,16550,4,,,0,30,,16558,4,,,0,75,,16563,4,,,0,35,,16539,4,,,0,75,,16545,4,,,0,35,,16564,4,,,0,75,,16553,4,,,0,75,,16562,4,,,0,30,,16538,4,,,0,70,,16552,4,,,0,30,,16548,4,,,0,75,,16540,4,,,0,35,,16547,4,,,0,75,,16554,4,,,0,35,,16560,4,,,0,75,,16551,4,,,0,75,,16544,4,,,0,35,,16541,4,,,0,75,,16543,4,,,0,35,,16549,4,,,0,75,,16546,4,,,0,35,,16542,4,,,0,75,,16555,4,,,0,75,,16557,4,,,0,35,,16559,4,,,0,70,,16556,4,0,5,0
