8100,'3cbacc5c-479f-4e46-92a9-193ce5972e98',2134,,17230,30,,,0
8100,'5d8e1f33-b15a-4d6c-bc08-744b1977a096',2134,,17231,30,,,0
8100,'603637be-3b89-4de4-a225-ae420419f9d6',1814,,17237,249,,,0
8100,'7c54d383-1c64-4a24-b06c-a04764f3562f',2134,,17239,30,,,0
8100,'8406d080-6e75-4486-a00b-1c9c8d02b55f',2134,,17240,30,,,0
8100,'d66d6429-e89f-4376-937c-b6bd14f92a3b',2134,,17241,30,,,0
8100,'d696856f-d252-4a8b-bd9f-2960bd70f042',2134,,17247,30,,,0
8200,'603637be-3b89-4de4-a225-ae420419f9d6',1248,,17256,131,,,0
8200,'d696856f-d252-4a8b-bd9f-2960bd70f042',948,,17257,131,,,0,400,,17258,131,,,0
8500,'3cbacc5c-479f-4e46-92a9-193ce5972e98',715,,17260,51,,,0,100,,17262,51,,,0,100,,17269,51,,,0,100,,17272,51,,,0,100,,17267,51,,,0,100,,17265,51,,,0,100,,17264,51,,,0,100,,17274,51,,,0,100,,17259,51,,,0,100,,17263,51,,,0,100,,17268,51,,,0,100,,17266,51,,,0,100,,17270,51,,,0,100,,17273,51,,,0,100,,17261,51,,,0
8500,'5d8e1f33-b15a-4d6c-bc08-744b1977a096',715,,17275,51,,,0,100,,17288,51,,,0,100,,17279,51,,,0,100,,17276,51,,,0,100,,17285,51,,,0,100,,17284,51,,,0,100,,17277,51,,,0,100,,17287,51,,,0,100,,17289,51,,,0,100,,17280,51,,,0,100,,17286,51,,,0,100,,17282,51,,,0,100,,17278,51,,,0,100,,17281,51,,,0,100,,17283,51,,,0
8500,'7c54d383-1c64-4a24-b06c-a04764f3562f',715,,17291,51,,,0,100,,17306,51,,,0,100,,17299,51,,,0,100,,17302,51,,,0,100,,17305,51,,,0,100,,17303,51,,,0,100,,17297,51,,,0,100,,17300,51,,,0,100,,17301,51,,,0,100,,17294,51,,,0,100,,17295,51,,,0,100,,17296,51,,,0,100,,17304,51,,,0,100,,17298,51,,,0,100,,17293,51,,,0
8500,'8406d080-6e75-4486-a00b-1c9c8d02b55f',715,,17321,51,,,0,100,,17322,51,,,0,100,,17319,51,,,0,100,,17309,51,,,0,100,,17308,51,,,0,100,,17312,51,,,0,100,,17307,51,,,0,100,,17314,51,,,0,100,,17310,51,,,0,100,,17315,51,,,0,100,,17311,51,,,0,100,,17317,51,,,0,100,,17316,51,,,0,100,,17313,51,,,0,100,,17320,51,,,0
8500,'d66d6429-e89f-4376-937c-b6bd14f92a3b',715,,17324,51,,,0,100,,17331,51,,,0,100,,17328,51,,,0,100,,17329,51,,,0,100,,17333,51,,,0,100,,17332,51,,,0,100,,17325,51,,,0,100,,17327,51,,,0,100,,17337,51,,,0,100,,17336,51,,,0,100,,17330,51,,,0,100,,17323,51,,,0,100,,17334,51,,,0,100,,17338,51,,,0,100,,17326,51,,,0
