8100,'3cbacc5c-479f-4e46-92a9-193ce5972e98',2154,,17230,171,,,0
8100,'5d8e1f33-b15a-4d6c-bc08-744b1977a096',2154,,17231,171,,,0
8100,'603637be-3b89-4de4-a225-ae420419f9d6',1103,,17232,202,,,0,100,,17234,202,,,0,200,,17236,202,,,0,100,,17235,202,,,0,100,,17238,202,,,0,100,,17233,202,,,0,100,,17237,186,,,0
8100,'7c54d383-1c64-4a24-b06c-a04764f3562f',2154,,17239,171,,,0
8100,'8406d080-6e75-4486-a00b-1c9c8d02b55f',2154,,17240,171,,,0
8100,'d66d6429-e89f-4376-937c-b6bd14f92a3b',2154,,17241,171,,,0
8100,'d696856f-d252-4a8b-bd9f-2960bd70f042',703,,17254,202,,,0,100,,17242,202,,,0,100,,17250,202,,,0,200,,17243,202,,,0,100,,17253,202,,,0,100,,17255,202,,,0,200,,17252,202,,,0,100,,17244,202,,,0,100,,17245,202,,,0,100,,17251,202,,,0,100,,17246,202,,,0,100,,17249,202,,,0,100,,17248,202,,,0,51,,17247,171,,,0
8500,'3cbacc5c-479f-4e46-92a9-193ce5972e98',657,,17271,114,,,0,100,,17260,221,,,0,100,,17262,221,,,0,100,,17269,221,,,0,100,,17272,221,,,0,100,,17267,221,,,0,100,,17265,221,,,0,100,,17264,221,,,0,100,,17274,221,,,0,100,,17259,221,,,0,100,,17263,221,,,0,100,,17268,221,,,0,100,,17266,221,,,0,100,,17270,221,,,0,100,,17273,221,,,0,100,,17261,221,,,0
8500,'5d8e1f33-b15a-4d6c-bc08-744b1977a096',657,,17290,114,,,0,100,,17275,221,,,0,100,,17288,221,,,0,100,,17279,221,,,0,100,,17276,221,,,0,100,,17285,221,,,0,100,,17284,221,,,0,100,,17277,221,,,0,100,,17287,221,,,0,100,,17289,221,,,0,100,,17280,221,,,0,100,,17286,221,,,0,100,,17282,221,,,0,100,,17278,221,,,0,100,,17281,221,,,0,100,,17283,221,,,0
8500,'7c54d383-1c64-4a24-b06c-a04764f3562f',657,,17292,114,,,0,100,,17291,221,,,0,100,,17306,221,,,0,100,,17299,221,,,0,100,,17302,221,,,0,100,,17305,221,,,0,100,,17303,221,,,0,100,,17297,221,,,0,100,,17300,221,,,0,100,,17301,221,,,0,100,,17294,221,,,0,100,,17295,221,,,0,100,,17296,221,,,0,100,,17304,221,,,0,100,,17298,221,,,0,100,,17293,221,,,0
8500,'8406d080-6e75-4486-a00b-1c9c8d02b55f',657,,17318,114,,,0,100,,17321,221,,,0,100,,17322,221,,,0,100,,17319,221,,,0,100,,17309,221,,,0,100,,17308,221,,,0,100,,17312,221,,,0,100,,17307,221,,,0,100,,17314,221,,,0,100,,17310,221,,,0,100,,17315,221,,,0,100,,17311,221,,,0,100,,17317,221,,,0,100,,17316,221,,,0,100,,17313,221,,,0,100,,17320,221,,,0
8500,'d66d6429-e89f-4376-937c-b6bd14f92a3b',657,,17335,114,,,0,100,,17324,221,,,0,100,,17331,221,,,0,100,,17328,221,,,0,100,,17329,221,,,0,100,,17333,221,,,0,100,,17332,221,,,0,100,,17325,221,,,0,100,,17327,221,,,0,100,,17337,221,,,0,100,,17336,221,,,0,100,,17330,221,,,0,100,,17323,221,,,0,100,,17334,221,,,0,100,,17338,221,,,0,100,,17326,221,,,0
