6100,'3b7f0ccc-4b86-44f9-804c-3016d4439aa6',548,,8756,109,,,0,75,,8769,109,,,0,35,,8761,109,,,0,57,,8764,109,,,0,20,,8776,109,,,0,23,,8782,109,,,0,60,,8747,109,,,0,20,,8768,109,,,0,20,,8774,109,,,0,57,,8765,109,,,0,21,,8749,109,,,0,80,,8778,109,,,0,40,,8762,109,,,0,80,,8754,109,,,0,80,,8777,109,,,0,40,,8741,109,,,0,60,,8763,109,,,0,25,,8757,109,,,0,60,,8745,109,,,0,22,,8743,109,,,0,20,,8760,109,,,0,65,,8780,109,,,0,21,,8779,109,,,0,25,,8772,109,,,0,60,,8748,109,,,0,25,,8773,109,,,0,20,,8781,109,,,0,64,,8767,109,,,0,20,,8759,109,,,0,65,,8752,109,,,0,20,,8758,109,,,0,20,,8771,109,,,0,60,,8753,109,,,0,17,,8744,109,,,0,20,,8775,109,,,0,55,,8750,109,,,0,35,,8742,109,,,0,80,,8751,109,,,0,30,,8770,109,,,0,75,,8766,109,,,0,35,,8746,109,,,0,73,,8755,109,,,0
6100,'545fdaed-298a-4873-ae9e-185363247123',942,,8788,109,,,0,83,,8791,109,,,0,80,,8786,109,,,0,40,,8793,109,,,0,80,,8795,109,,,0,80,,8785,109,,,0,40,,8794,109,,,0,80,,8790,109,,,0,80,,8789,109,,,0,40,,8792,109,,,0,80,,8784,109,,,0,80,,8783,109,,,0,40,,8787,112,,,0
6100,'72a07536-7ac5-462d-91fd-4adacd8d70a1',548,,8816,109,,,0,75,,8833,109,,,0,35,,8836,109,,,0,57,,8807,109,,,0,20,,8797,109,,,0,23,,8824,109,,,0,60,,8808,109,,,0,20,,8801,109,,,0,20,,8828,109,,,0,57,,8812,109,,,0,21,,8815,109,,,0,80,,8820,109,,,0,40,,8817,109,,,0,80,,8811,109,,,0,80,,8823,109,,,0,40,,8803,109,,,0,60,,8810,109,,,0,25,,8825,109,,,0,60,,8806,109,,,0,22,,8796,109,,,0,20,,8809,109,,,0,65,,8814,109,,,0,21,,8829,109,,,0,25,,8834,109,,,0,60,,8822,109,,,0,25,,8800,109,,,0,20,,8835,109,,,0,64,,8819,109,,,0,20,,8805,109,,,0,65,,8830,109,,,0,20,,8827,109,,,0,20,,8813,109,,,0,60,,8804,109,,,0,17,,8826,109,,,0,20,,8818,109,,,0,55,,8831,109,,,0,35,,8802,109,,,0,80,,8798,109,,,0,30,,8832,109,,,0,75,,8837,109,,,0,35,,8821,109,,,0,73,,8799,109,,,0
6100,'b5be936f-506a-42fd-8fe9-aa394bb7d40c',548,,8878,109,,,0,75,,8851,109,,,0,35,,8855,109,,,0,57,,8846,109,,,0,20,,8859,109,,,0,23,,8840,109,,,0,60,,8866,109,,,0,20,,8875,109,,,0,20,,8843,109,,,0,57,,8870,109,,,0,21,,8864,109,,,0,80,,8863,109,,,0,40,,8850,109,,,0,80,,8865,109,,,0,80,,8852,109,,,0,40,,8838,109,,,0,60,,8841,109,,,0,25,,8872,109,,,0,60,,8871,109,,,0,22,,8849,109,,,0,20,,8839,109,,,0,65,,8856,109,,,0,21,,8857,109,,,0,25,,8868,109,,,0,60,,8861,109,,,0,25,,8854,109,,,0,20,,8847,109,,,0,64,,8874,109,,,0,20,,8869,109,,,0,65,,8877,109,,,0,20,,8858,109,,,0,20,,8876,109,,,0,60,,8842,109,,,0,17,,8873,109,,,0,20,,8867,109,,,0,55,,8879,109,,,0,35,,8848,109,,,0,80,,8845,109,,,0,30,,8844,109,,,0,75,,8862,109,,,0,35,,8860,109,,,0,73,,8853,109,,,0
6100,'c0258e04-8c49-4a98-8bc9-d3680145007e',548,,8912,109,,,0,75,,8921,109,,,0,35,,8883,109,,,0,57,,8897,109,,,0,20,,8889,109,,,0,23,,8916,109,,,0,60,,8899,109,,,0,20,,8911,109,,,0,20,,8880,109,,,0,57,,8913,109,,,0,21,,8885,109,,,0,80,,8891,109,,,0,40,,8902,109,,,0,80,,8896,109,,,0,80,,8888,109,,,0,40,,8892,109,,,0,60,,8920,109,,,0,25,,8895,109,,,0,60,,8893,109,,,0,22,,8881,109,,,0,20,,8917,109,,,0,65,,8894,109,,,0,21,,8903,109,,,0,25,,8900,109,,,0,60,,8906,109,,,0,25,,8918,109,,,0,20,,8898,109,,,0,64,,8886,109,,,0,20,,8904,109,,,0,65,,8909,109,,,0,20,,8919,109,,,0,20,,8884,109,,,0,60,,8882,109,,,0,17,,8907,109,,,0,20,,8908,109,,,0,55,,8915,109,,,0,35,,8914,109,,,0,80,,8901,109,,,0,30,,8910,109,,,0,75,,8905,109,,,0,35,,8890,109,,,0,73,,8887,109,,,0
6100,'db4ab86b-f5f5-4d9a-8c75-2988ac0b1af4',625,,8934,109,,,0,90,,8936,109,,,0,40,,8923,109,,,0,80,,8945,109,,,0,80,,8926,109,,,0,40,,8930,109,,,0,80,,8928,109,,,0,80,,8932,109,,,0,85,,8929,109,,,0,45,,8925,109,,,0,85,,8924,109,,,0,85,,8927,109,,,0,85,,8937,109,,,0,45,,8943,109,,,0,85,,8944,109,,,0,85,,8940,109,,,0,85,,8933,109,,,0,45,,8941,109,,,0,75,,8942,109,,,0,35,,8935,109,,,0,75,,8931,109,,,0,75,,8939,109,,,0,35,,8938,109,,,0,75,,8922,112,,,0
6100,'fbc81037-9cf3-4a4d-b4aa-43897a8ca294',548,,8948,109,,,0,75,,8971,109,,,0,35,,8982,109,,,0,57,,8965,109,,,0,20,,8958,109,,,0,23,,8964,109,,,0,60,,8980,109,,,0,20,,8970,109,,,0,20,,8959,109,,,0,57,,8954,109,,,0,21,,8977,109,,,0,80,,8955,109,,,0,40,,8981,109,,,0,80,,8946,109,,,0,80,,8974,109,,,0,40,,8957,109,,,0,60,,8967,109,,,0,25,,8949,109,,,0,60,,8975,109,,,0,22,,8978,109,,,0,20,,8950,109,,,0,65,,8983,109,,,0,21,,8984,109,,,0,25,,8986,109,,,0,60,,8962,109,,,0,25,,8985,109,,,0,20,,8972,109,,,0,64,,8953,109,,,0,20,,8960,109,,,0,65,,8947,109,,,0,20,,8969,109,,,0,20,,8979,109,,,0,60,,8952,109,,,0,17,,8963,109,,,0,20,,8987,109,,,0,55,,8956,109,,,0,35,,8968,109,,,0,80,,8961,109,,,0,30,,8973,109,,,0,75,,8966,109,,,0,35,,8976,109,,,0,73,,8951,109,,,0
6600,'3b7f0ccc-4b86-44f9-804c-3016d4439aa6',710,,9778,204,,,0,110,,9776,204,,,0,130,,9770,204,,,0,108,,9777,204,,,0,152,,9771,204,,,0,114,,9780,261,0,8,0,111,,9781,204,,,0,110,,9774,204,,,0,110,,9775,204,,,0,150,,9779,204,,,0,114,,9773,261,0,8,0,106,,9772,204,,,0
6600,'545fdaed-298a-4873-ae9e-185363247123',1110,,9785,204,,,0,200,,9782,204,,,0,200,,9784,204,,,0,200,,9783,204,,,0
6600,'72a07536-7ac5-462d-91fd-4adacd8d70a1',710,,9795,204,,,0,110,,9786,204,,,0,130,,9790,204,,,0,108,,9792,204,,,0,152,,9787,204,,,0,114,,9796,261,0,8,0,111,,9797,204,,,0,110,,9791,204,,,0,110,,9789,204,,,0,150,,9794,204,,,0,114,,9788,261,0,8,0,106,,9793,204,,,0
6600,'b5be936f-506a-42fd-8fe9-aa394bb7d40c',710,,9803,204,,,0,110,,9799,204,,,0,130,,9805,204,,,0,108,,9804,204,,,0,152,,9809,204,,,0,114,,9800,261,0,8,0,111,,9801,204,,,0,110,,9802,204,,,0,110,,9807,204,,,0,150,,9798,204,,,0,114,,9806,261,0,8,0,106,,9808,204,,,0
6600,'c0258e04-8c49-4a98-8bc9-d3680145007e',710,,9814,204,,,0,110,,9813,204,,,0,130,,9818,204,,,0,108,,9810,204,,,0,152,,9821,204,,,0,114,,9820,261,0,8,0,111,,9816,204,,,0,110,,9811,204,,,0,110,,9815,204,,,0,150,,9817,204,,,0,114,,9812,261,0,8,0,106,,9819,204,,,0
6600,'db4ab86b-f5f5-4d9a-8c75-2988ac0b1af4',710,,9822,204,,,0,100,,9825,204,,,0,800,,9826,204,,,0,100,,9824,204,,,0,100,,9823,204,,,0
6600,'fbc81037-9cf3-4a4d-b4aa-43897a8ca294',710,,9835,204,,,0,110,,9832,204,,,0,130,,9834,204,,,0,108,,9830,204,,,0,152,,9838,204,,,0,114,,9828,261,0,8,0,111,,9829,204,,,0,110,,9836,204,,,0,110,,9827,204,,,0,150,,9831,204,,,0,114,,9833,261,0,8,0,106,,9837,204,,,0
