8100,'20e11cfa-d6a6-46ec-932e-c3530533c309',2143,,6414,90,,,0
8100,'29539182-f080-4698-b528-b5cea7c0f7e4',2143,,6415,90,,,0
8100,'4ff90fe8-7b85-4537-858e-36c817b2ba06',1036,,6418,38,,,0,100,,6420,38,,,0,200,,6416,38,,,0,100,,6421,38,,,0,100,,6422,38,,,0,100,,6419,38,,,0,100,,6417,37,,,0
8100,'53316f13-7e2a-415d-a780-d65e8f9fc920',636,,6431,38,,,0,100,,6425,38,,,0,100,,6435,38,,,0,200,,6433,38,,,0,100,,6434,38,,,0,100,,6423,38,,,0,200,,6428,38,,,0,100,,6430,38,,,0,100,,6436,38,,,0,100,,6429,38,,,0,100,,6427,38,,,0,100,,6432,38,,,0,100,,6426,38,,,0,107,,6424,90,,,0
8100,'9712db0e-9c6e-4aef-9821-7ba79476301c',2143,,6437,90,,,0
8100,'aa100e8f-694c-4b5d-8041-b019347d5019',2143,,6438,90,,,0
8100,'e6a8ef7e-0cfa-4bac-b2c4-68d071108359',2143,,6439,90,,,0
8200,'4ff90fe8-7b85-4537-858e-36c817b2ba06',1236,,6440,39,,,0,68,,6440,275,,,0
8200,'53316f13-7e2a-415d-a780-d65e8f9fc920',936,,6441,39,,,0,68,,6441,275,,,0,332,,6442,39,,,0,68,,6442,275,,,0
8600,'20e11cfa-d6a6-46ec-932e-c3530533c309',551,,6530,35,,,0,75,,6541,35,,,0,75,,6537,35,,,0,35,,6543,35,,,0,80,,6536,35,,,0,40,,6528,35,,,0,80,,6540,35,,,0,75,,6534,35,,,0,35,,6523,35,,,0,75,,6527,35,,,0,35,,6544,35,,,0,75,,6526,35,,,0,75,,6539,35,,,0,35,,6547,35,,,0,75,,6533,35,,,0,35,,6529,35,,,0,75,,6525,35,,,0,75,,6531,35,,,0,35,,6542,35,,,0,80,,6548,35,,,0,40,,6545,35,,,0,80,,6546,35,,,0,75,,6524,35,,,0,35,,6535,35,,,0,75,,6532,35,,,0,35,,6538,34,,,0
8600,'29539182-f080-4698-b528-b5cea7c0f7e4',551,,6565,35,,,0,75,,6568,35,,,0,75,,6560,35,,,0,35,,6562,35,,,0,80,,6571,35,,,0,40,,6559,35,,,0,80,,6574,35,,,0,75,,6573,35,,,0,35,,6563,35,,,0,75,,6561,35,,,0,35,,6553,35,,,0,75,,6549,35,,,0,75,,6566,35,,,0,35,,6555,35,,,0,75,,6551,35,,,0,35,,6554,35,,,0,75,,6564,35,,,0,75,,6556,35,,,0,35,,6558,35,,,0,80,,6552,35,,,0,40,,6557,35,,,0,80,,6567,35,,,0,75,,6569,35,,,0,35,,6572,35,,,0,75,,6570,35,,,0,35,,6550,34,,,0
8600,'9712db0e-9c6e-4aef-9821-7ba79476301c',551,,6577,35,,,0,75,,6597,35,,,0,75,,6585,35,,,0,35,,6596,35,,,0,80,,6587,35,,,0,40,,6580,35,,,0,80,,6575,35,,,0,75,,6594,35,,,0,35,,6588,35,,,0,75,,6586,35,,,0,35,,6582,35,,,0,75,,6598,35,,,0,75,,6581,35,,,0,35,,6592,35,,,0,75,,6599,35,,,0,35,,6578,35,,,0,75,,6579,35,,,0,75,,6589,35,,,0,35,,6590,35,,,0,80,,6576,35,,,0,40,,6593,35,,,0,80,,6595,35,,,0,75,,6583,35,,,0,35,,6584,35,,,0,75,,6591,35,,,0,35,,6600,34,,,0
8600,'aa100e8f-694c-4b5d-8041-b019347d5019',551,,6609,35,,,0,75,,6604,35,,,0,75,,6607,35,,,0,35,,6614,35,,,0,80,,6624,35,,,0,40,,6613,35,,,0,80,,6612,35,,,0,75,,6617,35,,,0,35,,6603,35,,,0,75,,6626,35,,,0,35,,6616,35,,,0,75,,6602,35,,,0,75,,6618,35,,,0,35,,6601,35,,,0,75,,6615,35,,,0,35,,6608,35,,,0,75,,6619,35,,,0,75,,6625,35,,,0,35,,6622,35,,,0,80,,6611,35,,,0,40,,6610,35,,,0,80,,6621,35,,,0,75,,6620,35,,,0,35,,6623,35,,,0,75,,6605,35,,,0,35,,6606,34,,,0
8600,'e6a8ef7e-0cfa-4bac-b2c4-68d071108359',551,,6641,35,,,0,75,,6649,35,,,0,75,,6627,35,,,0,35,,6637,35,,,0,80,,6642,35,,,0,40,,6634,35,,,0,80,,6646,35,,,0,75,,6648,35,,,0,35,,6628,35,,,0,75,,6636,35,,,0,35,,6652,35,,,0,75,,6644,35,,,0,75,,6632,35,,,0,35,,6638,35,,,0,75,,6650,35,,,0,35,,6631,35,,,0,75,,6640,35,,,0,75,,6645,35,,,0,35,,6629,35,,,0,80,,6651,35,,,0,40,,6643,35,,,0,80,,6633,35,,,0,75,,6647,35,,,0,35,,6639,35,,,0,75,,6630,35,,,0,35,,6635,34,,,0
