8100,'3cbacc5c-479f-4e46-92a9-193ce5972e98',2140,,17230,66,,,0
8100,'5d8e1f33-b15a-4d6c-bc08-744b1977a096',2140,,17231,66,,,0
8100,'603637be-3b89-4de4-a225-ae420419f9d6',1820,,17237,286,,,0
8100,'7c54d383-1c64-4a24-b06c-a04764f3562f',2140,,17239,66,,,0
8100,'8406d080-6e75-4486-a00b-1c9c8d02b55f',2140,,17240,66,,,0
8100,'d66d6429-e89f-4376-937c-b6bd14f92a3b',2140,,17241,66,,,0
8100,'d696856f-d252-4a8b-bd9f-2960bd70f042',2140,,17247,66,,,0
8200,'603637be-3b89-4de4-a225-ae420419f9d6',1254,,17256,220,,,0
8200,'d696856f-d252-4a8b-bd9f-2960bd70f042',954,,17257,220,,,0,400,,17258,220,,,0
8500,'3cbacc5c-479f-4e46-92a9-193ce5972e98',625,,17271,2,,,0,101,,17260,109,,,0,100,,17262,109,,,0,100,,17269,109,,,0,100,,17272,109,,,0,100,,17267,109,,,0,100,,17265,109,,,0,100,,17264,109,,,0,100,,17274,109,,,0,100,,17259,109,,,0,100,,17263,109,,,0,100,,17268,109,,,0,100,,17266,109,,,0,100,,17270,109,,,0,100,,17273,109,,,0,100,,17261,109,,,0
8500,'5d8e1f33-b15a-4d6c-bc08-744b1977a096',625,,17290,2,,,0,101,,17275,109,,,0,100,,17288,109,,,0,100,,17279,109,,,0,100,,17276,109,,,0,100,,17285,109,,,0,100,,17284,109,,,0,100,,17277,109,,,0,100,,17287,109,,,0,100,,17289,109,,,0,100,,17280,109,,,0,100,,17286,109,,,0,100,,17282,109,,,0,100,,17278,109,,,0,100,,17281,109,,,0,100,,17283,109,,,0
8500,'7c54d383-1c64-4a24-b06c-a04764f3562f',625,,17292,2,,,0,101,,17291,109,,,0,100,,17306,109,,,0,100,,17299,109,,,0,100,,17302,109,,,0,100,,17305,109,,,0,100,,17303,109,,,0,100,,17297,109,,,0,100,,17300,109,,,0,100,,17301,109,,,0,100,,17294,109,,,0,100,,17295,109,,,0,100,,17296,109,,,0,100,,17304,109,,,0,100,,17298,109,,,0,100,,17293,109,,,0
8500,'8406d080-6e75-4486-a00b-1c9c8d02b55f',625,,17318,2,,,0,101,,17321,109,,,0,100,,17322,109,,,0,100,,17319,109,,,0,100,,17309,109,,,0,100,,17308,109,,,0,100,,17312,109,,,0,100,,17307,109,,,0,100,,17314,109,,,0,100,,17310,109,,,0,100,,17315,109,,,0,100,,17311,109,,,0,100,,17317,109,,,0,100,,17316,109,,,0,100,,17313,109,,,0,100,,17320,109,,,0
8500,'d66d6429-e89f-4376-937c-b6bd14f92a3b',625,,17335,2,,,0,101,,17324,109,,,0,100,,17331,109,,,0,100,,17328,109,,,0,100,,17329,109,,,0,100,,17333,109,,,0,100,,17332,109,,,0,100,,17325,109,,,0,100,,17327,109,,,0,100,,17337,109,,,0,100,,17336,109,,,0,100,,17330,109,,,0,100,,17323,109,,,0,100,,17334,109,,,0,100,,17338,109,,,0,100,,17326,109,,,0
