1600,'20e11cfa-d6a6-46ec-932e-c3530533c309',653,,3627,47,,,0,70,,3631,47,,,0,35,,3623,47,,,0,75,,3613,47,,,0,70,,3629,47,,,0,30,,3618,47,,,0,70,,3608,47,,,0,30,,3626,47,,,0,70,,3614,47,,,0,30,,3607,47,,,0,70,,3633,47,,,0,40,,3624,47,,,0,75,,3617,47,,,0,35,,3628,47,,,0,75,,3612,47,,,0,75,,3615,47,,,0,35,,3620,47,,,0,75,,3609,47,,,0,40,,3621,47,,,0,80,,3622,47,,,0,80,,3619,47,,,0,30,,3632,47,,,0,70,,3610,47,,,0,30,,3625,47,,,0,70,,3616,47,,,0,30,,3630,47,,,0,70,,3611,55,,,0
1600,'29539182-f080-4698-b528-b5cea7c0f7e4',653,,3637,47,,,0,70,,3647,47,,,0,35,,3634,47,,,0,75,,3644,47,,,0,70,,3645,47,,,0,30,,3655,47,,,0,70,,3641,47,,,0,30,,3643,47,,,0,70,,3654,47,,,0,30,,3651,47,,,0,70,,3660,47,,,0,40,,3650,47,,,0,75,,3642,47,,,0,35,,3658,47,,,0,75,,3648,47,,,0,75,,3638,47,,,0,35,,3636,47,,,0,75,,3646,47,,,0,40,,3657,47,,,0,80,,3656,47,,,0,80,,3652,47,,,0,30,,3640,47,,,0,70,,3635,47,,,0,30,,3653,47,,,0,70,,3639,47,,,0,30,,3659,47,,,0,70,,3649,55,,,0
1600,'4ff90fe8-7b85-4537-858e-36c817b2ba06',1028,,3664,47,,,0,75,,3672,47,,,0,35,,3665,47,,,0,75,,3671,47,,,0,35,,3662,47,,,0,75,,3669,47,,,0,35,,3673,47,,,0,75,,3670,47,,,0,75,,3666,47,,,0,35,,3663,47,,,0,75,,3661,47,,,0,35,,3668,47,,,0,75,,3667,55,,,0
1600,'53316f13-7e2a-415d-a780-d65e8f9fc920',1138,,3682,47,,,0,75,,3677,47,,,0,35,,3679,47,,,0,75,,3685,47,,,0,35,,3684,47,,,0,75,,3680,47,,,0,75,,3681,47,,,0,35,,3676,47,,,0,75,,3683,47,,,0,35,,3674,47,,,0,75,,3686,47,,,0,75,,3675,47,,,0,35,,3678,55,,,0
1600,'9712db0e-9c6e-4aef-9821-7ba79476301c',653,,3699,47,,,0,70,,3702,47,,,0,35,,3694,47,,,0,75,,3708,47,,,0,70,,3704,47,,,0,30,,3696,47,,,0,70,,3698,47,,,0,30,,3688,47,,,0,70,,3703,47,,,0,30,,3705,47,,,0,70,,3713,47,,,0,40,,3710,47,,,0,75,,3687,47,,,0,35,,3693,47,,,0,75,,3712,47,,,0,75,,3691,47,,,0,35,,3711,47,,,0,75,,3692,47,,,0,40,,3709,47,,,0,80,,3700,47,,,0,80,,3695,47,,,0,30,,3690,47,,,0,70,,3697,47,,,0,30,,3706,47,,,0,70,,3701,47,,,0,30,,3707,47,,,0,70,,3689,55,,,0
1600,'aa100e8f-694c-4b5d-8041-b019347d5019',653,,3729,47,,,0,70,,3737,47,,,0,35,,3716,47,,,0,75,,3733,47,,,0,70,,3728,47,,,0,30,,3727,47,,,0,70,,3725,47,,,0,30,,3740,47,,,0,70,,3730,47,,,0,30,,3726,47,,,0,70,,3719,47,,,0,40,,3722,47,,,0,75,,3739,47,,,0,35,,3721,47,,,0,75,,3736,47,,,0,75,,3720,47,,,0,35,,3715,47,,,0,75,,3714,47,,,0,40,,3738,47,,,0,80,,3731,47,,,0,80,,3724,47,,,0,30,,3732,47,,,0,70,,3735,47,,,0,30,,3734,47,,,0,70,,3723,47,,,0,30,,3718,47,,,0,70,,3717,55,,,0
1600,'e6a8ef7e-0cfa-4bac-b2c4-68d071108359',653,,3749,47,,,0,70,,3759,47,,,0,35,,3766,47,,,0,75,,3750,47,,,0,70,,3743,47,,,0,30,,3758,47,,,0,70,,3757,47,,,0,30,,3741,47,,,0,70,,3761,47,,,0,30,,3767,47,,,0,70,,3751,47,,,0,40,,3747,47,,,0,75,,3755,47,,,0,35,,3764,47,,,0,75,,3753,47,,,0,75,,3752,47,,,0,35,,3748,47,,,0,75,,3763,47,,,0,40,,3745,47,,,0,80,,3756,47,,,0,80,,3765,47,,,0,30,,3746,47,,,0,70,,3754,47,,,0,30,,3760,47,,,0,70,,3742,47,,,0,30,,3762,47,,,0,70,,3744,55,,,0
6600,'20e11cfa-d6a6-46ec-932e-c3530533c309',628,,6166,49,,,0,110,,6169,49,,,0,170,,6177,49,,,0,110,,6174,49,,,0,110,,6175,49,,,0,110,,6172,47,0,8,0,115,,6168,49,,,0,150,,6173,49,,,0,110,,6170,49,,,0,110,,6176,49,,,0,110,,6167,47,0,8,0,115,,6171,49,,,0
6600,'29539182-f080-4698-b528-b5cea7c0f7e4',628,,6182,49,,,0,110,,6179,49,,,0,170,,6181,49,,,0,110,,6183,49,,,0,110,,6185,49,,,0,110,,6180,47,0,8,0,115,,6189,49,,,0,150,,6184,49,,,0,110,,6188,49,,,0,110,,6186,49,,,0,110,,6187,47,0,8,0,115,,6178,49,,,0
6600,'4ff90fe8-7b85-4537-858e-36c817b2ba06',1037,,6192,49,,,0,200,,6190,49,,,0,200,,6191,49,,,0,200,,6193,49,,,0
6600,'53316f13-7e2a-415d-a780-d65e8f9fc920',637,,6197,49,,,0,100,,6196,49,,,0,800,,6194,49,,,0,100,,6195,49,,,0,100,,6198,49,,,0
6600,'9712db0e-9c6e-4aef-9821-7ba79476301c',628,,6200,49,,,0,110,,6204,49,,,0,170,,6206,49,,,0,110,,6209,49,,,0,110,,6201,49,,,0,110,,6203,47,0,8,0,115,,6205,49,,,0,150,,6199,49,,,0,110,,6208,49,,,0,110,,6210,49,,,0,110,,6202,47,0,8,0,115,,6207,49,,,0
6600,'aa100e8f-694c-4b5d-8041-b019347d5019',628,,6216,49,,,0,110,,6220,49,,,0,170,,6221,49,,,0,110,,6213,49,,,0,110,,6215,49,,,0,110,,6212,47,0,8,0,115,,6211,49,,,0,150,,6214,49,,,0,110,,6219,49,,,0,110,,6217,49,,,0,110,,6218,47,0,8,0,115,,6222,49,,,0
6600,'e6a8ef7e-0cfa-4bac-b2c4-68d071108359',628,,6232,49,,,0,110,,6226,49,,,0,170,,6224,49,,,0,110,,6234,49,,,0,110,,6233,49,,,0,110,,6228,47,0,8,0,115,,6231,49,,,0,150,,6225,49,,,0,110,,6229,49,,,0,110,,6223,49,,,0,110,,6230,47,0,8,0,115,,6227,49,,,0
