1600,'3cbacc5c-479f-4e46-92a9-193ce5972e98',651,,14440,40,,,0,70,,14424,40,,,0,35,,14446,40,,,0,75,,14426,40,,,0,70,,14425,40,,,0,30,,14445,40,,,0,70,,14435,40,,,0,30,,14449,40,,,0,70,,14432,40,,,0,30,,14428,40,,,0,70,,14436,40,,,0,40,,14430,40,,,0,75,,14431,40,,,0,35,,14439,40,,,0,75,,14423,40,,,0,75,,14437,40,,,0,35,,14434,40,,,0,75,,14441,40,,,0,40,,14438,40,,,0,80,,14444,40,,,0,80,,14447,40,,,0,30,,14433,40,,,0,70,,14442,40,,,0,30,,14429,40,,,0,70,,14448,40,,,0,30,,14427,40,,,0,70,,14443,47,,,0
1600,'5d8e1f33-b15a-4d6c-bc08-744b1977a096',651,,14474,40,,,0,70,,14461,40,,,0,35,,14453,40,,,0,75,,14470,40,,,0,70,,14456,40,,,0,30,,14450,40,,,0,70,,14475,40,,,0,30,,14471,40,,,0,70,,14462,40,,,0,30,,14454,40,,,0,70,,14468,40,,,0,40,,14458,40,,,0,75,,14466,40,,,0,35,,14457,40,,,0,75,,14467,40,,,0,75,,14463,40,,,0,35,,14451,40,,,0,75,,14476,40,,,0,40,,14473,40,,,0,80,,14465,40,,,0,80,,14459,40,,,0,30,,14469,40,,,0,70,,14472,40,,,0,30,,14464,40,,,0,70,,14455,40,,,0,30,,14452,40,,,0,70,,14460,47,,,0
1600,'603637be-3b89-4de4-a225-ae420419f9d6',1026,,14479,40,,,0,75,,14485,40,,,0,35,,14481,40,,,0,75,,14486,40,,,0,35,,14483,40,,,0,75,,14480,40,,,0,35,,14477,40,,,0,75,,14488,40,,,0,75,,14478,40,,,0,35,,14482,40,,,0,75,,14484,40,,,0,35,,14489,40,,,0,75,,14487,47,,,0
1600,'7c54d383-1c64-4a24-b06c-a04764f3562f',651,,14515,40,,,0,70,,14491,40,,,0,35,,14514,40,,,0,75,,14508,40,,,0,70,,14499,40,,,0,30,,14505,40,,,0,70,,14504,40,,,0,30,,14516,40,,,0,70,,14500,40,,,0,30,,14501,40,,,0,70,,14497,40,,,0,40,,14502,40,,,0,75,,14496,40,,,0,35,,14495,40,,,0,75,,14490,40,,,0,75,,14498,40,,,0,35,,14513,40,,,0,75,,14507,40,,,0,40,,14511,40,,,0,80,,14509,40,,,0,80,,14510,40,,,0,30,,14494,40,,,0,70,,14492,40,,,0,30,,14512,40,,,0,70,,14493,40,,,0,30,,14503,40,,,0,70,,14506,47,,,0
1600,'8406d080-6e75-4486-a00b-1c9c8d02b55f',651,,14543,40,,,0,70,,14535,40,,,0,35,,14517,40,,,0,75,,14523,40,,,0,70,,14528,40,,,0,30,,14532,40,,,0,70,,14540,40,,,0,30,,14542,40,,,0,70,,14538,40,,,0,30,,14534,40,,,0,70,,14522,40,,,0,40,,14537,40,,,0,75,,14519,40,,,0,35,,14527,40,,,0,75,,14536,40,,,0,75,,14541,40,,,0,35,,14539,40,,,0,75,,14531,40,,,0,40,,14521,40,,,0,80,,14526,40,,,0,80,,14529,40,,,0,30,,14518,40,,,0,70,,14525,40,,,0,30,,14530,40,,,0,70,,14533,40,,,0,30,,14520,40,,,0,70,,14524,47,,,0
1600,'d66d6429-e89f-4376-937c-b6bd14f92a3b',651,,14557,40,,,0,70,,14550,40,,,0,35,,14559,40,,,0,75,,14561,40,,,0,70,,14546,40,,,0,30,,14548,40,,,0,70,,14547,40,,,0,30,,14545,40,,,0,70,,14544,40,,,0,30,,14558,40,,,0,70,,14567,40,,,0,40,,14551,40,,,0,75,,14552,40,,,0,35,,14553,40,,,0,75,,14549,40,,,0,75,,14565,40,,,0,35,,14569,40,,,0,75,,14554,40,,,0,40,,14568,40,,,0,80,,14556,40,,,0,80,,14562,40,,,0,30,,14560,40,,,0,70,,14566,40,,,0,30,,14570,40,,,0,70,,14555,40,,,0,30,,14563,40,,,0,70,,14564,47,,,0
1600,'d696856f-d252-4a8b-bd9f-2960bd70f042',1136,,14572,40,,,0,75,,14574,40,,,0,35,,14581,40,,,0,75,,14575,40,,,0,35,,14579,40,,,0,75,,14582,40,,,0,75,,14580,40,,,0,35,,14583,40,,,0,75,,14573,40,,,0,35,,14576,40,,,0,75,,14571,40,,,0,75,,14577,40,,,0,35,,14578,47,,,0
6600,'3cbacc5c-479f-4e46-92a9-193ce5972e98',626,,16993,42,,,0,110,,16985,42,,,0,170,,16982,42,,,0,110,,16984,42,,,0,110,,16987,42,,,0,110,,16990,40,0,8,0,115,,16983,42,,,0,150,,16986,42,,,0,110,,16988,42,,,0,110,,16991,42,,,0,110,,16989,40,0,8,0,115,,16992,42,,,0
6600,'5d8e1f33-b15a-4d6c-bc08-744b1977a096',626,,17001,42,,,0,110,,16997,42,,,0,170,,17003,42,,,0,110,,17004,42,,,0,110,,17002,42,,,0,110,,16994,40,0,8,0,115,,16999,42,,,0,150,,17000,42,,,0,110,,17005,42,,,0,110,,16996,42,,,0,110,,16998,40,0,8,0,115,,16995,42,,,0
6600,'603637be-3b89-4de4-a225-ae420419f9d6',1035,,17009,42,,,0,200,,17006,42,,,0,200,,17008,42,,,0,200,,17007,42,,,0
6600,'7c54d383-1c64-4a24-b06c-a04764f3562f',626,,17017,42,,,0,110,,17021,42,,,0,170,,17018,42,,,0,110,,17020,42,,,0,110,,17013,42,,,0,110,,17012,40,0,8,0,115,,17011,42,,,0,150,,17015,42,,,0,110,,17010,42,,,0,110,,17016,42,,,0,110,,17014,40,0,8,0,115,,17019,42,,,0
6600,'8406d080-6e75-4486-a00b-1c9c8d02b55f',626,,17030,42,,,0,110,,17032,42,,,0,170,,17026,42,,,0,110,,17023,42,,,0,110,,17028,42,,,0,110,,17027,40,0,8,0,115,,17029,42,,,0,150,,17022,42,,,0,110,,17025,42,,,0,110,,17024,42,,,0,110,,17031,40,0,8,0,115,,17033,42,,,0
6600,'d66d6429-e89f-4376-937c-b6bd14f92a3b',626,,17037,42,,,0,110,,17041,42,,,0,170,,17038,42,,,0,110,,17040,42,,,0,110,,17034,42,,,0,110,,17036,40,0,8,0,115,,17045,42,,,0,150,,17044,42,,,0,110,,17035,42,,,0,110,,17043,42,,,0,110,,17039,40,0,8,0,115,,17042,42,,,0
6600,'d696856f-d252-4a8b-bd9f-2960bd70f042',635,,17050,42,,,0,100,,17049,42,,,0,800,,17048,42,,,0,100,,17046,42,,,0,100,,17047,42,,,0
