8100,'04984e77-0052-4a90-990e-3dbe43d38c85',1917,,7098,,,0
8100,'11311b10-4727-4d7a-ab79-b279ac1a4b0d',717,,7099,,,0,100,,7112,,,0,100,,7109,,,0,200,,7111,,,0,100,,7105,,,0,100,,7106,,,0,200,,7110,,,0,100,,7100,,,0,100,,7102,,,0,100,,7104,,,0,100,,7103,,,0,100,,7108,,,0,100,,7107,,,0,100,,7101,,,0
8100,'280b9ab8-43c8-4cd4-857d-9139bb309d5c',1117,,7119,,,0,100,,7114,,,0,200,,7118,,,0,100,,7116,,,0,100,,7115,,,0,100,,7117,,,0,94,,7113,,,0
8100,'2af8b8fb-cb1e-4eda-8955-ce447fe58fa9',2217,,7120,,,0
8100,'2fd7938b-b519-4fe3-b6cf-97b9923a17bf',2217,,7121,,,0
8100,'9e5e1cc1-be9d-41db-a854-c99a74537654',2217,,7122,,,0
8100,'b2a7b777-2be8-47c2-a6d2-dbe0988e4467',2217,,7123,,,0
8100,'bf9ba260-437f-42d1-b3b2-9d43b7640791',2217,,7124,,,0
8200,'11311b10-4727-4d7a-ab79-b279ac1a4b0d',1017,,7126,,,0,400,,7125,,,0
8200,'280b9ab8-43c8-4cd4-857d-9139bb309d5c',1317,,7127,,,0
