6800,'20e11cfa-d6a6-46ec-932e-c3530533c309',630,,6339,7,,,0,70,,6335,7,,,0,30,,6329,7,,,0,70,,6328,7,,,0,30,,6327,7,,,0,112,,6325,7,,,0,100,,6336,7,,,0,488,,6333,7,,,0,70,,6337,7,,,0,30,,6334,7,,,0,70,,6330,7,,,0,30,,6332,7,,,0,90,,6338,7,,,0,100,,6331,7,,,0,100,,6326,7,,,0
6800,'29539182-f080-4698-b528-b5cea7c0f7e4',630,,6340,7,,,0,70,,6347,7,,,0,30,,6345,7,,,0,70,,6341,7,,,0,30,,6342,7,,,0,112,,6352,7,,,0,100,,6343,7,,,0,488,,6351,7,,,0,70,,6350,7,,,0,30,,6353,7,,,0,70,,6346,7,,,0,30,,6348,7,,,0,90,,6344,7,,,0,100,,6349,7,,,0,100,,6354,7,,,0
6800,'4ff90fe8-7b85-4537-858e-36c817b2ba06',1000,,6359,7,,,0,200,,6358,7,,,0,200,,6355,7,,,0,200,,6356,7,,,0,200,,6357,7,,,0
6800,'53316f13-7e2a-415d-a780-d65e8f9fc920',700,,6362,7,,,0,100,,6365,7,,,0,100,,6363,7,,,0,100,,6368,7,,,0,600,,6366,7,,,0,100,,6367,7,,,0,100,,6364,7,,,0,100,,6361,7,,,0,100,,6360,7,,,0
6800,'9712db0e-9c6e-4aef-9821-7ba79476301c',630,,6380,7,,,0,70,,6369,7,,,0,30,,6383,7,,,0,70,,6370,7,,,0,30,,6371,7,,,0,112,,6376,7,,,0,100,,6372,7,,,0,488,,6381,7,,,0,70,,6373,7,,,0,30,,6378,7,,,0,70,,6377,7,,,0,30,,6374,7,,,0,90,,6375,7,,,0,100,,6379,7,,,0,100,,6382,7,,,0
6800,'aa100e8f-694c-4b5d-8041-b019347d5019',630,,6391,7,,,0,70,,6386,7,,,0,30,,6387,7,,,0,70,,6394,7,,,0,30,,6385,7,,,0,112,,6393,7,,,0,100,,6397,7,,,0,488,,6388,7,,,0,70,,6384,7,,,0,30,,6392,7,,,0,70,,6389,7,,,0,30,,6396,7,,,0,90,,6395,7,,,0,100,,6398,7,,,0,100,,6390,7,,,0
6800,'e6a8ef7e-0cfa-4bac-b2c4-68d071108359',630,,6413,7,,,0,70,,6408,7,,,0,30,,6411,7,,,0,70,,6403,7,,,0,30,,6412,7,,,0,112,,6407,7,,,0,100,,6402,7,,,0,488,,6409,7,,,0,70,,6410,7,,,0,30,,6400,7,,,0,70,,6406,7,,,0,30,,6401,7,,,0,90,,6405,7,,,0,100,,6399,7,,,0,100,,6404,7,,,0
8100,'20e11cfa-d6a6-46ec-932e-c3530533c309',2131,,6414,6,,,0
8100,'29539182-f080-4698-b528-b5cea7c0f7e4',2131,,6415,6,,,0
8100,'4ff90fe8-7b85-4537-858e-36c817b2ba06',1031,,6418,6,,,0,100,,6420,6,,,0,200,,6416,6,,,0,100,,6421,6,,,0,100,,6422,6,,,0,100,,6419,6,,,0,100,,6417,6,,,0
8100,'53316f13-7e2a-415d-a780-d65e8f9fc920',631,,6431,6,,,0,100,,6425,6,,,0,100,,6435,6,,,0,200,,6433,6,,,0,100,,6434,6,,,0,100,,6423,6,,,0,200,,6428,6,,,0,100,,6430,6,,,0,100,,6436,6,,,0,100,,6429,6,,,0,100,,6427,6,,,0,100,,6432,6,,,0,100,,6426,6,,,0,100,,6424,6,,,0
8100,'9712db0e-9c6e-4aef-9821-7ba79476301c',2131,,6437,6,,,0
8100,'aa100e8f-694c-4b5d-8041-b019347d5019',2131,,6438,6,,,0
8100,'e6a8ef7e-0cfa-4bac-b2c4-68d071108359',2131,,6439,6,,,0
8200,'4ff90fe8-7b85-4537-858e-36c817b2ba06',1231,,6440,6,,,0
8200,'53316f13-7e2a-415d-a780-d65e8f9fc920',931,,6441,6,,,0,400,,6442,6,,,0
8600,'20e11cfa-d6a6-46ec-932e-c3530533c309',546,,6530,7,,,0,75,,6541,7,,,0,35,,6537,7,,,0,75,,6543,7,,,0,80,,6536,7,,,0,40,,6528,7,,,0,80,,6540,7,,,0,75,,6534,7,,,0,35,,6523,7,,,0,75,,6527,7,,,0,35,,6544,7,,,0,75,,6526,7,,,0,75,,6539,7,,,0,35,,6547,7,,,0,75,,6533,7,,,0,35,,6529,7,,,0,75,,6525,7,,,0,35,,6531,7,,,0,75,,6542,7,,,0,80,,6548,7,,,0,40,,6545,7,,,0,80,,6546,7,,,0,75,,6524,7,,,0,35,,6535,7,,,0,75,,6532,7,,,0,35,,6538,7,,,0
8600,'29539182-f080-4698-b528-b5cea7c0f7e4',546,,6565,7,,,0,75,,6568,7,,,0,35,,6560,7,,,0,75,,6562,7,,,0,80,,6571,7,,,0,40,,6559,7,,,0,80,,6574,7,,,0,75,,6573,7,,,0,35,,6563,7,,,0,75,,6561,7,,,0,35,,6553,7,,,0,75,,6549,7,,,0,75,,6566,7,,,0,35,,6555,7,,,0,75,,6551,7,,,0,35,,6554,7,,,0,75,,6564,7,,,0,35,,6556,7,,,0,75,,6558,7,,,0,80,,6552,7,,,0,40,,6557,7,,,0,80,,6567,7,,,0,75,,6569,7,,,0,35,,6572,7,,,0,75,,6570,7,,,0,35,,6550,7,,,0
8600,'9712db0e-9c6e-4aef-9821-7ba79476301c',546,,6577,7,,,0,75,,6597,7,,,0,35,,6585,7,,,0,75,,6596,7,,,0,80,,6587,7,,,0,40,,6580,7,,,0,80,,6575,7,,,0,75,,6594,7,,,0,35,,6588,7,,,0,75,,6586,7,,,0,35,,6582,7,,,0,75,,6598,7,,,0,75,,6581,7,,,0,35,,6592,7,,,0,75,,6599,7,,,0,35,,6578,7,,,0,75,,6579,7,,,0,35,,6589,7,,,0,75,,6590,7,,,0,80,,6576,7,,,0,40,,6593,7,,,0,80,,6595,7,,,0,75,,6583,7,,,0,35,,6584,7,,,0,75,,6591,7,,,0,35,,6600,7,,,0
8600,'aa100e8f-694c-4b5d-8041-b019347d5019',546,,6609,7,,,0,75,,6604,7,,,0,35,,6607,7,,,0,75,,6614,7,,,0,80,,6624,7,,,0,40,,6613,7,,,0,80,,6612,7,,,0,75,,6617,7,,,0,35,,6603,7,,,0,75,,6626,7,,,0,35,,6616,7,,,0,75,,6602,7,,,0,75,,6618,7,,,0,35,,6601,7,,,0,75,,6615,7,,,0,35,,6608,7,,,0,75,,6619,7,,,0,35,,6625,7,,,0,75,,6622,7,,,0,80,,6611,7,,,0,40,,6610,7,,,0,80,,6621,7,,,0,75,,6620,7,,,0,35,,6623,7,,,0,75,,6605,7,,,0,35,,6606,7,,,0
8600,'e6a8ef7e-0cfa-4bac-b2c4-68d071108359',546,,6641,7,,,0,75,,6649,7,,,0,35,,6627,7,,,0,75,,6637,7,,,0,80,,6642,7,,,0,40,,6634,7,,,0,80,,6646,7,,,0,75,,6648,7,,,0,35,,6628,7,,,0,75,,6636,7,,,0,35,,6652,7,,,0,75,,6644,7,,,0,75,,6632,7,,,0,35,,6638,7,,,0,75,,6650,7,,,0,35,,6631,7,,,0,75,,6640,7,,,0,35,,6645,7,,,0,75,,6629,7,,,0,80,,6651,7,,,0,40,,6643,7,,,0,80,,6633,7,,,0,75,,6647,7,,,0,35,,6639,7,,,0,75,,6630,7,,,0,35,,6635,7,,,0
