4000,6810413,1,0
4000,6810949,2,1
5001,6810785,1,0
5001,6810205,2,0
5001,6810746,3,0
5001,6810211,4,0
5001,6810212,5,0
5001,6810200,6,1
5002,6810200,1,0
5002,6810793,2,0
5002,6810201,3,0
5002,6810202,4,0
5002,6810203,5,0
5002,6810391,6,0
5002,6810785,7,1
5101,6810785,1,0
5101,6810213,2,0
5101,6810214,3,0
5101,6810215,4,0
5101,6810216,5,0
5101,6810217,6,0
5101,6810218,7,0
5101,6810219,8,0
5101,6810220,9,0
5101,6810221,10,0
5101,6810222,11,0
5101,6810223,12,0
5101,6810224,13,0
5101,6810225,14,0
5101,6810226,15,0
5101,6810227,16,0
5101,6810228,17,0
5101,6810229,18,0
5101,6810714,19,0
5101,6810713,20,0
5101,6810712,21,0
5101,6810711,22,0
5101,6810440,23,0
5101,6810897,24,0
5101,6810292,25,0
5101,6810709,26,0
5101,6810234,27,1
5102,6810234,1,0
5102,6810251,2,0
5102,6810710,3,0
5102,6810790,4,0
5102,6810715,5,0
5102,6810716,6,0
5102,6810717,7,0
5102,6810795,8,0
5102,6810719,9,0
5102,6810720,10,0
5102,6810794,11,0
5102,6810405,12,0
5102,6810240,13,0
5102,6810241,14,0
5102,6810242,15,0
5102,6810243,16,0
5102,6810244,17,0
5102,6810245,18,0
5102,6810246,19,0
5102,6810247,20,0
5102,6810248,21,0
5102,6810249,22,0
5102,6810250,23,0
5102,6810911,24,0
5102,6810205,25,0
5102,6810900,26,0
5102,6810785,27,1
5201,6810234,1,0
5201,6810251,2,0
5201,6810897,3,0
5201,6810709,4,0
5201,6810292,5,0
5201,6810252,6,0
5201,6810253,7,0
5201,6810254,8,0
5201,6810255,9,0
5201,6810256,10,0
5201,6810257,11,0
5201,6810258,12,0
5201,6810200,13,1
5202,6810200,1,0
5202,6810259,2,0
5202,6810260,3,0
5202,6810780,4,0
5202,6810263,5,0
5202,6810782,6,0
5202,6810264,7,0
5202,6810265,8,0
5202,6810234,9,1
6001,6810277,1,0
6001,6810278,2,0
6001,6810768,3,0
6001,6810769,4,0
6001,6810280,5,0
6001,6810770,6,0
6001,6810771,7,0
6001,6810772,8,0
6001,6810284,9,0
6001,6810285,10,0
6001,6810286,11,0
6001,6810773,12,0
6001,6810288,13,0
6001,6810289,14,0
6001,6810290,15,0
6001,6810774,16,0
6001,6810361,17,0
6001,6810897,18,0
6001,6810709,19,0
6001,6810292,20,0
6001,6810234,21,1
6002,6810234,1,0
6002,6810235,2,0
6002,6810267,3,0
6002,6810268,4,0
6002,6810761,5,0
6002,6810269,6,0
6002,6810762,7,0
6002,6810270,8,0
6002,6810763,9,0
6002,6810271,10,0
6002,6810764,11,0
6002,6810273,12,0
6002,6810765,13,0
6002,6810766,14,0
6002,6810275,15,0
6002,6810767,16,0
6002,6810276,17,0
6002,6810277,18,1
6103,6810200,1,0
6103,6810793,2,0
6103,6810201,3,0
6103,6810202,4,0
6103,6810203,5,0
6103,6810293,6,0
6103,6810294,7,0
6103,6810295,8,0
6103,6810296,9,0
6103,6810297,10,0
6103,6810298,11,0
6103,6810299,12,0
6103,6810921,13,0
6103,6810300,14,0
6103,6810301,15,0
6103,6810302,16,0
6103,6810303,17,0
6103,6810304,18,0
6103,6810305,19,0
6103,6810306,20,0
6103,6810307,21,0
6103,6810308,22,0
6103,6810309,23,0
6103,6810434,24,1
6104,6810434,1,0
6104,6810310,2,0
6104,6810311,3,0
6104,6810918,4,0
6104,6810312,5,0
6104,6810313,6,0
6104,6810314,7,0
6104,6810315,8,0
6104,6810914,9,0
6104,6810781,10,0
6104,6810791,11,0
6104,6810316,12,0
6104,6810792,13,0
6104,6810200,14,1
6201,6810324,1,0
6201,6810325,2,0
6201,6810912,3,0
6201,6810326,4,0
6201,6810327,5,0
6201,6810328,6,0
6201,6810807,7,0
6201,6810329,8,0
6201,6810330,9,0
6201,6810331,10,0
6201,6810332,11,0
6201,6810333,12,0
6201,6810334,13,0
6201,6810335,14,0
6201,6810336,15,0
6201,6810337,16,0
6201,6810338,17,0
6201,6810339,18,0
6201,6810909,19,0
6201,6810808,20,0
6201,6810390,21,0
6201,6810785,22,1
6202,6810785,1,0
6202,6810205,2,0
6202,6810925,3,0
6202,6810317,4,0
6202,6810924,5,0
6202,6810318,6,0
6202,6810915,7,0
6202,6810916,8,0
6202,6810319,9,0
6202,6810917,10,0
6202,6810320,11,0
6202,6810321,12,0
6202,6810322,13,0
6202,6810323,14,0
6202,6810913,15,0
6202,6810324,16,1
6301,6810200,1,0
6301,6810793,2,0
6301,6810340,3,0
6301,6810341,4,0
6301,6810342,5,0
6301,6810343,6,0
6301,6810344,7,0
6301,6810692,8,0
6301,6810693,9,0
6301,6810345,10,0
6301,6810346,11,0
6301,6810347,12,0
6301,6810348,13,0
6301,6810349,14,0
6301,6810350,15,0
6301,6810351,16,0
6301,6810695,17,0
6301,6810352,18,0
6301,6810697,19,0
6301,6810698,20,0
6301,6810699,21,0
6301,6810700,22,0
6301,6810708,23,0
6301,6810702,24,1
6302,6810702,1,0
6302,6810354,2,0
6302,6810355,3,0
6302,6810696,4,0
6302,6810694,5,0
6302,6810356,6,0
6302,6810357,7,0
6302,6810358,8,0
6302,6810703,9,0
6302,6810704,10,0
6302,6810705,11,0
6302,6810706,12,0
6302,6810707,13,0
6302,6810359,14,0
6302,6810360,15,0
6302,6810792,16,0
6302,6810200,17,1
6403,6810234,1,0
6403,6810235,2,0
6403,6810361,3,0
6403,6810362,4,0
6403,6810363,5,0
6403,6810364,6,0
6403,6810365,7,0
6403,6810366,8,0
6403,6810367,9,0
6403,6810368,10,0
6403,6810369,11,0
6403,6810370,12,0
6403,6810371,13,0
6403,6810372,14,0
6403,6810373,15,0
6403,6810733,16,0
6403,6810898,17,0
6403,6810734,18,0
6403,6810238,19,0
6403,6810239,20,0
6403,6810374,21,0
6403,6810375,22,0
6403,6810376,23,0
6403,6810377,24,0
6403,6810739,25,0
6403,6810741,26,0
6403,6810378,27,0
6403,6810743,28,0
6403,6810745,29,0
6403,6810746,30,0
6403,6810211,31,0
6403,6810212,32,0
6403,6810380,33,1
6404,6810380,1,0
6404,6810381,2,0
6404,6810382,3,0
6404,6810750,4,0
6404,6810383,5,0
6404,6810926,6,0
6404,6810927,7,0
6404,6810757,8,0
6404,6810758,9,0
6404,6810388,10,0
6404,6810232,11,0
6404,6810233,12,0
6404,6810709,13,0
6404,6810292,14,0
6404,6810234,15,1
6503,6810406,1,0
6503,6810407,2,0
6503,6810408,3,0
6503,6810905,4,0
6503,6810409,5,0
6503,6810410,6,0
6503,6810411,7,0
6503,6810906,8,0
6503,6810412,9,0
6503,6810901,10,0
6503,6810902,11,0
6503,6810903,12,0
6503,6810904,13,0
6503,6810785,14,1
6504,6810785,1,0
6504,6810205,2,0
6504,6810786,3,0
6504,6810390,4,0
6504,6810391,5,0
6504,6810392,6,0
6504,6810393,7,0
6504,6810394,8,0
6504,6810809,9,0
6504,6810395,10,0
6504,6810396,11,0
6504,6810397,12,0
6504,6810398,13,0
6504,6810399,14,0
6504,6810400,15,0
6504,6810810,16,0
6504,6810401,17,0
6504,6810736,18,0
6504,6810735,19,0
6504,6810240,20,0
6504,6810241,21,0
6504,6810242,22,0
6504,6810406,23,1
6603,6810413,1,0
6603,6810414,2,0
6603,6810415,3,0
6603,6810881,4,0
6603,6810416,5,0
6603,6810387,6,0
6603,6810417,7,0
6603,6810418,8,0
6603,6810882,9,0
6603,6810419,10,0
6603,6810420,11,0
6603,6810421,12,0
6603,6810422,13,0
6603,6810423,14,0
6603,6810424,15,0
6603,6810821,16,0
6603,6810426,17,0
6603,6810427,18,0
6603,6810883,19,1
6604,6810883,1,0
6604,6810428,2,0
6604,6810429,3,0
6604,6810430,4,0
6604,6810884,5,0
6604,6810431,6,0
6604,6810432,7,0
6604,6810433,8,0
6604,6810885,9,0
6604,6810886,10,0
6604,6810887,11,0
6604,6810888,12,0
6604,6810889,13,0
6604,6810890,14,0
6604,6810891,15,0
6604,6810434,16,0
6604,6810310,17,0
6604,6810311,18,0
6604,6810918,19,0
6604,6810312,20,0
6604,6810313,21,0
6604,6810314,22,0
6604,6810315,23,0
6604,6810914,24,0
6604,6810781,25,0
6604,6810435,26,0
6604,6810436,27,0
6604,6810437,28,0
6604,6810892,29,0
6604,6810439,30,0
6604,6810758,31,0
6604,6810388,32,0
6604,6810440,33,0
6604,6810441,34,0
6604,6810413,35,1
6701,6810806,1,0
6701,6810453,2,0
6701,6810946,3,0
6701,6810947,4,0
6701,6810948,5,0
6701,6810456,6,0
6701,6810457,7,0
6701,6810458,8,0
6701,6810459,9,0
6701,6810894,10,0
6701,6810768,11,0
6701,6810769,12,0
6701,6810280,13,0
6701,6810770,14,0
6701,6810771,15,0
6701,6810461,16,0
6701,6810462,17,0
6701,6810463,18,0
6701,6810464,19,0
6701,6810413,20,1
6702,6810413,1,0
6702,6810414,2,0
6702,6810442,3,0
6702,6810441,4,0
6702,6810235,5,0
6702,6810796,6,0
6702,6810798,7,0
6702,6810443,8,0
6702,6810444,9,0
6702,6810797,10,0
6702,6810445,11,0
6702,6810446,12,0
6702,6810799,13,0
6702,6810447,14,0
6702,6810448,15,0
6702,6810449,16,0
6702,6810450,17,0
6702,6810804,18,0
6702,6810800,19,0
6702,6810801,20,0
6702,6810893,21,0
6702,6810802,22,0
6702,6810803,23,0
6702,6810805,24,0
6702,6810806,25,1
6801,6810483,1,0
6801,6810482,2,0
6801,6810484,3,0
6801,6810839,4,0
6801,6810485,5,0
6801,6810486,6,0
6801,6810923,7,0
6801,6810922,8,0
6801,6810487,9,0
6801,6810837,10,0
6801,6810488,11,0
6801,6810489,12,0
6801,6810490,13,0
6801,6810491,14,0
6801,6810492,15,0
6801,6810493,16,0
6801,6810494,17,0
6801,6810495,18,0
6801,6810779,19,0
6801,6810778,20,0
6801,6810777,21,0
6801,6810775,22,0
6801,6810776,23,0
6801,6810789,24,0
6801,6810499,25,0
6801,6810606,26,0
6801,6810500,27,0
6801,6810463,28,0
6801,6810464,29,0
6801,6810413,30,1
6802,6810413,1,0
6802,6810414,2,0
6802,6810442,3,0
6802,6810441,4,0
6802,6810235,5,0
6802,6810267,6,0
6802,6810268,7,0
6802,6810465,8,0
6802,6810466,9,0
6802,6810467,10,0
6802,6810468,11,0
6802,6810469,12,0
6802,6810470,13,0
6802,6810471,14,0
6802,6810836,15,0
6802,6810472,16,0
6802,6810473,17,0
6802,6810474,18,0
6802,6810475,19,0
6802,6810837,20,0
6802,6810476,21,0
6802,6810843,22,0
6802,6810477,23,0
6802,6810478,24,0
6802,6810479,25,0
6802,6810480,26,0
6802,6810481,27,0
6802,6810483,28,1
7003,6810785,1,0
7003,6810205,2,0
7003,6810786,3,0
7003,6810501,4,0
7003,6810502,5,0
7003,6810503,6,0
7003,6810504,7,0
7003,6810505,8,0
7003,6810507,9,0
7003,6810508,10,0
7003,6810811,11,0
7003,6810510,12,0
7003,6810511,13,0
7003,6810929,14,0
7003,6810512,15,1
7004,6810512,1,0
7004,6810513,2,0
7004,6810514,3,0
7004,6810515,4,0
7004,6810516,5,0
7004,6810518,6,0
7004,6810919,7,0
7004,6810920,8,0
7004,6810520,9,0
7004,6810521,10,0
7004,6810522,11,0
7004,6810523,12,0
7004,6810808,13,0
7004,6810786,14,0
7004,6810390,15,0
7004,6810391,16,0
7004,6810785,17,1
7103,6810841,1,0
7103,6810532,2,0
7103,6810533,3,0
7103,6810907,4,0
7103,6810535,5,0
7103,6810536,6,0
7103,6810537,7,0
7103,6810538,8,0
7103,6810908,9,0
7103,6810338,10,0
7103,6810339,11,0
7103,6810909,12,0
7103,6810808,13,0
7103,6810786,14,0
7103,6810390,15,0
7103,6810391,16,0
7103,6810785,17,1
7104,6810785,1,0
7104,6810213,2,0
7104,6810214,3,0
7104,6810215,4,0
7104,6810524,5,0
7104,6810525,6,0
7104,6810526,7,0
7104,6810527,8,0
7104,6810528,9,0
7104,6810529,10,0
7104,6810910,11,0
7104,6810840,12,0
7104,6810841,13,1
8003,6810552,1,0
8003,6810553,2,0
8003,6810554,3,0
8003,6810555,4,0
8003,6810556,5,0
8003,6810557,6,0
8003,6810558,7,0
8003,6810559,8,0
8003,6810561,9,0
8003,6810560,10,0
8003,6810562,11,0
8003,6810543,12,0
8003,6810563,13,0
8003,6810564,14,0
8003,6810565,15,0
8003,6810541,16,0
8003,6810566,17,0
8003,6810463,18,0
8003,6810464,19,0
8003,6810413,20,1
8004,6810413,1,0
8004,6810414,2,0
8004,6810442,3,0
8004,6810441,4,0
8004,6810235,5,0
8004,6810540,6,0
8004,6810542,7,0
8004,6810544,8,0
8004,6810545,9,0
8004,6810546,10,0
8004,6810547,11,0
8004,6810548,12,0
8004,6810549,13,0
8004,6810550,14,0
8004,6810551,15,0
8004,6810552,16,1
8103,6810588,1,0
8103,6810589,2,0
8103,6810590,3,0
8103,6810591,4,0
8103,6810592,5,0
8103,6810593,6,0
8103,6810816,7,0
8103,6810817,8,0
8103,6810594,9,0
8103,6810595,10,0
8103,6810596,11,0
8103,6810597,12,0
8103,6810598,13,0
8103,6810599,14,0
8103,6810600,15,0
8103,6810601,16,0
8103,6810602,17,0
8103,6810568,18,0
8103,6810569,19,0
8103,6810570,20,0
8103,6810603,21,0
8103,6810571,22,0
8103,6810604,23,0
8103,6810605,24,0
8103,6810495,25,0
8103,6810496,26,0
8103,6810497,27,0
8103,6810498,28,0
8103,6810499,29,0
8103,6810606,30,0
8103,6810500,31,0
8103,6810463,32,0
8103,6810464,33,0
8103,6810413,34,1
8104,6810413,1,0
8104,6810414,2,0
8104,6810442,3,0
8104,6810441,4,0
8104,6810235,5,0
8104,6810267,6,0
8104,6810268,7,0
8104,6810465,8,0
8104,6810466,9,0
8104,6810467,10,0
8104,6810468,11,0
8104,6810469,12,0
8104,6810604,13,0
8104,6810605,14,0
8104,6810567,15,0
8104,6810568,16,0
8104,6810569,17,0
8104,6810570,18,0
8104,6810603,19,0
8104,6810571,20,0
8104,6810572,21,0
8104,6810573,22,0
8104,6810574,23,0
8104,6810576,24,0
8104,6810577,25,0
8104,6810578,26,0
8104,6810579,27,0
8104,6810580,28,0
8104,6810581,29,0
8104,6810582,30,0
8104,6810583,31,0
8104,6810584,32,0
8104,6810585,33,0
8104,6810587,34,0
8104,6810813,35,0
8104,6810814,36,1
9301,6810200,1,0
9301,6810607,2,0
9301,6810610,3,0
9301,6810612,4,0
9301,6810613,5,0
9301,6810614,6,0
9301,6810615,7,0
9301,6810842,8,0
9301,6810641,9,1
9302,6810641,1,0
9302,6810941,2,0
9302,6810942,3,0
9302,6810943,4,0
9302,6810944,5,0
9302,6810945,6,0
9302,6810656,7,0
9302,6810657,8,0
9302,6810880,9,0
9302,6810847,10,0
9302,6810848,11,0
9302,6810849,12,0
9302,6810850,13,0
9302,6810851,14,0
9302,6810930,15,0
9302,6810634,16,0
9302,6810200,17,1
9401,6810200,1,0
9401,6810607,2,0
9401,6810608,3,0
9401,6810609,4,0
9401,6810863,5,0
9401,6810864,6,0
9401,6810865,7,0
9401,6810866,8,0
9401,6810867,9,0
9401,6810868,10,0
9401,6810869,11,0
9401,6810870,12,0
9401,6810871,13,0
9401,6810872,14,0
9401,6810873,15,0
9401,6810874,16,0
9401,6810875,17,0
9401,6810876,18,0
9401,6810931,19,0
9401,6810932,20,0
9401,6810933,21,0
9401,6810934,22,0
9401,6810935,23,1
9402,6810935,1,0
9402,6810936,2,0
9402,6810937,3,0
9402,6810938,4,0
9402,6810623,5,0
9402,6810624,6,0
9402,6810625,7,0
9402,6810626,8,0
9402,6810627,9,0
9402,6810628,10,0
9402,6810629,11,0
9402,6810630,12,0
9402,6810631,13,0
9402,6810632,14,0
9402,6810633,15,0
9402,6810634,16,0
9402,6810200,17,1
9503,6810672,1,0
9503,6810681,2,0
9503,6810682,3,0
9503,6810683,4,0
9503,6810853,5,0
9503,6810854,6,0
9503,6810855,7,0
9503,6810856,8,0
9503,6810857,9,0
9503,6810858,10,0
9503,6810859,11,0
9503,6810860,12,0
9503,6810862,13,0
9503,6810861,14,0
9503,6810691,15,0
9503,6810896,16,0
9503,6810631,17,0
9503,6810632,18,0
9503,6810633,19,0
9503,6810634,20,0
9503,6810200,21,1
9504,6810200,1,0
9504,6810607,2,0
9504,6810608,3,0
9504,6810661,4,0
9504,6810895,5,0
9504,6810662,6,0
9504,6810663,7,0
9504,6810664,8,0
9504,6810665,9,0
9504,6810666,10,0
9504,6810667,11,0
9504,6810668,12,0
9504,6810669,13,0
9504,6810670,14,0
9504,6810671,15,0
9504,6810672,16,1
206403,6810413,1,0
206403,6810414,2,0
206403,6810442,3,0
206403,6810760,4,0
206403,6810756,5,0
206403,6810754,6,0
206403,6810752,7,0
206403,6810751,8,0
206403,6810749,9,0
206403,6810748,10,0
206403,6810747,11,0
206403,6810293,12,0
206403,6810294,13,0
206403,6810295,14,0
206403,6810744,15,0
206403,6810742,16,0
206403,6810740,17,0
206403,6810738,18,0
206403,6810737,19,0
206403,6810401,20,1
206404,6810401,1,0
206404,6810736,2,0
206404,6810735,3,0
206404,6810732,4,0
206404,6810731,5,0
206404,6810730,6,0
206404,6810729,7,0
206404,6810728,8,0
206404,6810727,9,0
206404,6810726,10,0
206404,6810725,11,0
206404,6810724,12,0
206404,6810723,13,0
206404,6810722,14,0
206404,6810721,15,0
206404,6810464,16,0
206404,6810413,17,1
9900000,6810324,1,0
9900000,6810787,2,0
9900000,6810788,3,1
